0 1
1 1
2 4
3 17
4 120
5 1169
6 13980
7 195649
8 3130288
9 56345057
10 1126900980
11 24791821361
12 595003712424
13 15470096522737
14 433162702636300
15 12994881079088609
16 415836194530835040
17 14138430614048390849
18 508983502105742069988
19 19341373080018198658897
20 773654923200727946355160
21 32493506774430573746915921
22 1429714298074945244864299644
23 65766857711447481263757782657
24 3156809170149479100660373566480
25 157840458507473955033018678322849
26 8207703842388645661716971272786900
27 443216007488986865732716448730491249
28 24820096419383264481032121128907508488
29 1439565592324229339899863025476635490737
30 86373935539453760393991781528598129442540
31 5355184003446133144427490454773084025435681
32 342731776220552521243359389105477377627881664
33 22620297230556466402061719680961506923440187777
34 1538180211677839715340196938305382470793932766660
35 107672614817448780073813785681376772955575293663889
36 7752428266856312165314592569059127652801421143797560
37 573679691747367100233279850110375446307305164641016849
38 43599656572799899617729268608388533919355192512717277788
39 3400773212678392170182882951454305645709705015991947664577
40 272061857014271373614630636116344451656776401279355813163120
41 22309072275170252636399712161540245035855664904907176679372641
42 1873962071114301221457575821569380583011875852012202841067298484
43 161160738115829905045351520654966730139021323273049444331787666097
44 14182144954193031643990933817637072252233876448028351101197314612840
45 1276393045877372847959184043587336502701048880322551599107758315151729
46 117428160220718302012244932010034958248496496989674747117913764993955020
47 11038247060747520389151023608943286075358670717029426229083893909431767649
48 1059671717831761957358498266458555463234432388834824917992053815305449689888
49 103847828347512671821132830112938435396974374105812841963221273899934069604417
50 10384782834751267182113283011293843539697437410581284196322127389993406960436900
51 1059247849144629252575554867151972041049138615879290988024856993779327509964558801
52 110161776311041442267857706183805092269110416051446262754585127353050061036314110104
53 11677148288970392880392916855483339780525704101453303851986023499423306469849295665617
54 1261132015208802431082435020392200696296776042956956816014490537937717098743723931881020
55 138724521672968267419067852243142076592645364725265249761593959173148880861809632506906369
56 15537146427372445950935599451231912578376280849229707973298523427392674656522678840773507280
57 1771234692720458838406658337440438033934896016812186708956031670722764910843585387848179823649
58 205463224355573225255172367143090811936447937950213658238899673803840729657855904990388859536788
59 24244660473957640580110339322884715808500856678125211672190161508853206099626996788865885425334257
60 2909359256874916869613240718746165897020102801375025400662819381062384731955239614663906251040103880
61 354941829338739858092815367687032239436452541767753098880863964489610937298539232988996562626892666161
62 44012786838003742403509105593191997690120115179201384261227131596711756225018864890635573765734690596524
63 5545611141588471542842147304742191708955134512579374416914618581185681284352376976220082294482571015154337
64 709838226123324357483794855007000538746257217610159925365071178391767204397104252956170533693769089939747200
65 92278969396032166472893331150910070037013438289320790297459253190929736571623552884302169380189981692167127809
66 12180823960276245974421919711920129244885773854190344319264621421202725227454308980727886358185077583366060862340
67 1632230410677016960572537241397297318814693696461506138781459270441165180478877403417536771996800396171052155544849
68 221983335852074306637865064830032435358798342718764834874278460779998464545127326864785000991564853879263093154090488
69 30633700347586254316025378946544476079514171295189547212650427587639788107227571107340330136835949835338306855264478097
70 4288718048662075604243553052516226651131983981326536609771059862269570335011859955027646219157032976947362959737026924060
71 608997962910014735802584533457304184460741725348368198587490500442278987571684113613925763120298682726525540282657823206721
72 87695706659042121955572172817851802562346808450165020596598632063688174210322512360405309889323010312619677800702726541757744
73 12803573172220149805513537231406363174102634033724093007103400281298473434707086804619175243841159505642472958902598075096620257
74 1894928829488582171216003510248141749767189836991165765051303241632174068336648847083637936088491606835085997917584515114299787380
75 284239324423287325682400526537221262465078475548674864757695486244826110250497327062545690413273741025262899687637677267144968096049
76 43204377312339673503724880033657631894691928283398579443169713909213568758075593713506944942817608635839960752520926944606035150588200
77 6653474106100309719573631525183275311782556955643381234248135942018889588743641431880069521193911729919353955888222749469329413190571249
78 1037941960551648316253486517928590948638078885080367472542709206954946775844008063373290845306250229867419217118562748917215388457729102988
79 163994829767160433968050869832717369884816463842698060661748054698881590583353274012979953558387536319052236304732914328920031376321198259937
80 26239172762745669434888139173234779181570634214831689705879688751821054493336523842076792569342005811048357808757266292627205020211391721577440
81 4250745987564798448451878546064034227414442742802733732352509577795010827920516862416440396233404941389833965018677139405607213274245458895532481
82 697122341960626945546108081554501613295968609819648332105811570758381775778964765436296224982278410387932770263063050862519582976976255258867313764
83 115722308765464072960653941538047267807130789230061623129564720745891374779308151062425173347058216124396839863668466443178250774178058372971974071377
84 19441347872597964257389862178391940991597972590650352685766873085309750962923769378487429122305780308898669097096302362453946130061913806659291643977560
85 3305029138341653923756276570326629968571655340410559956580368424502657663697040794342862950791982652512773746506371401617170842110525347132079579476171089
86 568465011794764474886079570096180354594324718550616312531823369014457118155891016626972427536221016232197084399095881078153384843010359706717687669901412860
87 98912912052289018630177845196735381699412501027807238380537266208515538559125036893093202391302456824402292685442683307598688962683802588968877654562845822849
88 17408672521202867278911300754625427179096600180894073954974558852698734786406006493184403620869232401094803512637912262137369257432349255658522467203060864806288
89 3098743708774110375646211534323326037879194832199145163985471475780374791980269155786823844514723367394875025249548382660451727822958167507216999162144833935503777
90 557773867579339867616318076178198686818255069795846129517384865640467462556448448041628292012650206131077504544918708878881311008132470151299059849186070108390664020
91 101514843899439855906169889864432161000922422702843995572164045546565078185273617543576349146302337515856105827175205015956398603480109567536428892551864759727100835441
92 18678731277496933486735259735055517624169725777323295185278184380567974386090345628018048242919630102917523472200237722935977343040340160426702916229543115789786553704584
93 3474244017614429628532758310720326278095568994582132904461742294785643235812804286811356973183051199142659365829244216466091785805503269839366742418695019536900298989035697
94 653157875311512770164158562415421340281966970981440986038807551419700928332807205920535110958413625438819960775897912695625255731434614729800947574714663672937256209938693740
95 124099996309187426331190126858930054653573724486473787347373434769743176383233369124901671082098588833375792547420603412168798588972576798662180039195786097858078679888351792929
96 23827199291363985855588504356914570493486155101402967170695699475790689865580806871981120847762929056008152169104755855136409329082734745343138567525590930788751106538563544224320
97 4622476662524613255984169845241426675736314089672175631114965698303393833922676533164337444466008236865581520806322635896463409842050540596568882099964640573017714668481327579499649
98 906005425854824198172897289667319628444317561575746423698533276867465191448844600500210139115337614425653978078039236635706828329041905956927500891593069552311472075022340205581912388
99 179389074319255191238233663354129286431974877191997791892309588819758107906871230899041607544836847656279487659451768853869952009150297379471645176535427771357671470854423360705218633617
100 35877814863851038247646732670825857286394975438399558378461917763951621581374246179808321508967369531255897531890353770773990401830059475894329035307085554271534294170884672141043726703800
101 7247318602497909726024639999506823171851785038556710792449307388318227559437597728321280944811408645313691301441851461696346061169672014130654465132031281962849927422518703772490832794147601
102 1478452994909573584109026559899391927057764147865569001659658707216918422125269936577541312741527363643993025494137698186054596478613090882653510886934381520421385194193815569588129890006090204
103 304561316951372158326459471339274736973899414460307214341889693686685194957805606934973510424754636910662563251792365826327246874594296721826623242708482593206805350003926007335154757341254561217
104 63348753925885408931903570038569145290571078207743900583113056286830520551223566242474490168348964477417813156372812091876067349915613718139937634483364379387015512800816609525712189526980948711920
105 13303238324435935875699749708099520511019926423626219122453741820234409315756948910919642935353282540257740762838290539293974143482278880809386903241506519671273257688171488000399559800665999229481569
106 2820286524780418405648346938117098348336224401808758453960193265889694774940473169114964302294895898534641041721717594330322518418243122731590023487199382170309930629892355456084706677741191836650070580
107 603541316303009538808746244757059046543952021987074309147481358900394681837261258190602360691107722286413182928447565186689018941504028264560265026260667784446325154796964067602127229036615053043115081649
108 130364924321450060382689188867524754053493636749208050775855973522485251276848431769170109909279268013865247512544674080324828091364870105145017245672304241440406233436144238602059481471908851457312857613288
109 28419553502076113163426243173120396383661612811327355069136602227901784778352958125679083960222880427022623957734738949510812523917541682921613759556562324634008558889079444015248966960876129617694202959673457
110 6252301770456744895953773498086487204405554818492018115210052490138392651237650787649398471249033693944977270701642568892378755261859170242755027102443711419481882955597477683354772731392748515892724651128136780
111 1388010993041397366901737716575200159378033169705228021576631652810723168574758474858166460617285480055784954095764650294108083668132735793891616016742503935124978016142640045704759546369190170528184872550446340961
112 310914462441273010185989248512844835700679430013971076833165490229601989760745898368229287178271947532495829717451281665880210741661732817831721987750320881467995075615951370237866138386698598198313411451299980350624
113 70266668511727700302033570163902932868353551183157463364295400791890049685928573031219818902289460142344057516143989656488927627615551616829969169231572519211766887089205009673757747275393883192818830987993795559215937
114 16020800420673915668863653997369868693984609669759901647059351380550931328391714651118118709721996912454445113680829641679475499096345768637232970584798534380282850256338742205616766378789805367962693465262585387501208100
115 3684784096755000603838640419395069799616460224044777378823650817526714205530094369757167303236059289864522376146590817586279364792159526786563583234503662907465055558957910707291856267121655234631419497010394639125277837009
116 854869910447160140090564577299656193511018771978388351887086989666197695682981893783662814350765755248569191266009069680016812631781010214482751310404849794531892889678235284091710653972224014434489323306411556277064458159640
117 200039559044635472781192111088119549281578392642942874341578355581890260789817763145377098558079186728165190756246122305123934155836756390188963806634734851920462936184707056477460293029500419377670501653700304168833083209328849
118 47209335934533971576361338216796213630452500663734518344612491917326101546396992102308995259706688067846985018474084864009248460777474508084595458365797425053229252939590865328680629154962098973130238390273271783844607637401580988
119 11235821952419085235173998495597498844047695157968815366017773076323612168042484120349540871810191760147582434396832197634201133665038932924133719091059787162668562199622625948225989738880979555604996736885038684555016617701576247297
120 2696597268580580456441759638943399722571446837912515687844265538317666920330196188883889809234446022435419784255239727432208272079609343901792092581854348919040454927909430227574237537331435093345199216852409284293203988248378299322960
121 652576538996500470458905832624302732862290134774828796458312260272875394719907477709901333834735937429371587789768014038594401843265461224233686404808752438407790092554082115072965484034207292589538210478283046798955365156107548436127521
122 159228675515146114791973023160329866818398792885058226335828191506581596311657424561215925455675568732766667420703395425417034049756772538713019482773335594971500782583196036077803578104346579391847323356701063418945109098090241818415085844
123 39170254176725944238825363697441147237326103049724323678613735110619072692667726442059117662096189908260600185493035274652590376240166044523402792762240556362989192515466224875139680213669258530394441545748461601060496838130199487330111087857
124 9714223035828034171228690196965404514856873556331632272296206307433530027781596157630661180199855097248628846002272748113842413307561179041803892605035657978021319743835623769034640692989976115537821503345618477063003215856289472857867549758280
125 2428555758957008542807172549241351128714218389082908068074051576858382506945399039407665295049963774312157211500568187028460603326890294760450973151258914494505329935958905942258660173247494028884455375836404619265750803964072368214466887439539249
126 611996051257166152787407482408820484435983034048892833154660997368312391750240557930731654352590871126663617298143183131172072038376354279633645234117246452615343143861644297449182363658368495278882754710773964054969202598946236790045655634763859500
127 155446997019320202808001500531840403046739690648418779621283893331551347504561101714405840205558081266172558793728368515317706297747593987026945889465780598964297158540857651552092320369225597800836219696536586869962177460132344144671596531230020281249
128 39794431236945971918848384136151143179965360805995207583048676692877144961167642038887895092622868804140175051194462339921332812223384060678898147703239833334860072586459558797335634014521753037014072242313366238710317429793880101035928711994885191967488
129 10266963259132060755062883107126994940431063087946763556426558586762303399981251646033076933896700151468165163208171283699703865553633087655155722107435877000393898727306566169712593575746612283549630638516848489587261896886821066067269607694680379527579137
130 2669410447374335796316349607853018684512076402866158524670905232558198883995125427968600002813142039381722942434124533761923005043944602790340487747933328020102413669099707204125274329694119193722903966014380607292688093190573477177490098000616898677170542340
131 699385537212075978634883597257490895342164017550933533463777170930248107606722862127773200737043214318011410917740627845623827321513485931069207789958531941266832381304123287480821874379859228755400839095767719110684280415930251020502405676161627453418682059281
132 184637781823988058359609269675977596370331300633446452834437173125585500408174835601732124994579408579955012482283525751244690412879560285802270856549052432494443748664288547894936974836282836391425821521282677845220650029805586269412635098506669647702532063615864
133 49113649965180823523656065733810040634508125968496756453960288051405743108574506270060745248558122682268033320287417849831087649825963036023404047842047947043522037144700753740053235306451234480119268524661192306828692907928285947663760936202774126288873528921784977
134 13162458190668460704339825616661090890048177759557130729661357197776739153097967680376279726613576878847832929837027983754731490153358093654272284821668849807663905954779802002334267062128930840671963964609199538230089699324780633973887930902343465845418105751038338460
135 3553863711480484390171752916498494540313007995080425297008566443399719571336451273701595526185665757288914891055997555613777502341406685286653516901850589448069254607790546540630252106774811326981430270444483875322124218817690771172949741343632735778262888552780351348289
136 966650929522691754126716793287590514965138174661875680786330072604723723403514746446833983122501085982584850367231335126947480636862618397969756597303360329874837253319028659051428573042748680938949033560899614087617787518411889759042329645468104131687505686356255566698160
137 264862354689217540630720401360799801100447859857353936535454439893694300212563040526432511375565297559228249000621385824783609694500357441043713307661120730385705407409413852580091429013713138577272035195686494260007273780044857793977598322858260532082376558061614025275258849
138 73102009894224041214078830775580745103723609320629686483785425410659626858667399185295373139656022126346996724171502487640276275682098653728064872914469321586454692444998223312105234407784826247327081714009472415762007563292380751137817137108879906854735930025005470975971404788
139 20322358750594283457513914955611447138835163391135052842492348264163376266709536973512113732824374151124465089319677691563996804639623425736402034670222471401034404499709506080765255165364181696756928716494633331581838102595281848816313164116268614105616588546951520931320050492977
140 5690260450166399368103896187571205198873845749517814795897857513965745354678670352583391845190824762314850225009509753637919105299094559206192569707662291992289633259918661702614271446301970875091940040618497332842914668726678917668567685952555211949572644793146425860769614137994920
141 1604653446946924621805298724895079866082424501364023772443195818938340190019385039428516500343812582972787763452681750525893187694344665696146304657560766341825676579297062600137224547857155786775927091454416247861701936580923454782536087438620569769779485831667292092737031186914528241
142 455721578932926592592704837870202681967408558387382751373867612578488613965505351197698686097642773564271724820561617149353665305193885057705550522747257641078492148520365778438971771591432243444363293973054214392723349988982261158240248832568241814617373976193510954337316857083725980684
143 130336371574817005481513583630877967042678847698791466892926137197447743594134530442541824223925833239381713298680622504715148277285451126503787449505715685348448754476824612633545926675149621625087902076293505316318878096848926691256711166114517158980568957191344132940472621125945630435297
144 37536875013547297578675912085692854508291508137251942465162727512864950155110744767452045376490639972941933430020019281357962703858209924433090785457646117380353241289325488438461226882443091028025315797972529531099836891892490887081932815840980941786403859671107110286856114884272341565324640
145 10885693753928716297816014504850927807404537359803063314897190978730835544982115982561093159182285592153160694705805591593809184118880878085596327782717374040302439973904391647153755795908496398127341581412033564018952698648822357253760516593884473118057119304621061983188273316438979053944104129
146 3178622576147185158962276235416470919762124909062494487949979765789403979134777866907839202481227392908722922854095232745392281762713216400994127712553473219768312472380082360968896692405280948253183741772313800693534188005456128318098070845414266150472678836949350099090975808400181883751678363620
147 934515037387272436734909213212442450410064723264373379457294051142084769865624692870904725529480853515164539319103998427145330838237685621892273547490721126611883866879744214124855627567152598786436020081060257403899051273604101725520832828551794248238967578063108929132746887669653473822993438861649
148 276616451066632641273533127110882965321379158086254520319359039138057091880224909089787798756726332640488703638454783534435017928118354944080112970057253453477117624596404287380957265759877169240785061943993836191554119176986814110754166517251331097478734403106680243023293078750217428251606057903004888
149 82431702417856527099512871879043123665770989109703847055168993663141013380307022908756764029504447126865633684259525493261635342579269773335873665077061529136181052129728477639525265196443396433753948459310163185083127514742070605004741622140896667048662852125790712420941337467564793618978605255095412817
150 24729510725356958129853861563712937099731296732911154116550698098942304014092106872627029208851334138059690105277857647978490602773780932000762099523118458740854315638918543291857579558933018930126184537793048955524938254422621181501422486642269000114598855637737213726282401240269438085693581576528623800700
151 7468312239057801355215866192241307004118851613339168543198310825880575812255816275533362821073102909694026411793913009689504162037681841464230154055981774539738003322953400074140989026797771716898107730413500784568531352835631596813429590965965238034608854402596638545337285174561370301879461636111644387766401
152 2270366920673571611985623322441357329252130890455107237132286491067695046925768147762142297606223284546984029185349554945609265259455279805125966833018459460080353010177833622538860664146522601937024750045704238508833531262032005431282595653653432362521091738389378117782534693066656571771356337377939893880940304
153 694732277726112913267600736667055342751152052479262814562479666266714684359285053215215543067504325071377112930716963813356435169393315620368545850903648594784588021114417088496891363228835916192729573513985496983703060566181793661972474270017950302931454071947149704041455616078396910962035039237649607527567686817
154 213977541539642777286421026893453045567354832163612946885243737210148122782659796390286387264791332121984150782660824854513782032173141211073512122078323767193653110503240463257042539874481462187360708642307533070980542654383992447887522075165528693302887854159722108844768329752146248576306792085196079118490847492820
155 66333037877289260958790518336970444125879997970720013534425558535145918062624536880988780052085312957815086742624855704899272429973673775432788757844280367830032464256004543609683187361089253278081819679115335252003968222859037658845131843301313894923895234789513853741878182223165337058655105546410784526732162722726769
156 20695907817714249419142641721134778567274559366864644222740774262965526435538855506868499376250617642838307063698954979928572998151786217935030092447415474762970128847873417606221154456659847022761527739883984598625238085532019749559681135110009935216255313254328322367465992853627585162300392930480164772340434769490703880
157 6498515054762274317610789500436320470124211641195498285940603118571175300759200629156708804142693939851228418001471863697571921419660872431599449028488459075572620458232253128353442499391191965147119710323571163968324758857054201361739876424543119657904168361859093223384321756039061740962323380170771738514896517620080969649
158 2053530757304878684365009482137877268559250878617777458357230585468491395039907398813519982109091284992988180088465108928432727168612835688385425893002353067880948064801391988559687829807616660986489828462248487813990623798829127630309800950155625811897717202347473458589445674908343510144094188133963869370707299567945586359788
159 653022780822951421628073015319844971401841779400453231757599326178980263622690552822699354310691028627770241268131904639241607239618881748906565433974748275586141484606842652361980729878822098193703765450995019124849018368027662586438516702149489008183474070346496559831443724620853236225821951826600510459884921262606696462362657
160 208967289863344454920983364902350390848589369408145034162431784377273684359260976903263793379421129160886477205802209484557314316678042159650100938871919448187565275074189648755833833561223071421985204944318406119951685877768852027660325344687836482618711702510878899146061991878673035592263024584512163347163174804034142867955999680
161 67287467335996914484556643498556825853245776949422701000303034569482126363682034562850941468173603589805445660268311454027455209970329575407332502316758062316396018573889066899378494406713828997879235992070526770624442852641570352906624760989483347403225168208503005525031961384932717460708693916212916597786542286898994003481831845761
162 21801139416863000292996352493532411576451631731612955124098183200512208941832979198363705035688247563096964393926932911104895488030386782431975730750629612190512310017940057675398632187775280595312872461430850673682319484255868794341746422560592604558644954499554973790110355488718200457269616828852984977682839700955274057128113517974724
163 7107171449897338095516810912891566173923231944505823370456007723366980115037551218666567841634368705569610392420180129020195929097906091072824088224705253574107013065848458802179954093214741474071996422426457319620436151867413226955409333754753189086118255166854921455575975889322133349069895086206073102724605742511419342623765006859707537
164 2331152235566326895329513979428433705046820077797910065509570533264369477732316799722634252056072935426832208713819082318624264744113197871886300937703323172307100285598294487115024942574435203495614826555878000835503057812511538441374261471559046020246787694728414237428920091697659738494925588275591977693670683543745544380594922249984019000
165 769280237736887875458739613211383122665450625673310321618158275977241927651664543908469303178504068690854628875560297165146007365557355297722479309442096646861343094247437180747958231049563617153552892763439740275716009078128807685653506285614485186681439939260376698351543630260227713703325444130945352638911325569436029645596324342494726216209
166 255401038928646774652301551586179196724929607723539026777228547624444319980352628577611808655263350805363736786686018658828474445365041958843863130734776086757965907290149144008322132708455120894979560397461993771537715013938764151636964086824009081978238059834445063852712485246395600949504047451473857076118560089052761842337979681708249103726940
167 85303947002168022733868718229783851706126488979662034943594334906564402873437777944922344090857959168991488086753130232048710464751924014253850285665415212977160613034909814098779592324624010378923173172752305919693596814655547226646746004999219033380731511984704651326805970072296130717134351848792268263423599069743622455340885213690555200644742849
168 28662126192728455638579889325207374173258500297166443741047696528605639365475093389493907614528274280781139997149051757968366716156646468789293695983579511560325965979729697537189943021073667487318186186044774789017048529724263868153306657679737595215925788026860762845806805944291499920957142221194202136510329287433857144994537431800026547416633541488
169 9687798653142218005840002591920092470561373100442257984474121426668706105530581565648940773710556706904025319036379494193307950060946506450781269242449874907390176501148637767570200741122899610713546930883133878687762403046801187435817650295751307182982916353078937841882700409170526973283514070763640322140491299152643715008153651948408973026822136966497
170 3293851542068354121985600881252831439990866854150367714721201285067360075880397732320639863061589280347368608472369028025724703020721812193265631542432957468512660010390536840973868251981785867642605956500265518753839217035912403728178001100555444442214191560046838866240118139117979170916394784059637709527767041711898863102772241662459050829119526568551860
171 1126497227387377109719075501388468352476876464119425758434650839493037145951096024453658833167063533878800064097550207584797848433086859770096845987512071454231329723553563599613062942177770766733771237123090807413813012226282042075036876376389961999237253513536018892254120403578348876453407016148396096658496328265469411181148106648560995383558878086444678321
172 387515046221257725743361972477633113252045503657082460901519888785604778207177032412058638609469855654307222049557271409170459860981879760913315019704152580255577424902425878266893652109153143756417305570343237750351676205841022473812685473478146927737615208656390498935417418830952013499972013555048257250522736923321477446314948687104982411944254061736969283944
173 134080205992555173107203242477261057185207744265350531471925881519819253259683253214572288958876570056390298829146815907572979111899730397276006996817636792768429789016239353880345203629766987739720387727338760261621679967220993775939189173823438836997214862195111112631654426915509396670990316690046697008680866975469231196424972245738323914532711905360991372185457
174 46659911685409200241306728382086847900452295004341984952230206768897100134369772118671156557689046379623823992543091935835396730941106178252050434892537603883413566577651295150360130863158911733422694929113888571044344628592905834026837832490556715275030772043898667195815740566597270041504630208136250559020941707463292456355890341516936722257383743065624997520479180
175 16330969089893220084457354933730396765158303251519694733280572369113985047029420241534904795191166232868338397390082177542388855829387162388217652212388161359194748302177953302626045802105619106697943225189860999865520620007517041909393241371694850346260770215364533518535509198309044514526620572847687695657329597612152359724561619530927852790084310072968749132167652449
176 5748501119642413469728988936673099661335722744534932546114761473928122736554355925020286487907290513969655115881308926494920877251944281160652613578760632798436551402366639562524368122341177925557676015266831071952663258242645998752106420962836587321883791115808315798524499237804783669113370441642386068871380018359477630623045690074886604182109677145684999694523013600800
177 2034969396353414368284062083582277280112845851565366121324625561770555448740241997457181416719180841945257911021983359979201990547188275530871025206881264010646539196437790405133626315308776985647417309404458199471242793417896683558245673020844151911946862054996143792677672730182893418866133136341404668380468526499255081240558174286509857880466825709572489891861146814621249
178 724449105101815515109126101755290711720173123157270339191566699990317739751526151094756584352028379732511816323826076152595908634799026088990084973649729987790167953931853384227570968249924606890480562147987119011762434456771219346735459595420518080653082891578627190193251491945110057116343396537540061943446795433734808921638710045997509405446189952607806401502568266005101988
179 259352779626449954409067144428394074795821978090302781430580878596533750831046362091922857198026159944239230243929735262629335291258051339858450420566603335628880127507603511553470406633473009266792041248979388606210951535524096526131294535160545472873803675185148534089184034116349400447650935960439342175753952765277061593946658196467108367149736003033594691737919439229826448337
180 93367000665521983587264171994221866926495912112509001315009116294752150299176690353092228591289417579926122887814704694546560704852898482349042151403977200826396845902737264159249346388050283336045134849632579898235942552788674749407266032657796370234569323066653472272106252281885784161154336945758163183271422995499742173820796950728159012173904961092094089025650998122737521337240
181 33798854240918958058589630261908315827391520184728258476033300098700278408301961907819386750046769163933256485388923099425854975156749250610353258808239746699155658216790889625648263392474202567648338815566993923161411204109500259285430303822122286024914094950128556962502463326042653866337869974364455072344255124370906666923128496163593562406953595915338060227285661320430982724016081
182 12302782943694500733326625415334626961170513347241086085276121235926901340621914134446256777017023975671705360681568008191011210957056727222168586206199267798492659590911883823735967874860609734623995328866385788030753678295858094379896630591252512113068730561846794734350896650679526007346984670668661646333308865271010026760018772603548056716131108913183053922731980720636877711541787964
183 4502818557392187268397544902012473467788407885090237507211060372349245890667620573207329980388230775095844162009453890997910103210282762163313702551468932014248313410273749479487364242198983162872382290365097198419255846256284062543042166796398419433383155385635926872772428174148706518688996389464730162557991044689189669794166870772898588758103985862224997735719904943753097242424294328577
184 1657037229120324914770296523940590236146134101713207402653670217024522487765684370940297432782868925235270651619479031887230917981384056476099442538940566981243379334980739808451350041129225803937036682854355769018286151422312535015839517381074618351485001181914021089180253568086723998877550671323020699821340704445621798484253408444426680662982266797298799166744925019301139785212140312849360
185 613103774774520218465009713858018387374069617633886738981857980299073320473303217247910050129661502337050141099207241798275439653112100896156793739408009783060050353942873729126999515217813547456703572656111634536765876026255637955860621430997608790049450437308187802996693820192087879584693748389517658933896060644880065439173761124437871845303438715000555691695622257141421720528491915754195489
186 228074604216121521268983613555182840103153897759805866901251168671255275216068796816222538648234078869382652488905093948958463550957701533370327271059779639298338731666749027235243819661026639653893729028073528047676905881767097319580151172331110469898395562678645862714770101111456691205506074400900569123409334559895384343372639138290888326452879201980206717310771479656608880036598992660560653460
187 85299901976829448954599871469638382198579557762167394221067937083049472930809730009267229454439545497149112030850505136910465368058180373480502399376357585097578685643364136185981188553223963230556254656499499489831162799780894397522976538451835315741999940441813552655324017815684802510859271825936812852155091125400873744421367037720792234093376821540597312274228533391571721133688023255049684324849
188 32072763143287872806929551672584031706665913718574940227121544343226601821984458483484478274869269106928066123599789931478334978389875820428668902165510451996689585801904915205928926896012210174689151750843811808176517212717616293468639178457890078718991977606121895798401830698697485744083086206552241632410314263150728527902434006183017880019109684899264589415109928555230967146266696743898681306073288
189 12123504468162815921019370532236763985119715385621327405851943761739655488710125306757132787900583722418808994720720594098810621831373060122036845018562950854748663433120057947841134366692615446032499361818960863490723506407258958931145609457082449755778967535114076611795892004107649611263406586076747337051098791470975383547120054337180758647223460891922014798911552993877305581288811369193701533695632177
190 4606931697901870049987360802249970314345491846536104414223738629461069085709847616567710459402221814519147417993873825757548036295921762846374001107053921324804492104585622020179631059343193869492349757491205128126474932434758404393835331593691330907196007663343349112482438961560906852280094502709163988079417540758970645747905620648128688285944915138930365623586390137673376120889748320293606582804340155820
191 1759847908598514359095171826459488660079977885376791886233468156454128390741161789528865395491648733146314313673659801439383349865042113407314868422894597946075315983951707611708619064669100058146077607361640358944313424190077710478445096668790088406548874927397159360968291683316266417570996100034900643446337500569926786675699947087585158925230957583071399668210001032591229678179883858352157714631257939451041
192 675781596901829513892545981360443645470711507984688084313651772078385302044606127179084311868793113528184696450685363752723206348176171548408909474391525611292921337837455722896109720832934422328093801226869897834616354888989840823722917120815393948114767972120509194611824006393446304347262502413401847083393600218851886083468779681632701027288687711899417472592640396515032196421075401607228562418403048749126784
193 260851696404106192362522748805131247151694642082089600545069584022256726589217965091126544381354141821879292829964550408551157650396002217685839057115128885959067636405257909037898352241512687018644207273571780564161912987150078557957046008634742063972300437238516549120164066467870273478043325931573112974189929684476828028218948957110222596533433456793175144420759193054802427818535105020390225093503576817162864897
194 101210458204793202636658826536390923894857521127850765011486998600635609916616570455357099219965407026889165618026245558517849168353648860462105554160670007752118242925240068706704560669706922563233952422145850858894822239014230480487333851350279920821252569648544421058623657789533666109480810461450367833985692717577009274948952195358766367454972181235751956035254566905263341993591620747911407336279387805059191505540
195 39472078699869349028296942349192460318994433239861798354479929454247887867480462477589268695786508740486774591030235767821961175657923055580221166122661303023326114740843626795614778661185699799661241444636881834968980673215549887390060202026609169120288502162932324212863226537918129782697516079965643455254420159855033617230091356189918883307439150681943262853749281093052703377500732091685448861148961243973084687085329
196 15473054850348784819092401400883444445045817830025824954956132346065172044052341291214993328748311426270815639683852420986208780857905837787446697120083230785143836978410701703880993235184794321467206646297657679307840423900495555856903599194430794295153092847869471091442384802863906874817426303346532234459732702663173177954195811626448202256516147067321759038669718188476659723980286979940695953570392807637449197337372920
197 6096383611037421218722406151948077111348052225030175032252716144349677785356622468738707371526834701950701362035437853868566259658014900088253998665312792929346671769493816471329111334662808962658079418641277125647289127016795249007620018082605732952290318582060571610028299612328379308678065963518533700377134684849290232113953149780820591689067361944524773061235868966259803931248233070096634205706734766209154983750924853649
198 2414167909970818802614072836171438536093828681111949312772075593162472403001222497620528119124626541972477739366033390131952238824573900434948583471463866000021282020719551322646328088526472349212599449781945741756326494298650918607017527160711870249106966158495986357571206646482038206236514121553339345349345335200318931917125447313204954308870675330031810132249404110638882356774300295758267145459866967418825373565366241967388
199 960838828168385883440400988796232537365343815082555826483286086078664016394486554052970191411601363705046140267681289272516991052180412373109536221642618668008470244246381426413238579233535994986614581013214405219017944730863065605592975809963324359144572531081402570313340245299851206082132620378229059449039443409726934903015928030655571814930528781352660432635262836034275177996171517711790323893027053032692498679015764302942017
200 384335531267354353376160395518493014946137526033022330593314434431465606557794621621188076564640545482018456107072515709006796420872164949243814488657047467203388097698552570565295431693414397994645832405285762087607177892345226242237190323985329743657829012432561028125336098119940482432853048151291623779615777363890773961206371212262228725972211512541064173054105134413710071198468607084716129557210821213076999471606305721176727600
