1 717
2 9747
3 132152
4 1839599
5 25468475
6 355075734
7 4937888557
8 68813532021
9 958037081176
10 13347035945673
11 185880082377841
12 2589283005758406
13 36063771414713729
14 502338630109805537
15 6996850074625505590
16 97458626672034631667
17 1357472875052104630807
18 18908023205282863207242
19 263365379886269995052979
20 3668366149736288972508543
21 51095872894745161657022046
22 711704106004482768909188409
23 9913176125576673538043935867
24 138078592011383461108530145412
25 1923267854240319851143982306361
26 26788799873927542046322276590707
27 373135617202173022488928906666946
28 5197328603133770712270702737613065
29 72392509741707311464847430160567397
30 1008340237764808788863327678968119290
31 14044961668754582525059087577718420007
32 195629354176930117016962263685614993047
33 2724880635277726598161594895567574693232
34 37954296398967729282886502288557511643887
35 528657510578609589029221140262192911061489
36 7363560656444730211340423590759703045828724
37 102565506838289648579113925550706480088182655
38 1428613640418595168725628148379564559054820777
39 19898862650576899936859650775081699086566295982
40 277167124561590015125735147307545477920785864375
41 3860603305946581947515119225213311393538794500877
42 53773541540904829423798451914189801813791862275024
43 749000490503613537606708241892262649705545345241173
44 10432672253036014409877644249706433736503314550458547
45 145314524781316130757373518150194542371144202475280508
46 2024055831559589193824505244537992285566410916219937723
47 28192653249395152950788807026682774504966133842588699455
48 392689611051567885979345758768973681341771916845639711462
49 5469692024499549017123532686003257031364547514447734340277
50 76186204067824449477191797112918964317800425407012643284233
51 1061181811382422283460370222747171752306407337334676722168208
52 14780981026519850627038986583661285724033620823728428300379093
53 205881214475115801462098739561646940700366724266209423479531085
54 2867676671643172683091490460727884906537997904369497482251620906
55 39943272697568580554162786705031657930846756730979171705141404345
56 556361548555669365938467310473284960212114842405378525324127890505
57 7749444444748776876290834244638097990820925607590667067715941057594
58 107940401988868176466428505669652720386758157104725435518044459330355
59 1503479438376193340740677483836109761670138006047056204195000729244931
60 20941652800710514331821488999013677647035000526718895430961173122275430
61 291691931948971054023661720214668199069170949147333214640547882546515007
62 4062916331094768369030203164260322690018300569700211252589184906835164007
63 56591517643910594721216331414718544373144358346144853478922531162196172582
64 788251494309776358817681463174640197344215807309997859133314076837105341765
65 10979391331952611600471129670430613385189878939899963483029801563772331206155
66 152929661269734508870178536326763352106749992072768641065110833328543393022032
67 2130125485919484542615786939217289761897317934766656354382267444076335498543549
68 29670075432657090035429492190659703075194133028326571628504449467184576564163455
69 413268317758081729220797318282304574449884734674657708977568197846922532578062858
70 5756328555693858229286652191475947939643732297913159719449085537156049138496244537
71 80178704771879544901172968211575320567222841049525658155954825662936806919881652577
72 1116792524383855996690522803296139553884132750354437196306492605556569589311016390298
73 15555571096692189590065117097481800438571880638691449446268671929692633016947527193131
74 216670318667959895207375717691530134427684427848585967615494602655059822684433947291259
75 3017955862877841625898600162343634806595897370619276921831977589740375564896988428638844
76 42036480336914697340085276017082556195882758411252925050138170833797061059118720382714671
77 585517402971821340936777512216480499085182819168263179163720696370050293728043461570714689
78 8155550284779826062779741765529006682020929568750577742882099579006815103390169778946148000
79 113596965880061659166875961944529036891006156428319113426669209881617640622428364636968749543
80 1582268541858946684011957778478843329699947601893670864467170012759277270314157182613050517293
81 22039089857380250680296114101034860695511291015737619443849535538464946857257636281143376401874
82 306977904756309874032959583176028744830461180335576196152387460248296394614915286140938968007915
83 4275831471190147548521343838613980010803654467622819265622102748901290864360418016159009468456109
84 59557168404460886056747976001647110747359604507362385835431277491545437323732436576945234929557616
85 829559427740966583257339172471975528620059611879685176242108264669289192857820254705051694676343433
86 11554760956405299584024177109004790924657350768348014447538579734526608514848298752274356132237151211
87 160943865255375233797821901273568046353049653655758787355725562431878953939075308560653599317863722896
88 2241753668558697056380471196639271303581948773976721924539471979358153084607457318130163715335154493671
89 31224921201701630708252125110748549855138405428435768750377692811333657530417534067790947098342232282963
90 434925441509073264351437801842286763916109747314068083757805149357931767359304142605698126934848125225382
91 6057986133894674296959421925741700730262141219857790581814835264500635099935092584238590895617817048283789
92 84380430519594096237014585753175231938076514956198433946445843415518845659429788576707908538463259164951821
93 1175317489558954798152796130031307867361012879506208063531694391159625119935241909625908492015247404750202376
94 16370753180056289327523183804767580452537796520581263400612601178824883371993095152581379316765066601032950481
95 228024820580941378481816677478597470631383085468246080376740014669890304376535464720824827175241893311117176857
96 3176110361514333559748962938151289154163424929750879995857329597211314232788682840299226828597727973044057944238
97 44239381497234482401237891059059079629905946980181942290264510114547338632673969185181573384970796409696020691505
98 616201155656542924486938153190054492833578095907776420965309006039889219374267009544132254679341390136761552043857
99 8582937902425134673303339580934906721419720762550985786094726634476071734517716758249116696560397934490508992487902
100 119549959231083055581436968681155453034915200451144569688299343073679836376866543724073499618127915317846859618948483
101 1665186549714558584290729745455038937390224475917935789908589162889580997043538970792475266379942595176220056810772207
102 23194037565420888314058860437986186304392108482668077749902836628378850119896293415447059483444695112574538738333067202
103 323064931480722949249712764481462269561384150923426998022230533428254373615220549590029927258782620778361319781094496539
104 4499904324904901780317052687804606304192958086758446906685048474147294684467760759880801651407368962154916372189722993503
105 62678232640382050617133619183510376394250094338469581692209448317166752027383708232377463734806406831782104359051919135166
106 873032083188763725850861430564078183810962834437172750343555745894296507730128152936024953970755581233990993417304151113633
107 12160282544180343103145057429851486484012410698086071234290642559259173410906102017115325386573874722990510814617979371076315
108 169378049675093929371918369918413905254196448732383119598995844740503518040653110932383322492323714741376673628000335669252780
109 2359231671427610505742136547979061155164539416418233235100953937635000245279002356215326150430433924273310516723652149982206833
110 32861247901625598292303332826054219820633564573972800392204586729638947247442925095087741348000104011213806633474864628324200779
111 457717496221407743595340572232731019019924040670271226796507068655558733610685457555059783282541097080265389797626860629477690194
112 6375451929712945815011385651536982481180808853060816772958264204261572890468796889620598793634081402159628379155273216980162366185
113 88802345646885644959115695117245891822988547328725022309845232452385741012176873313836680706074131731116603926437184106512667352957
114 1236909426865368881278415649693769754192172870630199718847775072567524152434044364139004827593163252874039395919711280882451514651754
115 17228654481178915526998484393769374205396293393431831031080445841731208286604909341028372140906110202147385165444608450987141566362735
116 239974349604624965078120544035662023291023109907248099514785614113589847904296125849339410537730037816719662035330584898341465996147711
117 3342552869179263885024061602013365059688842228706039321229630176904014030269362314701330194861593426600813019190922564431524159012242712
118 46557724613760975631235815295554141968617771912164214510297272508776067735197956646802551444137734802196595319320856395839768873528742623
119 648492875370149675640886122087324831200906139645915254317634464575519381475216610339975547367902117940961602658616215560449044610754722401
120 9032722558815630023181723468826820238494347632544102440304081371843558873892486968229992026766452453847071484292267507147206192577582578812
121 125814916282567379526936094490196410800835910368973650475250589061890648309425188896594459290047778281325942078154715162417442613390771104527
122 1752449835154129575028614836327531852267815500219977966989195414008169174106627061881241775332328156187110352584525215714800039491518660128289
123 24409509742345690698922768755533719171678055313712663255655538718318486501805073266304497408415900549522389669930776163714417020458550943758758
124 339994990960335195022397614746631877045523642903441700574418273245658475948754107307969501049958992032452846742810122607335325508066789621518143
125 4735719606755603668447424082889534567797776295627383222918976421119734419336750788261930583444140696741507868216149752245997737150653668263678221
126 65962854718720997918521994187780785903984402734212263197617773977165987673676604126098423993240284118079826599432838627918096896340630827043110256
127 918782901850050387101137336649572897567927477550247096111975669990389048439954456387057396566612834317690929511942707288614323703610099424273842525
128 12797536194145591982447782614550068930770161189122397751176537900079593043452526924071408102614384701193122614945881442959847972108597714456003822387
129 178254223397809371469968344462564817208999717425254188369212192154702740094940690471388894732782021638317010662387488828996836459162933585777742957028
130 2482866051489804803490032403079109694544120674161698677905904139817752680644364600776927026922871275809550291455061271985665858821633451430962276252755
131 34583325500697972562872608794945995623576537834972574077141104453789422598668565044565573892600357904261075046655427546538264808755334695299202299594551
132 481703957396163923170687972211656320848504474378591400119426331394428292323288984324036542038490100313342029272590668000910575992252077646264993154173878
133 6709554365049197571383588644222248424772070426491374345700376029928018239471855984291301610821437383981591758078432655190147176422117309782018348214462389
134 93455989070330284853258432205114728678217462100453112442094395142774797827256133026716464938564949586211341370119897050345787778344670581707873158755296865
135 1301729059475271388138859786144095123743376330459447681595306139550601330991999956279179493454616940786689365395847238393951534592946725661275559341216584064
136 18131513679740525917629774844144014758630956478390479590012478571924983944749875849651442937731990334468574396666745411958229055242864973782504243045026790621
137 252550087843270613987271183722819005936869914603751565696982644317018960248238842475670726690175262944040931690001581734165752469086273777480894944610696002325
138 3517717714925853898221293365597505157833105798465361709284683569631424532374671884685826446593642568527840798286342073682542384733239639144651448550437943282354
139 48997559365659490520776382919919707729040224588759865064317391919949186273965568826718795884012322390926758324613031419000474319410017515458343341273078041045801
140 682476826837121309881597490218238486899454699147157423612406415682409722114180969209030753805090418540622986287371103610234594204320500444940516711924508886136409
141 9506077959795475569733734542407417252428359054432877064448104032620731713677445835338394455118541792752708104187648134808351178754532657010307293586917219446917090
142 132408185339420737623681896542299081043868452835405203535323404065747683467902709712736585771494951488029946319066989531603234609893045032005388233123087547181101315
143 1844286110320895613756745477357817768437796953179985171071723124654916376976323869393770330278415041402645385381165922108407389108291623282856402847890819090840004763
144 25688678143298381913098977199879591756059437758170035711902501484229689840142759538517530333770008781273277677122565701268178845454417756159205651851560169987314739838
145 357812261913719892902723734473485011989031898639933085043202921003019539994895453052917987029252346054393797939183641285527348494142445550609830046531866373832126396167
146 4983892672936642663157527854426103660748098772847183834469519225010401647735467256573508069404991694191773074808114860470739853182561400104607334501051706058282240279495
147 69419605808090175565410768985422067907174659070207473267107098822475305169223334902530074766584561657295102925480687265485462334425877366660064025591311657550378087603430
148 966931269752062220508789644438054429450624038678866848232689204972358632263646449440076017575587229876626000362686695046051675353430699359500697420484577972008019587017133
149 13468184809476047707499104847870742831946446573538417434914291893674337588840455918018990590015640245802153920590046488660795821443171865596906119954359397124008184941990507
150 187595548656434895587290126870726194262664763916417956182577292092198491053414627427773111240385753550057356157663985629467524163472532970854854679246577011989039048074435256
151 2612979430676368103825290872510496542730070163144528021158771216636147301026294472445410661790615118808604115577883613478799497786471805718314420661267418654835163778670117845
152 36395647732783208511767637617027964706417491211994134978483855658352126133697706719706612026475414817967347945723285976967669401859880795459402356194543785062994906585193394103
153 506947417318920280449159415623707479840113406273468750128668180473575885419973600476792635265074917128544534108077131721096623581277323838136314122695655815143163043960575790106
154 7061165274847845622089426739669902824954717081936601226669961979376275421108224683855934381130736630620188535982525172051978896782288090943693720694243724120949497274925290280313
155 98353504397774895852451721457851833787564132407109424528051263780603898954778370424983995955266295431378594153387295388652343809851266967856050586438087603114647007167133443453113
156 1369945533179942313309557548212481682775494174530550727159418460651107221446734358870017744969888433193314739720652850186866367820163383848102425679509525940022502569374056505865738
157 19081686772333606508930305964727656787713999459773326444137250807127072975807395925647054881581136267246762478461776241527685063704575526266908355729310654218495612987281243757144947
158 265784851484037350251685853949068543075891386932615971584980143186554471200151484623081862881237217139154396594672074264277868829800195900021813728863077665183068774415943851527632451
159 3702061988608601152054752387961439964461022606948824302467137283297781068283625803429743582351149825050062190913847869675610122354259336521942886379353629810527309157347042644805205828
160 51565252462568539540574923549724612774245025552113619863097986047233062200189288566338082391206856224430085125850381449898897167037086998743687057156028827010300879223315449464391532511
161 718241690633546493430499693378441576212421576919240610482527534043655709283948455577411855594401221668457096051255898645924748958229289360605174830373058068154353549749442996111288050641
162 10004239318688653704462964888597268849252717731924377070119087172208078050254566984470918731448952694907125085681335862141717750477637279277764137475067389156744044002456131547954945756008
163 139346971431459559159344416083951708659317777697405625645436786704786391015643006555685910732408510784861364755686090141402222627026241531536768068442789945975175733484032946999006195580471
164 1940935020501413243967646327637219246160494208025728003890133693414121227408464458342739986847249951197522329172680244362599824088311357186383816420495746145930664115491448706053877779186981
165 27034880737697296087306446865126257200894634001011921142848604125189549363249964772429130208148849230911588166710020967035833770466367968694034021536246151551102201406486843651581958865786346
166 376563238223556037156908249715607400060229065703966293914018924711238559485698195796906539336967610932236115068390292186538451194992165230672413593500316881547572528860903117202834432497901203
167 5245071127082340527061380375578769448679055701331538360403107423156150995622850177716806980314800498055546142004689782340362300656795211195612060677066436209420822821527564144270827554607690221
168 73057506244994545618531513565427262483249185878954229083143029463501955461604428017917498412226092082710696965614988030755006651828269868301596649749389717962835157684333004559099783654647333808
169 1017602829288310446148475185185811994025761829579597719027424478020515379403037445775329857329680718776781015232003217953935701005958342765042600192331464476777978724303426516702910956210887447825
170 14173978436973018016409372861009360537314628399381535059072680729558170892293181481484270969422112370329430805925959081605888003188765771157899474614008735183911994729477956002253124379024356444203
171 197426401489353549121191708774429819137000976596426099294433229614170849099825175736658716563090383135603075642013749165237478830256488712266599183992428998554014804413240588594596175190137343559608
172 2749911337762649606125210105811471788311123952825327409470051170475773331154485493133417686478417356627865325470703596154694051672222976839412304345826978948673387321429716313282903975706845435455903
173 38302943823667654579616421547167519601326396073513927929311958032447782000445897044016549968813715585116591606810673603631689607851733942304769194943142640654381869859828679086210701738020940629479467
174 533513748393319954143426553868178921452467918556499096610581361875117604499692960513650583060434296471267663703823526032385767658399812367456957232316110753304434636616920707963670363945470804529733622
175 7431202182136496349220486128593254164551020605164527258300086810418061399490750702221494863797199835842849339174339143259369724230788141927783702254134239938376828799166496653224063859891339233032500077
176 103507671616886979277048379525131806266135516063747023025409003937794555571972662545638738418872037799854095501035202576130244314151688561938726733462812371760606295810037571717585357750807525373746185189
177 1441736857772996944320253310474931342989128969688109198282552272712540657154334503243912990275346412875563803703886296898585597230983433558300301230002027844749464013818665621902190290286444385553962116600
178 20081653220397978286331810217666498706667467154812422869214216714412625331765102288431848383693405411747007154786883962952757454082280369539404045049609829305191143783184894408575695843442424392633658988953
179 279713176430297128488987060652796201520166038616790605456471787872027766075571816887377768528096017991452328165898832845389197729930631264665009035559244896988211179862172026747605459405695704757222716763713
180 3896066733651920869577278636168288245626559659039746404676731716504759516916657985523269174589571533687039215342410741900356791468474052116156886187827512499016112150449158286299918969661985269448377919494294
181 54267504258426483498142904464403206468613312994338030956444010199710492324489051568811511936479383144557769056179556528443775574644433854070134422506209630221525596149431907178678683731230060602501368943684001
182 755880794597663287959955614070271638776835654470727735809362806956163048661253690180947940571513435657390375811622441903072846918520337258624301373234999113802061598502280206773089143831727477568078006427489601
183 10528506579568315981659019746327758853017118930482575538713190071610295258263419527569833399698542994767380676734431136719946281055481088066140378220314621365594764813196466268734968084110942724108945643907673542
184 146649381209659851463245947684728162373294315571962824941550637506693771695203947821122407219725464074364712782554472071151429344350360966227335132784416081261462069895443357249279019461765898683393913020277106899
185 2042648769476089812929373253427872085813660260921468163246307791179229154843064210501360062589965429393172194731384712674033749293267679720857783143454584423710704229142920677109258371787639366194025560821057285895
186 28451630419613017624606784943349721408136492953568558774731456965231675278640624622168574357116679043847062702566564731779711915295764585732954459101574976858556601496861674490410881800892002151967477888206991105338
187 396296850261669202341016321354877338587370828328242492954918935915119847681296798477428764410996778452490331403042725317505441747983857371173967591596611496203345571626193643358189999650061049794203919759985408039811
188 5519936510178244451929516881996983341525543028641385241635660801938084777263300652352626042225302474897606999971986154598500540990669458733573748894270305169791433112432245824094027448939286359790590832648578727867391
189 76886049072254965145354894351501600124126991961485705955321768843579438414400537174187034795672757814904437157824763752978256459874199536054191861827513096114724982391886442614565983812882495343535585284885180987486622
190 1070929807080391815959645767726336464295872936935538706777563111415290331292379957753314431147832347040851056953574436781900450805392971403385726525385622519480875679749849997575678995925956151366338577434975564389913929
191 14916758833783165828821317100197120129285119870724773297355805023242576186650942324744543679824913730681959449083207279517564727868840592831087796641089594373839475158080335750624105617472164177561874961184820697648956795
192 207772435349299144210927158335541680088656921604382326493867751242416043616465018735732654819484946242156921267930761161132600504737476621062828295241497636958261712978536017782708087089738208640152131275916178699607757460
193 2894019094363151170454351472245370261477460888033156776009566009343919794410458618232178057017411021819091880996651838670212596779794815679900620513270883651182544636641720730056674596037060228717405382490667046478065737513
194 40310190831898362832284765629658139421311419920168987583710854892206087355400995489673322094258282282980484300791727101854504960373347750787058652259918405038798463027249383198912184662606041185222078323798815790389461295907
195 561472275034051144071434705853267942983114603398283077550945896925858113121957236271495233863386056989431299407707146301860913877901190084609630538618936700240233508298251798015500890536981491370398636063988592466145085043362
196 7820630692287565561648265302691067122811207409267941435269323828057879518753348297960651290861580100809155603832480264556571642507749753846304479207275524416084294831897975746100162181941013680649003731786611152629712286590793
197 108931940444327424325287012950549089168478412998661649418889214050879956188601426456579700841429816082136257338309422236898296876400061128548852183992853632658985416227024148168762861149934727141717176699883473566436862864014805
198 1517290371564086176063859987712631291508185404747726368849752212564626468926997241298406229461081728019622624660320262529106278090436410858891962856176660062971128821028776714803771094195199061416191817695200321730572158769090202
199 21134022420335642056585056869399739290603207468515294646152348865164904910772688007470522948404742652121937433061667232496566075957073117317122294116538466199202698317221309980744969527224762229686606174632666282888217082034855671
200 294371408422520561674642886255193442020873526640648261798014010089298710476316974562075996797756115538025557122308659453247221718598775710559649803484006833301268314956793011986187075967925724375423647148337441190329125208425577831
