1 520
2 27380
3 1427084
4 74491726
5 3887550226
6 202888369698
7 10588548225946
8 552606468835138
9 28840014212057954
10 1505133360863436226
11 78551501834521854626
12 4099529385937940277538
13 213950603015925389996738
14 11165881793246360036405794
15 582736923678063323929630466
16 30412494821794986845948353762
17 1587199649968703991008858142786
18 82834464703481995668686969647522
19 4323053210632755707053414028863746
20 225616102293428496175348369268708450
21 11774693285958486470201135714236961730
22 614510225861809504034031307897621500194
23 32070713734773328641916966771751378864258
24 1673740543561066244145674957363088500130274
25 87350952969986760674106187971796065682531650
26 4558764507508897695118315617777333027658029730
27 237917654339312383335590686725754056470971662850
28 12416699777557011380443670596677148721342730165090
29 648015943979106743818747322293319026578197336426178
30 33819345814428082007705636403569080094102640859333666
31 1765000015729166730186826512933248613266467516511400834
32 92113699437525334846909736370318252240385364573487805666
33 4807327789490931933025482339164182959202109440986439919682
34 250889939463196078969394295313943264339962823383807840120226
35 13093711200939718624944569036238169062048602928922908185224450
36 683348536734627233436017710131025493086360748355771189123280482
37 35663320772176699508322445760371496290521827464062458493168544194
38 1861235343499522602777269954743156076447178519575328690144009991970
39 97136131153395946817220376881637347334046598433616450059449235650178
40 5069443801614633765810549437403780428095382521395722024850483351406562
41 264569528892860030484626968544974195928006842332941316147933877672692546
42 13807636174267406391795174936742568691632016354334962998675096868209631394
43 720607613124426495523556806224202054723298756573618741066500535455739553794
44 37607837108326356228445524156499465934708260121049152818043656382519511138658
45 1962717831739303045520713939841171833279219623666674709808799660868794828147906
46 102432407264775734450175409286218301033551589602734792174549770357111789357247010
47 5345851496523483903516587090090955107906184714779570616441465284949365694607767938
48 278994987875382735184031376077216807309998802314624123808755281884828830593502960354
49 14560487381702377659913191603213843902982554227439813406002067784123437799683230428738
50 759898213251811527679487923907601364565588503233614144039963626089713691651915662381986
51 39658376767590185859474231514434995042795182354559438170149063649032526464993800758258434
52 2069733578014025708039496977048340130239280562215379842694579176137692043299816450931758178
53 108017458935928179738678721143657931956245245240781222843112234985797862581655164904195665858
54 5637330117710378577762363676277852756042374700390361003295208914699429297078952863814441868578
55 294206984399576440835943487355743579041734322469002569998757831749121001520241651672923581201538
56 15354387247530635867486610330327692243118956178318535266752778626686355013462909191352014188899810
57 801331104454469325423299415952019100574695009046695616186982354924639093627676262102406591792025922
58 41820720593685053513784985926284569800679681129600295914215566308884113923943796950786429165234816674
59 2182584279148554715040534545655470798306287330055880481650489605059327244792696042941898306397721669122
60 113907031441866953871154971109038533364278078883151953916954848173098605312296416714841225003862516164450
61 5944701396346561606597878483280171947016694605810139210163757409197724574972663676482982825042158964609730
62 310248403846433695547673003169668277746214957896147555245704829967406092021742311749560090962429923512913954
63 16191573919661420185420420020873283583551356363804680612187004320458856842528528588667255325543035800440749954
64 845023093577709298599795608696703490427246367474665693432876420099392875295279933340000997597274225516183683298
65 44100964626579905857300114940593952681858246611649989644774855189379670418692612840211418945615389647224763200578
66 2301588081765243898361122491515882070851272337502249336863805666908810146094426541129950780569410157405437393779106
67 120117728557145825236570960175960512557538574991344737750573944308172949672752698185585941016630451599179556941099266
68 6268831867891038299941573125407503950642369154008289507691501347181587084632218704142970678320177553771376093014080098
69 327164469890805174929536654800701404059895817976105605426849350882903532753842492010397417157014440829301827161958315458
70 17074407579372652325761935277726146145131676788854395409447879109964937173547173043122262217418102178262764744667952448290
71 891097356274174565993956628119844165337514887309853331443815373000491044252143586479757400672283337009922405468498471600770
72 46505537288339601555389815955600888669416188629128137159748953756938184038806802450335610482578221008881214898068817127904226
73 2427080479197046751783144696123117327001450704693863047588163760920643900296994979979169038732444918171949542510087746906543938
74 126667059364914690974816076325276872427247474241289077208588211489272600064986550779997028726223052126942497031256298399290682530
75 6610635315011413884172391293244128716870920913847867936254882947941808829799021862635200084042461695355738271547781615419761898498
76 345002871995152574412007623430035935519442310478776293735216908544956129381836327629900128300852069560051415625308702482104054517090
77 18005377095090613270663016267327372334544472472870572233498227842300778872382069008742791438217860241710561726224972847437561398024386
78 939683784258377821450835912267434292133657222045208631935475821065755690918167115212890699429459977193088877243015358349822702250817058
79 49041217506014237069575714929470216312277810097498388142120570052604969466740000826909962540048408742599196204968739250218777485092242818
80 2559415257304154062232006774133752728865058422224173222463746694153399736349674380422239931941939291764556805410025197339544325601228072674
81 133573487618204962449328258644008626138038977665552611052791257644205766599234719347049732444184386380989507960936456108457718010350300297794
82 6971075343703193970757180242555686555488109050428403141273867745792800105000706828516641995567983117717068850589516640185460275719038031372194
83 363813899854804611434562682316655957742941272967126057163719091697425776298079021939753721435963931490180738254005419104360721725386685434984194
84 18987107038962063284810498006836187233481213424647123185614194066261760605110390391038412858799166271305369227019467053230053711996106764604760162
85 990919351495035376202811376473284260200536126216890240094906622961302905272314387941726633399048172718713126596351589149579687393385955163961899970
86 51715153822665684279364490716181533883475602457376901980946217549362618794466044393874607429317196522799115079224052602954031000621737325374600407330
87 2698965491860588097316584522275062919335200622230908723348937051917949764219555681546844692890530577767717306266696843527425247869223831381311669880962
88 140856483792602733101446941527744874763621820284140097908247147635966425412256407346464416176326749582598812142456522532816205212129586009542701594982882
89 7351168099870095249695992519115704779001168411653621265317009214289436391605150758062801204005842302331359959318807962868685437767930813790605909569281346
90 383650585173741732018065153153070255691042859737855587247950405279799529972636996679640477749204982118489059894411947683758438785986251644740883173033890466
91 20022365085999796361950493747083230733538347002284068067881208155012802956869118987083005832043888570192842397573772172963769227720765596926629486892365462018
92 1044948500353550797906770002947675588006596934272834007588717499153997559483077729806584075310330483942706012602075086454297865540754710535841102729289904304994
93 54534884550408794668378417235115643944561124796655272715322566999655098302723287747810620162765598290617906624854157784161912969653372857095464505635252158537410
94 2846124600322567302793756451275444712374574913942522540859790916518294393342612448305407026497874629900492255879339013153341297169819797886894693839521329544846370
95 148536579977055668112241064022335318288726950798754213636290365125271553207619383257926413598011574732968874242125012627286252450238324855712783773628763590373952386
96 7751985134023899686809826948840325183297611460407041809333536416827389780430758702105632572576518058428159781670215257315492948324489805066960787059825415758141148386
97 404568851170601208015037537626698754107663093312781648380136076463043357940171103085254213745905761870425869995512272132629947423167554988405194589680479058929753243714
98 21114069816661164250488254959027926135072428878922875415852991127996873199661383298921022599024687912282483677383236336063212496531347262050172010078395396372265958376866
99 1101923548817287768843319356972914774668027294409118511950097366689088666405092326142122178335796387448889567062011758266528433895687538181404522337791494714856902306856194
100 57508359022282353408878732581729595439437376230778571531077038716320681710052934402171447115316203956885745418539914459422595120647750726573821013697052124970626406927271522
101 3001307450943767551382961470027367639294703562571748835559489490648019528116662123578613715499662114198385894247529851996331514870569016517197227639993396074605960406051160514
102 156635427757560769718950155548999374266268924867258978750836153633257198255327198598791746682015667382585938019787992813585660485124045116279067347314195121317175426363539377954
103 8174656422179961398387690117784672289568161920108977557902488069450477937198413818686180173193881379698177270927012557415753158439658716993969556471983024523999352655904658280066
104 426627670236387206570046986689505612257519075217808900735231038645403760016837123747797490432288899603452340807251977588926543600133047268556882058783729190902991411217292562718690
105 22265298944856456015567360779458371198227657856775984931395390180203504597226716598637729354343224241749102724753491519895266500471674633208124251038138439892606261191800462871126850
106 1162005119895629060493197840677824403377990355516278426600080740666615269228968765942188835230948924763156278952938828461457173544385723977575589379256093104755637139569277844194113698
107 60643960002862667312336373364231987097875327593261781087830312627385265581392601223084825391494530342312107549740443814128958422198722399732681806621305188563694246947984163892686241794
108 3164951532364277301032732723716084410151857754644796836362164551084906230847239284310877652571859837552502826528372597636709240696002209865217203038937403671476123470847256831080256854370
109 165175859256917646786317906472332737412862266638088522800017597330209189906112779914067072812091345152162957175084135846584214474170143948794563112977366631013490259058552399252328310662338
110 8620373551464819289738942913584329911380942861373174111212796795692555388381261628196884345696163105325542232623931064532067453556583825986904817235668223724434081924266742720676717081379362
111 449889230188351550145333652153683183132332856484521112512433277328117249577836652596721069889116386250054913289530388817227094679350914640663876853522150434148817115178457116992687523544945026
112 23479297994583383124025150647350496280471598503197531901597616256229087524197058098315768402918119467879758417037345047425924468511914344786636830628386715252178130851037921591259205519647896290
113 1225362594449412208220677063992025470882432399565094451095567512449066040987647394027420965342091682278357964545319285442226826625796683605943322297241343797907940949384328658627614358794683909698
114 63950527320799376548498930747387936716071785974813408522628102403356724199717633110812248344785634680185836319816951655249183128679327544377099794995773078346306838115147889998922782907677904595874
115 3337518186970530347056635193523099592560118406618693174947714652313311411117474268970029745145780567034058203304315045031353259557634108138488832309631652639768605851325544067239119363045882147668738
116 174181951502629439091727135270020851081231406772116339168530729561044301498951976678788031441375610801713108546651053238009902314602763269646096603425559917557885661063680732627092974045453004259961954
117 9090393079416721885228465383853772782230889507556108850340775223693068015992759622083381812308006524920181645318591826234320044418013807230364321716422579888184105962867651125002562146950758517613774786
118 474419109588745051873276199960343859616728545969373379140711010232494328162946252167484260755693469391894290820155660790398046542259561638040653716331841557018652982643164843918385001097371955486533301538
119 24759489449648678509210788698854272006783813164640502235773891874065082793932409286006555336863679444492343874021930581300462146126898968894162880048249568960137109555392547500320932788116606475787452175490
120 1292174588706339031030415380386225146430045567177795391449836042367098086898889303865718610287871532488622416080823099723532491952813339079647469234374757143089246388093661957528601656762051267859343625913826
121 67437382789897900708759440031111178239882736001660232740093058481696740069147490118127246115242826306664466300347415059082216925278060723769585205071100244219189558661066055702072161938877401514625043281422658
122 3519493911503281820427953788723700913024051431709315839510283716728937893661093406033655490254874511079801835308175871776757653417392332420690506740956029939506210388895499467016703006924861145274719501922573986
123 183679094304416199477243072993300325861412979073602153310135661532255507634937927595666423756465062297182160307252216473141930823414505430133926184524367297255865516263892679770141695071187478905139245181103851010
124 9586040076449542642810083811940512665294817180179186928933430591000186635773907545320346899470402620439252641041908190624008610934790212041853673482668082236710003225721579721366767669044845765532747594769869995874
125 500286462622694827503800419547994577743158782508053517266644238795096961004848259658659375152831494160579999197122160668295523565892799256670674270656800733524002921780706419031427510377651878240808688183286293834434
126 26109482402271536568671187841677612023863480346330634560742015835841635245033381948586983128960336697231263599129536436990470820562765299036988383231677396584922356111647542375014715141590933878590292904883257362556962
127 1362629457812561661807117307326459909700430408718562776960976474258259614227010618679885488334641864481039995555751264770407150079938878078776714598400134052840606119638282464343857809935094268284891082953497534229993346
128 71114356489005576776675622479040728746004489208485305830304838344069951037044220308395409786546115138770693377726464933406283550438095758758435737728259362566272606595185214119610515186136182113189438606019147618791758050
129 3711391728580277531970130867394985015258565080691347222639487770584007546938876624729500482343270200388411142422616274330547442156221785736620479802768211303646566293563901032596963909437543204251658407533217768123832814658
130 193694061832699771953453348283021380632960674653784101651142779755465998217530019755585504329044339276538510063941072664747737804088845501914261739257224809263799719560240392489734033950246235768484232503789813002123829170594
131 10108711861466934909840445110587899744803868009732028369139077987182413621596626321394519238747980874125745339534989281460297499403494696872778703166989836246797054504150894383020569509192927283256772104216770744751633733683458
132 527564214056411897463800606657204835924876878963587826924203313503983864843410674299872571295551521992769560437093807648125026655615842118505586999887188433373173918648683608382512554839113883889502145647833952477884099142734434
133 27533082727770059563827406821147139703916641009845971497678688446989228144938584868734815683372630210343447288033000870216666961606997195675735180682642381394781743132815405455153037212186407597473335372541720717361519665163013570
134 1436925826840048463700307636154048346837647838108130073515245988820854940361268592027939780995378754416347132914481257166642954174268804863242464521017330054841161622283910014047855706806582855832905763005162419451222248399496256290
135 74991814474789260960832419860238370412465273473210811929855012896941855051495973549682736547593624322369269953602787512893901700156824447592281513504720776541828725482301182470098434268903768591879363990796777165550175635104401513090
136 3913752633000188162192870597846900793073553872169099799767836920157101920859710450368565483654554088460158443944486743117899190458260260697230951080912213839832224562806432724472921605162298394888580175787980970350128363575543899761634
137 204255088099852914654613831881078174126954860135371189957824460430481102788476002141197082439674725621737320816266671461745506784892744120398438004621231412098355475755393992644681407801980425503905315925277067598803146573766534681063234
138 10659881941158101282298924037587028935014015505005883431780647906641426881752413363132952525669963424933697028976111416156237177411965654329229079147024252253505328654097333230610421610689443829713190568869124641566781501871594655651234978
139 556329264825351674415129306543578628844615510524210988037524650351151596904280820857268390432739559893676658955564406116829590440778446789544379689208951585200125587697935383453710370389462151306368295815620853457450059599490713434745228290
140 29034303814014999432593257207646637064608497560889158019867385490789021195392542671193287989831964290113066015868823905619837937268554663773276263175269982495527636944437723977655412355821197147800631664755199031201706777367554334474776716642
141 1515273150746736038312723884935096277366108440870844510489164839602207160393328872554090706909705521860990690689757579574115852114680706069029911369158630874868397356126512843386840335673492133716640559438987388136147028803430752267155746386114
142 79080688005531747622489452610693213845682516716111783816273340487083518993585260824381003287216296336688815053093267216262285366414729079587904816988080024351198265620153157648422107734020791325212054707815516448453687287625954404495988833685026
143 4127147116905201763838216189164647203426312673441638815892853438054185007480841800052211852970586316277968142219371875408224828603511965997268693107343406105969182861789753510934348269589242981473464822671971457583044698679894193558930408963366274
144 215391946557008017767818357427035818266517191527692328621252784688515325796786927690280290796996051016785553800065749349257938617267809203227424366963354966035220028316664316794124108611603103717850054512050477941230175400922718331471861234366168802
145 11241104164080767593036983619139510853032489758973086641000762301822256215709542411101128227957001058559592574850955487661884309927756103502590622555562340757464499979805880552409620419385297306487655024639641344501087774584622049262727919477684638274
146 586662708831917699485615166788084210586881101122936259027001038508034261319351729538340552490727224711152147667627383285983243549621399447715858181476720693640863356681665164075391075416881720386003364271012895844773184133777354455817339141748031993762
147 30617377875899073788056866720603863391860863633228191153789717464722345423786936175341274351941387088150263980927512046315910842204563269978211063753426428518054006754638910155951813025030315443202748692292785958119131727287316777552271817336653814337282
148 1597892304868096693725866748515066870568750541407995598960288819607597931068733375560952779490697358928367643805324278100965727668550114615966955285827961568368125424297713701695582824524465280601531989049666013650102145081125830754600592762538382537652322
149 83392504358334195005894530858859732755975893260045017015122982189967878639854269908147312899396044264073429198471917834830678865263337360859246866989919545307961799876069633836887414677387971525417350359527067368675745139744277902327919900089748546444481474
150 4352176778101984924231943951229107833203997111049004236219843041278469273687442309999482852661800848927508928274522352697769295260593532318636338120471559342671421572965822296848372619570030553024298694653803716859494761206997592678070228494856462929279189282
151 227136034030823276521839282868577601722772797589661266534631744245692943785686204979994514259561871341713281098230317319956430508500314159328279961984852922846160976433200234527517171479802600785666508558558818523692883072461945646167092257953311193457063977090
152 11854017101242475894012839841926375341132721256294498110485708155543950327174954318239400168803604398488494679503796482943099079453715313038408401511951272340902726364677338625190260853667131209748523642708268577088209383693343358380718932744938456892881556918754
153 618650061563900728634007584592771603995258747131046188775385102956438417204801386241758233045431805190887411728323292133832734750409144500377121324850641094201325937389921145428696052288333426040686347116347978078288396978612215337064412614452980540313894117619010
154 32286767886719400030044985783264431773748101199611280190888991996038561365513483648467170288448019070201953547282468797536873081909966601850497499243345998537367863955715456431977615124385844260930306986229380569270873403730925994318192983891250479470210366680558242
155 1685016207604824345669195141370714732460040265915756948248498321256901120454356521091253145519345202078924677370704605105344299801760308262038410327332857948661331260088828522159922399194504008749513582286940508862648133675228850901951663809679424938332720939793732098
156 87939419326603848405466968482221277908516800861724149939543876683394738456284722552804040514346000958384484828297958047147684575177006392422334622845078951420124973327945623578181443104404332916364848078392297390173521438039652505386982002125717360192375207216893053794
157 4589476016075161478945129810036188402060992150778371420135272362972827515041075663596076979868514293277203879334462634689917430516710867481448591049947236161441293499840771318266153804116262979637203395241483257202617865201752707421483293386941140518796673359748530452162
158 239520459236839307606759126029690660692275629676986845484431509139948375544205119224047471875529255701413658229996135641147859239081893940305856687590478985066795485536220680255993336048275335407751196599034742821268225141870421702392412845622420140564501248240522466161698
159 12500348665529850695157904268865894006520036749608736627346572093691317488502938182492659980046494108308508023632092192899951173757037643695039737879076249520181355309945265492406523839820511810433907823566016844396990989075933756354442486244800911777280687346914810622010242
160 652381501178170070434432870052048968912487842848287351977287220240190245512533236548533996138543760157709865223526951052790749773160397860090074699598594708465892757566105239973429803996902470924238334591579699010944734721029087347655955409816473322028049443098956548052477154
161 34047180160109781619625413507425060352149612798158523222469904293776826704124997502391849310356034704108169952038315181078655364881261848223874673340235245685829178678623528214240165042935211758923511605741634724995573103572242282850390588143241225582398276753699861087583656002
162 1776890477062108530436195249923164669027508749765896661260137819059694579063005624661517687151405563310794300332295462569377343535277234489824299470484417679128693317070145713334011756032233960785874042634344899456019646572913191055612082761937648651945119013972634526429262093730
163 92734251489443380829623335000921155027123279545398531340572434226055453957881940154993141434476225587468476984015416841448872846960217810491431695840840204460298628811944109109187330197500484629284216087517382578153948165863641951398135405747331972592708950249232318741639930615042
164 4839713820474678801893963790268190186474389498249452166515361947893936784745442726946591517230323065103851786823362051771147269197747377605101315853998951334607451748371587432141201839359403753279399562677545460260292997798309767708782926074205348580836664531177999743607392392191586
165 252580136118961437052302225454035579714055781238587973035800101402562431584269627819914626674362142032359176915734088903374875205668820930501611848469827992364636696145610327474327138957756465262013994397820872363591026569580577051308920497726971784191481265456481585864363610992449986
166 13181920983008848538512996683856912941812476363345055366900928300829293424486777476763390430060269642159812147501186187294792870845110698794705863049503062679509475363851179038770034769454818678501064255936946089019281941128685687523253191817536105589990687217129186655898970572242708258
167 687952122729275886592009511959072290282153036786056643978174260045391566820361502573249137708320565518044430449848661357543025246018112494671242018452789594263759200344958626245827963351749679991218354921753819337581358361227196225312380498440136689108660083924730652371752209794730288770
168 35903577617993598752202801051980196117300176314138399959005795544895936640455425811417340023233077917261889722971489543245707754636513377721554271622167958566010025893717596659967884436616227618589520730128973361818724086256889261567510085380845452555502791428716657041646188571257432012770
169 1873774123491681901298300867077211281224920062991738489871245316609267422114139916097900198495584932835480433072668749399719794823509844589013067938490760741243920079925388087735395132820843388497955165973984295886272036938834621573801421438223350937607324477733333687037423565457419873778498
170 97790518349553483692119666240309140179919790433222760859750844784663187322958504983973211493420323739691640793749005106164292326562516865533326946923004687610189576342175284363902123457620336534768986196166286118021172278752642383640746805374268881617609792085774464683480073072356266772549794
171 5103595657119132381118607815357089004712938713918901491351652864360813368471140475546501647858411062816008696046241577181982593285144270511395707919847548422447804311420655622732965451477166717042222797729106649542644907598448009461229982317292419906446377537364686735518382951388979068999325698
172 266351882278208612377766651147090595824719600602676456070224384946703562910604516909769851132694323274852900596872979738719137603393305074864114797950751626041162353142905014912954906514718628272044271201229623093053174097650867785028492929281116587787689590596654810383667451377951947884321173858
173 13900655529829071032904368043140217395479057140286638932103024042163513292502779055412520706757838565560821895096814566832457738889148954542810782965059908553262108996685120070524413297612634318361918377333161796938477441995942984304944383806839314759628456406584410870407606040391507507531293228226
174 725462206259679057873601198969098853367275121757681843152635752086194176516306541222410690992384874055741377261879011755460314786348660662161879838912645443862137799675981192098189040504998749277861756314586249807440742491899339507493895715423692533094510938749267384304523514038267201606449983216162
175 37861193781962072343185411151906466885413303212542261115973929265914992489487111409977267289343656343757445927041926735095001260360104094388690672465598802424668400884372574088228071160526964147731342394304530815284403386308920167961825848244694321015464683072903694684100953196484728815546357820287362
176 1975940279488761101089187593020746164865373409821214942377956519367567109708162554022252431646170861210642944552687407186578366304309521782309359303794820559680648953284641156166995443456206350556261856733781675010404745338082465677794916314911519587097751315965554182810448678607850220718431135047977698
177 103122474441528018271518799815498678417557975294006841652009518652852072686556975161714494673914173656152996781276283022103466459415199672339148640891189435878325870564360782952243037555701499072595571657915564265103356939390708387273770369146454603851545230996799407876840318688478711897247026973199081026
178 5381865456832034586660878957183186664369781003693164774281237218582179398626831521409573232281203390068809365536943705676626000161091750501261098815670588971206070331196364206234298303072872235525013390236659146898071649527962246901839020755273134112145642652921520652101502334687106317914177988902881690530
179 280874522768217458748880345624326951560687634965739501432173042630526462983787981282680336208877175476996950724372915761640702445871553455386636832514883243958170506249983962273250941867102631856388132843949826155515602259609752010957303988295730391343870388527795616288921125434779351112858352308123092687618
180 14658578549214007568125971121211912713580192621502060513336435228460843534279711593277611175032663979563657415474940403249506834215303244724319632279658287574749965349664814913344847201337513521589103981180217963429539678903130768794577746149483007779813750500292217049390481712279473619374500405585859407004770
181 765017499507403663782489206489731685510360953396075265046400761725143350389251891566638332150818377229249511593719817266888742673415735852996389220506680368170429871130521335403443182413899038325244197418381323686555503857792056269968943387300154533667196028527401104066384435848602578423280998245818165086969794
182 39925547527522137755515951409059856368820114236526973674501387817541494239278558358340366014401969766757655123625308307582671397704243817490452288979729480357665863719541698438264117909067412831759944144439344672451204828626968157659371277939973049547060147777585432659729231690377757229851224176107066680564567330
183 2083676970002438805073432404123450886015993311617584261453201061247134454569712621867143295160621751167830267643362861295960478086313386156664108813923949652939825505252866181084721176975032703879911972373090751771743529545976295906374141743414780917674899609660944737388415479740809724991480853236902295793643056258
184 108745151517975933169344221536404198997839247202906726379207906695872592644997412460160803595795541335222972137144600732480863713591591953599404820702399277851856487611221517058136706010341036525149938616888980458540724144092203776532306524377679747961716472595421865657865632547586759969796407956938270345878745783778
185 5675307712717918283076523475890222196944006123171690705050883833591726750563295233529836830118472361085265063977096707825496575646236666694436216562490741054718929758609560921636634797157037892238996452981185801923962016127526918477042279031463573677109206170845692293730209288206333803183819424171330251327997871276354
186 296188999550119856333709847864135598206444563336098373317096213583395589608094492454885007567855342999745860109229325365569500305161502973066344457459082426691833963665554211832042046208402707981446393597704709510745761074915051650520908531247808268955340424289590935701154157853784467249444757725511939464665919952467618
187 15457826763808687032347233924721533685085398434775952890282183051353714974681178235813507177044708860390402432663005305519682362644360526746720756589205228611017939476499027120668048468762249813392562807230955782467248266461103750754110845016041932783717902843963902831470074442470768933644755596221138920698693239029194242
188 806729516028116293458689874864164123754488306044221138340858619108480560236982283010439534165965361824531072475677687766885754441821584962038670944631563384994051915712499199424397739757658265755699279702582124092118202858882972400337869041862208121072922138330345334840438609189738452433140056141138272094342876979256301410
189 42102458642808832680000516476615384535545464657709665349209159037026753888423745920906290096559488907296210123603255557832220830422675371063469159735935289263079286345552417776711491951018103533011938783243592104963251380298478024077188054952856663483921240530564773091274409334636832657596370984419407131524767406807914693314
190 2197287924330326077950254074316165237676416725710148373745452133252210241495832418171682390331851784319014230463946535747347652097249372080506139539898324426546742862816218065055235188563162793043314911590190100035418524098315382856246393148728631831906247059300924674607756855617535270422306719306215069538813761197534959419426
191 114674400926761924024095349430225012917602300287122881920202340908769130818850719319221601559081844068892626647428164785637505854119742361458811684200175215406240195991260055696646901189964999628060520465830027527661139756802000727873494973303997839547692306061972906521880439217985247233572410085272396324556883315649766297137026
192 5984749691790877528302399591009442773146812236204645996547266973611008907819886899929365847331042854842700712864628500004016771321244271525703627088111658883654700708314756563206293384940894295582729754168089427938500425368350548383742733336510650822752193215661088744238145789710510345445484467166750785445753297707911293614371042
193 312338486915367217856978486114461607230133566179685984538496698733913976740178186950209764862040944004700530771454403384028146165790989617565530715530937027178211077729312732309277841585187711350195115477765498720512426097914011910472266993755801985122915581492420904807622133884160837575831086919949048519029489381037349540820968514
194 16300653399488884035026038537132672770425192251383558771528532561600664132173737521378748784107098008517458364197673290221974966284839227727840851271528232682250748375590047551930996160717989799877022830656779407044006923518118322695691579483159014296160972803374407034874865097825767088824028336145964250214258211844993902727204530594
195 850715849572092474079947221496940142425600744123861211252418287051943187289648877711559530670043680357502330361302848830808553360382138986575349514913313875671925305252858136247903637057240803948455104871520571008682234886625189402057785368432564524358207896585674088420129703569029951494119507722450068503591136020397581714481461502210
196 44398064235625035150978843847815904784372868581474983673913760344619728126056066566071686138529667675018932196061964284994496255790467701045272554053036011589643770622175836305184450175555245215521841604436740629413893310104338062113158639390714105850160048933269401607774568963271113715947566448298093991903989064187880631059002661431906
197 2317093432386605415625122478407943167559462399976109409227711258877522620748432215220991130235628361332367629109813005762974166236535116736306510039524822460095896615476680472286420048491921067212742677818473684761809646483957080778240515399887186846104884286158662464095353732144266970603492374733101166061841660719203424843966697027478978
198 120926938298834973421981334119145190500812729706359305171817644635391929684993195528550421926920664767215645100113899874783178371755426709412785809412386998655048730446191557560990262970357086880755126250236552133654148262565254859376649112964369698976961162765951178286783999339165196743934785131125893117273499889034846239438472614601896738
199 6311063767190527889345018588882082791012482748032650069869132521891986951753648429540379457451505760531814347979986906658421473971260855557370176565203107871449232528677304281433073037940758553686097992939191718044338272072950521688728272615742622067562142402372050457964349015423489003336475789727230273777640681654802933332504911958015144578
200 329368513201899370993796754662419490192263219705479055430382219008730528720373915214833560787672698761476139656849076715266381179756365620851414347466233559243771372902609075616252964712282715470293394727926537441732180485936743433866910771557574174991923561684106532149774749694588510142595288534446620953291716725040632870620087086115748103138
