1 554
2 8410
3 129762
4 2004390
5 30642746
6 471337960
7 7226974262
8 110986523654
9 1703101107186
10 26144648320684
11 401271955015010
12 6159395351074580
13 94540020500580742
14 1451122739668770300
15 22273433712128823034
16 341879388569378026304
17 5247558658318781017234
18 80545701268051381856970
19 1236309170617908542022818
20 18976319567484115130443358
21 291270696602277210960204006
22 4470762982890892480042006118
23 68622490673903594753233926066
24 1053298141922198846954939957860
25 16167249995296557747772020435590
26 248153835680199964883809127913650
27 3808954892718565375413175554087402
28 58464288321713417618035181913741712
29 897378179204621956344787937860571310
30 13774008372352432363136361120588474678
31 211419567581543630713312859372895096742
32 3245114446892677845632374120244593345398
33 49809806601055436054601659327605110888754
34 764539086154913406909578256651926308761916
35 11735038823439658797448224099820888399100826
36 180123081582489647165433155786027493855917532
37 2764739427522616028728871391569004174751054434
38 42436449759545729427905263590199223038625942982
39 651364193770237636274679180661025637876276215806
40 9997898394661976479373076480194439431217274789190
41 153459421420429437778540036251465273240975061282258
42 2355474430033097803931361062480623717782813669601682
43 36154572584625030837224474865828562315544449137414754
44 554942606088313303388070790837338712264254118959524914
45 8517907253121495185870211226043077873313707968196769078
46 130742788851995066656355638233716031939004009301049810588
47 2006793021904895535616111307505657944413606022866075772398
48 30802603096719360278139116203039187843406214217931841489658
49 472794327654877229193142143897376455395609681851726514760106
50 7256999532173795201369897213888055957106571418625993895668954
51 111388904497207757646712265034945821858781692523972878248229714
52 1709727000818956296672109240795538881308863686169656720687230742
53 26242886852367416401518360734533764776341534950787510160051431842
54 402806477300924486598439181227033669186695313310859910630585172180
55 6182744263935393279075531667703198404819697573541742030730157374858
56 94899979983857807991489864274164749255059384224794574316129028558212
57 1456635729455867565786709429625759859570289630446017155829516246600962
58 22358146426251479768782883044815827741124669992439020506691447678440872
59 343178944130689839884778318287266015973973406978791935879766824466749714
60 5267511243972137766093373851656789834236599753415448271908622730063927618
61 80851914664107056894822592263843233125474228011626185626144466734006166274
62 1241009615752160897250249418542003285855813064790589182763375058850479254146
63 19048464996624644028203379186439587564349994852931912312939962180692508708830
64 292378088068011410838187984254251069497611599334121830444445421718773777254704
65 4487760373208740195359978690221245353899457391911969554974305121147216743361130
66 68883387604127826121058270438355711617168560959940323039712405728767333841704594
67 1057302684017395838008770774082238701226267027448848863495104893494514055065964014
68 16228716451271044468164112674452871828086692321568487058575693769752042114828402634
69 249097294121143257083432811488352629916968050869644297785763531412588436583527307842
70 3823436198715246740083535397071885449306788102233337287280339986904147562096724475744
71 58686564288958571394926012052178229797786563152142285416895681984776361624488325812898
72 900789930586355872853826527799299318134620928789450621379963865527688180454810657570176
73 13826375915456934905412100000910537855870075589791865556777387402804510047903991405761570
74 212223365808595548873823090787289343204158867045842022411459730656328569567541999420730670
75 3257452080756659993319053881124510572355250844868087122110488619333816342014930116391218846
76 49999179015924001295196068955613974853483574351773119572792480310363804552466709773018542414
77 767445795146039248053990867965064698267498928066096806310215067507845858995275701851910398546
78 11779654387920193788364396277184589226860559405844790441167319440889117039873826956196825976400
79 180807893373684361084187386978628144297195802845438529640455281960446874024433428029681771883494
80 2775250718709888802826349168059994654474488370494829972041414830071586466315095832687129024049626
81 42597789333132855286585021236720370388667818756216900838861990846914767120499360056636103904907414
82 653840621979369984810250030427576714635997848946953245752208656226602369889393368571337835933415630
83 10035909507112639357200833740868863414522014713532695101143117681594191828746904793152761234665291022
84 154042860368702766818730932516991498284262667271711415008371337546445520844871496472376510376450516772
85 2364429732427770651487138345301684903723817401708525416921125846219325582237792082651748420328917861950
86 36292029024957648818788567563684838673675178355323103182067475295596146514988074002119307681542159950540
87 557052448074222466004859754508276456935804013602294246278730012275039289222856266657203806488036595433350
88 8550291572071904340776829519074215832277165947866619650826136338921935685380684128080079358463434865673278
89 131239861201907672444754695808148377069758116442007471573686477962548636209799433877820323322482255167882350
90 2014422668877746785648612872353633969229210836249173776038693840175048507023661621650412739943893005893704864
91 30919711829362705742203376270273879731584169982498683513214241599772445624479498635476493843525025350198929862
92 474591849258449949648203626742296329757861455013974935248056400242613472850099483375968621801933835006347165826
93 7284589993127297117982708803402548764641259459638829594996695882556628355228274161180522821771787941903693889534
94 111812395115686967444969794424839033257607923558809416799153679013676914760776452845895949573544634956320544362052
95 1716227229439353297847384073479413719599340629023865212963475751620174019186356861329310801885941152357744594074374
96 26342659953054186726108472625866697389222879287762158072075854664543488686851840996474365925366350856878144460824826
97 404337911378399190052626541687591714968658683792509008016910068534162287543948553660493416108592782837493763790628314
98 6206250502766374938483569575360091244735607734827652178505307821531153123053061731252563546429248333037582196967348772
99 95260781191109431367316894098185681890887361841387726465457070664366547097070874319496542863261534370707708929306525750
100 1462173727775813699000341178945743221507651378283781331610248228016676059395021731861095445783941207232315788972566158328
101 22443150092467976855962962753040458553484613513937987887953415211871700665580678293622960390895411524592067503967004334910
102 344483679678228960766795126839723966493638122052434764258617851481405831166191560793604583200045765021221831337904136303832
103 5287537848997343475958787977334839111940635180718017412007022840478612311181309813955174076394640237091942703101998109866446
104 81159306387734153960495122362112666711714619959197957212574609134039462134715488025811983112125441962967219689898943545374698
105 1245727822938826428457418111289581512479071517613610709672183791073915293502517279930157924511020959778331015330854453531477730
106 19120885551067769193088893454605981528029556575623027000223849887030929443237340802467673694493877581215167425047881112323934806
107 293489683319841849362349310124126694887799227422375643093306040770931625043885002876212658670647390992758162744015066602781132050
108 4504822435400798915635026956811262633950448210727739595472351826070718013934520313921830587664377033441897807291648654213846215482
109 69145276061969211193644953495270796815552588371809408043588119709633759276218680564963147189769430812943433083921076244855872448482
110 1061322453936090721439774493181499752515667769714527116190875624130518841598801005953583349191986233342826767167066741553356447491522
111 16290416574798561020106737040275230121216495240019688981432223079865682639157885935693111120214456077264352399346730046885841210669202
112 250044339678553370348420318326461704592584359839732130558536728786318803311855768455535821856675671391370654746747392919621766332454796
113 3837972560014592301349314464538548414534780099615534200250958607176947761674123557842743041623163477495887070804611985782949238021412978
114 58909685339653291534608131215177161407613596844920229740742398564725501955022253573231903253764474318042142613807286387289764489186222298
115 904214653062492809926777575160096985700132755960928760784540345743537831458519400520661834408619846234746839526364578504203804599568019646
116 13878942555861497405251329309301127956440747327450417881913487545244016974130193763958129964498429333881051837668987236713580655899991259794
117 213030219999753108376322127181343250686531675793752945948017555379091279599099187396698660206739433080714123863006526929138179076243864143990
118 3269836621232866935905814295558755326625094710793169794804240340446834634321699131385395126242378005029750481006195710458733888130647447954568
119 50189271407446148351407624737240125757483809236393980263624877668445932536007094640932205184930309116770793539012818405661672206831531455315154
120 770363555185988382877278330681890824369250176325234274085469004518664798044107882061302055027202391157057743634422546968045652222283921899662742
121 11824439576756813357882047035935724724333404470474234973413441548397063658497534536049513102461475371285124362710321601748635929842940200801238442
122 181495308757975743598146181566228256894817663741950855905633867876850567906311309903162584370621079140380963862247691897943463422930206413086108940
123 2785801972881984348751102356282314592727247810646229274822776524357548795047949788720691345681254727544591273060533366770903731435986576762446066838
124 42759742305306916203562080607302496796242361682365567772026318778279160802747681260775364306712934456200053869560019725756644931988627131158459765606
125 656326465346254108569369732081912374157155473764388425127948767847939997851749876278473475035121238531857010471856368350533721760664706113242640340010
126 10074065134402025518299610430158576623640705920642317722968858679958313430896184078748015628720170067552220219286463219945976645824002571904888194920872
127 154628517499494311849411408903720551543123440484354628678814374516208704434477304392169660529980191405373569460273655213997513923472173870560570070906882
128 2373419082078494291706631548252142812002022993710182708927044874702084844230943752756465402904540928964537953300009597860687659541922909142137889833890850
129 36430008062340406561411423104456620369137242428161739035842991479478602679764249488295236532286820136293521550011218625321273729479997427346917818294237922
130 559170311490019167990106337698572926270010344564396991525442667716840177599800932660245970831389247289566956036127440505780958375668186436354794432889819692
131 8582799013296672414628660841752165816959971303842687798209658827104106995456110718089427188531063128748934713605212044590764617045157479969697022369338348970
132 131738823376285771654931950175893113412372538735689267087324432891647822663864195224034964916162848404412303198414635433391522789624986037618783532289198396286
133 2022081323083677659437604792784730037815225254218221784917572435581177952273605279655034216857000913780123215904828089376017560879906239703401371746265477259326
134 31037265798897830462716176822753173449555568261038107162320328390197975238032946896925565775670609708421830994565412219826553836709646179356789468792662517367598
135 476396204877843710166842341459310061865012682890374192499880154852935259062750914457707193647582961843398468472405284052668393694894832604448258120758382725377254
136 7312285350537282745744257261253384023122120186362155502119746805704534175214277489335794695634792802127261070811969658179431138441297860037030581559577672326002830
137 112237495807492144210769930725926165623982722098803736134256208091693435987598363320724356112155988708879653153048232355308160540268384391466902621453715465621420270
138 1722752171345612440025641128154647426075390092469590565408770045050873251122760825846038009884144024259225813225609515281966507949806791544053456626902353083338507086
139 26442812382115790578533780824301563862566842300860047864873556594306019112934012052095413107314928660043519172480520800057732784571298704306798174362619347114944532626
140 405875167830800350163504684426432494339740538154913395743399583374714895150752862075684716560595183054372002190704574118725882158391772713853467170010688599952991565936
141 6229846110207862153166250588824568290519399168953004075599660553313479915491905874653350664248700920770107061484239453685699307690399564231039027081827906035766099375082
142 95622954132171497883250294695004753719744063485182900397168265863075537057692104555025357413042204414255761821322564026537728043712804034657999835916758605093133701885178
143 1467732781068373460307838048050663452903823607195796543462026553633041034415888761193331312814561942134678368543036953387722203831542735646011128324586466858124971736874038
144 22528476934994910924489683540472545339153335416833852682154783038594501277938540459120923794875217414999736740267868619616562829012322051378890389892527275832004877919133346
145 345793375713228419291841787832178560210238228337063297929641008393594776001628719136915576185843167641883581957049958458090454476300537871963439504506752886801942793664141986
146 5307640593377599363138583212399520804061895040928941583407647886488634037771497822235395081530703776224335577725868169528251159075372446853920602844096985236356404668020371082
147 81467866787108102383007529353553279808730450006670071347115571616124327447913175759308039359516813783168473571787538387061909565703373669704384987956275892997909445460470146674
148 1250463968325787700218133075823303255307272596092222845533389384360538592437736441025178820262331767896485642433279905228252661073051124198182918981558702861876451558040167474116
149 19193581441959620227100509587184592041915287605966860559036166414717476802335504947552837034956958104504076372698925088616518601752118272520480112545650905987599386890630083551234
150 294605504757061408248497939310110670828130672016496495100715675612378216835435836785373132831210620418973113308995783743230202889152524322661150146388190488507268420327309161195108
151 4521949366022104345813936833292843435361011631213584737694947981356001362135362193571474079090927448376971254400690239730020828940436606068092654639975585001730469654691642605207026
152 69408160196224548197808768412501514498750091664376939011764436865004121724846619823970276379777279117571100242351124785850197669190273875630881474217542300597032616123378016232625046
153 1065357506659268657154585357878030351768919639191151163935471825927127411957327721731512681474174370006420620054129430714354885386904227840555193940297458436512322450213996473560870146
154 16352351276658550233010152588404381135071854202686300996716896849706946453199256013224158489780892446273884443530533581863015254945354072205256194460017255094136313043588125013078373888
155 250994985818181667187403471292894496154689073468288784559033400896924519490565658793012181930503777103695783622261386099626844234118048507414305820118143707288402972577699351934536745106
156 3852564187255055466322683438145683883214147176287603787979115036609700337479260389390903536173260706194029325941837297142766320178795877140257053167969312019373810147038066568280284069972
157 59133654676559110969569497558823435575763273175502488876427271053455360146733716091232127678576099773853696774487815963901703778267765879607062527031029126600767147310261585967263091499074
158 907652396026137775507784814702595264649783859934754084720492242101740724708828952480419905316944891676075073210866863781290294585301543966484381835133957814476500657461550635654236144901538
159 13931709049915368937538300328578255374065449990833738564647684149477782140215026723594655873165068477267881333525088575841344686295015858248689116201845358407471433323675619843070375548655210
160 213840141778135609308786338499224818532450430523168105265658383223994232221142653596934664187699213285243386527462270283356369013061736859302128606946215452182800699528261118681916184349249560
161 3282268246620533629211441839899872454087481583842995543073460568899872044799200655644535319149923447102629753575449530158848614324985225254466102396557200854659864437878662129446042115272800518
162 50380086513181324800440764665617387956660262847576894659608390350183173813729441909194711540251666831362483041528974985940140328141516353235044180734949076862188753353495337049634217421305540386
163 773292408287759693629528437663770146283986101734661161596721337627916544254273379543905031603491741095956969474533048453409441243653761409318959054441682520845411093103005732126276822957742450002
164 11869395034862214572969986241320111125530882132164457685301137177437192540709096826984929438800482803520668784505942837465651427159704554307570077622734222142929117894117193009446031859006132138750
165 182185337633867207133804370317705842541973075567949345013909012702342178555619995447216535457539044083935356134678521403135378256395340215610275401507955652451366608636119375295782056258838330000362
166 2796393341975536762678615280223277056709245624389401377802246660959000156087169563110976905506878361715113314329407016074957843664932545937964775456372067185205234433499968403292760160426864702869190
167 42922311008146972297772557776428581968986111441926782553913350698945610809020281971973174382239354401221775747124889860985353488028470684895470624258942151613662718720905026911423448756961198483779454
168 658821759666531086481303909305703401916528013312126816235850579707108191562762747308832046772674810959694570461552283630887468031541934237482466385473428684789383042952598772882292882313704856574410658
169 10112365825962150147106377055389668345484612754710030407158257182024879626245483088226609826437324147397084353360711208005527075433105664340268667624218169927183049115544825442325992451969700492366546554
170 155216401246138263317216397813969049802911306464146465246541467061793101232182144553961727274656996229599926605442142556263258378829404810808734382181195591862087287432886337745541557061052748230965476700
171 2382442608429855168475183211016368303670132441323070878338991257241537214234538911791123842311312664963027121670003897300642707015916454632022533002179026415072368811428292265977806562819148618845231256198
172 36568511683640585401582236494305866634126469520785421452597115828524542643105969708050982690586877804632176974801097879300866279638845658031318356600693455531886492412315385164276989552482927762459208233560
173 561296226832458462236878274456981993543534922981578337312677412453784468686476000971095539830888472642401517724683339204019004113208950625485141766561111313989109460051772048869340122638994621124681592627822
174 8615430044895648707840263606197582640194976010710412570734331681753354702384155209510825792686978527000723958596161128888487545975616958800441740061887707796410352046849738411567842184161456249933146068763432
175 132239682560072293660754179826023016470618777304275560500549906060233865477543961770297408556989001720793979836420385325876032972865494989232376339400810394239686888450684910473165847020618755403807702171193430
176 2029769094805585803224676143254025885768068202126721073242270488607149565131303359458550991824592925580067701497085854267254144554986347366516708063231061826676562906290478502268188130682750801061708471417705576
177 31155266698075434644092495408398353657058371217013021022136220353387880024983311030656633834695184373661935357297296094129580153114179429496143272127949247738883070806276393624709221873214371336479165262330056098
178 478207420495373395002624208117502117589237878400325841594875041080806224654844655096834515719336282865759849185715686082023546796707511585032852481024563645346646895183730060268290354495261678373515685122227138554
179 7340086003210665559741373021746208472566540800582685519684148548982061662802841242235327563334288078843599360002809236538385002576169689771184394441141562225837028157047795348673237355957930759014710507997841064834
180 112664212693977582205383972334488867019746035916146554351720392359821385334088273953863277595465187023590844566667991889613394422425727173779349213928953370441377361948648205610976057719140807236881032467065613805208
181 1729301920495428698348386173620290701146567442598858217340613644593385158296643434050231426136920716083818906783063585354164131922761684051761353459678107505842316952714183453694604178435724892987297809292111697286466
182 26543345581724666998533075658615733629318575927248579908310981590648299662195133924683432125403714015890899901123192121142523678160089232179662244535930767682298045438558964358096255431674680137444502705039522800268934
183 407418268794274916502633324621808819030910548571372292657340425468333183244742728467239781847415196443998315481325716060386105473459117280268667998995494564469792316547416168354592654698211472132393120349647771819146034
184 6253531426031291830500364663499458541404004720544312962374674730247966257720328339971956696741551985837442026647105645837506733123636772443259188221183181457274082550440813437408928164202124554518724413088906209629558072
185 95986504022252850721874380607196370837273611122233714656907931496555775813984233892673355021487039888073144702516171608830582353921905748402598610892479987873604678546170980233935310352650026610555433675685915167474049270
186 1473312969382663182356009536929812707156560765222059824417363820580344577937910534361047401174183170894110656768134137330107263451910472457024144569290729402332596484664132680478988730862385114093334219250981407269653406676
187 22614128182519611310599784481601865488377836115805796373671132834040506311311407803590973570354217545000029318424889663887118355346976471096204966795886332333811086108735606908271890525417269689245076723341393017379099420410
188 347108051095016368675092925579818547265350173322427854257095181742227083060614457193123140108488591122708498969786648772791880317223516416433077877637834481590034098457658740913763114896849943973482719617366314504089406137718
189 5327819766587900323474422272380035358602797503054768063917419906186129960755003779400773552669883323793739132768989320931825408309824415764584911019702495580921167697020943005723890584432742258939148552941015541097852554908142
190 81777600305429210756192499327899753513619083113049561409324326682992635043177442114581509229747411281437685748831443158347493545220174500882039335178688432788127185827487758867563311858498052319533519330372162890347483603194780
191 1255218120112472401813815316475906959530518838337097035941775424103461824138480678957899385265765610116881866550445730275832312128013743926486441291461675355484696114973439924528205399434702535418105850965319079737435215142057178
192 19266553716104665556634800459103166085029748340741118627970914487301356794336269913639371739018805563180539950431157469047628345699736999552239861371829441160857898214856110695805943791405294831116145678886242855006828820668876044
193 295725568447247664679372233405302227303649196945471591664504037241256709127543402484144948127509639268761707077951929680661907698755891445840025846893308756398776756951233526353378236546652987564590693837125180205687549495656204114
194 4539141411696602968404635353961754547725659595476086590021326796399892616815592299751178659287659823521624127478307746833449411474366845252295164559359545562969152445067535344316021035283815443312250401231679615476884470322095657424
195 69672043792366207590587927115161253941884837897322799559446272612590569863149077087137163203668058233541327972245674412740062892698448315206508050482172110114482786748411684197876372368531326879320588288182891591000135641576626279774
196 1069407900290780758859908904050815175881016444988572724713435930785236921373858916472438330010892118304936016404359712447319883934918587510452229781234441402708794678118120272665849824457399383506166649121899287557503132624912189974454
197 16414521448696780310459469310860809098980891238833314801195248011679208705125674368313883323220425746040165132113344507424858332169494435735685903677683919445278015767957227551217384716924013329576075383668680343080136856029670224056202
198 251949246229118612638790555241234698973987238900464844454404165851395679826123913501493475217063870056515764063109653398817109845915238375171029228556280331940259870486881339528073050337472280887551367254682505227710860036807050017709064
199 3867211290552784610591000514952737928766832178261316528028461240985274694586584927977319439492003363443433958881063968972905231162529746090928315672324662019706300756485431092703856168146068628452090407192924743282916275846730198626654530
200 59358475524784076209321061726124016862568284384285881283780558694512700657460803529646905135895188024022201911242850724017067521047721527198516999997201062909280639134679562423858972578555524099924158784232145457777742857958151955000250518
