1 20
2 400
3 5304
4 68064
5 852448
6 10682432
7 133744640
8 1674569728
9 20965958400
10 262498839552
11 3286544012800
12 41148269700608
13 515185556441600
14 6450238643180032
15 80758433426035200
16 1011113686205526528
17 12659369962603840000
18 158498149158359347712
19 1984432350167791116800
20 24845537776345314677248
21 311071701357576571814400
22 3894687418584573728174592
23 48762359360501900752806400
24 610515667844499303014240768
25 7643792990573179635214860800
26 95702001373726257621628252672
27 1198210505992511518885095744000
28 15001864078727465332871386649088
29 187826700492993339495710255219200
30 2351632386011936067390729259069952
31 29442964522216522340582873570009600
32 368632514594098971187892842813854208
33 4615361700871911340421091224725209600
34 57785362892718241802270999885860434432
35 723485694309142217074926543479508083200
36 9058203040824741853011631338202376688128
37 113410732201356499425394792879142495552000
38 1419927784846466209672274443945155250074112
39 17777814101396629910523132856839186284044800
40 222582216924497153393949841588876211963662848
41 2786779241162827087313089672712525235987366400
42 34891100674095809714808651583352426669372436992
43 436844400255369551815627871227881794324721574400
44 5469389797042247835821752142640793976817234170368
45 68477986062091326713736871108024879052845212172800
46 857359732827203431716217613801094030128200471491072
47 10734336007005586958554026480276631781075157573952000
48 134396292593927859194252699683512670469906577909682688
49 1682671704258611374590811899048058686441277975371891200
50 21067426858771133118899205626030698023064485551695524352
51 263768905916930837027662698752534658569108606543844057600
52 3302445818135047642944005293840116626711328811512752951808
53 41347361789309445391235581083781943826588585628653018841600
54 517678236399194591110983490526524338941506892861275253944832
55 6481447542093741723228924715262759155616829791646590944371200
56 81149175853161989629253815129343720514494380566120973155209728
57 1016005868886528864614895052304373336202701710960303420775744000
58 12720621186341327577601980712167424098522266274309160778606080512
59 159265028206709923841879179530744781188966920907795862161896972800
60 1994033847727496420152992958623092911791223497764830261107251368448
61 24965750677683338987657643708265076325576286271653949355095415718400
62 312576793824527092586855152687716455183285703835361586563106361979392
63 3913531513593055085447390299022311171310754285292975038632488773542400
64 48998291653358698777012641968146224695701176216942350826573561283219968
65 613469593028361917033475391993379509208987011689720843111597402102284800
66 7680776795910732140154600181153411713322967951373055058382323128775209472
67 96165046905386405224975634415483992967821134527611906084481800655575360000
68 1204007939826955836488625974559910321326697858496793654322243508517730636288
69 15074449249659269018161778178306164010733773945049856351662553746785589363200
70 188735483100894228746514341575610617404912748600521563394850847957438907658752
71 2363010547939791691099094900583074240135799171198693546150579563373545753305600
72 29585421659634167813024609011789066620186289181488835211109837650280094530769408
73 370416109882152199410688476517907386510672765908016124053932491292128947181273600
74 4637692713618848910775813463180686722472176788024345422812870964667862119746335232
75 58064952177150689916509551994440786516931543060069305292447541968263315521567859200
76 726986214811964843030550574347004977796467415859149008990170452111320084206505251328
77 9102030342058964178499733698047684216746942629081470450490422036414464273064252736000
78 113959459835411610061822322722855473099704061340535032158348457036080044005409752166912
79 1426797977806022784756236722569027199263451296741827655656863157364883581909614489100800
80 17863830457002296958132931732014359151752899492268790828039397516606100635912698915394048
81 223659160974720469501492310720241092177816185049996366418873716473364383873394217128870400
82 2800262822037008977342610440920983350756516545591038652922310169013307474473202090520801792
83 35059918128589294315888675396765776459650290211106508881086292185279148577275500357836710400
84 438958032621103326363921371204256668150333651909921033590294264941862532304990816583865389568
85 5495852947969865752713658529024872483424485122284690126425173053711521170819757350276125196800
86 68809310642643331778647023472037339168791674365547913252215684933568667324831701999863435407872
87 861507990832390404672250915963950822329844092011995580124445540472160305496170707688584859968000
88 10786273126940752200104004507481626291703034405487762593519195837737675731890492078322423073509888
89 135046556975696504004223116231239647007641582429434162063157801479126981934611531567201389547635200
90 1690813160056021919587839259137321585663080544683617335206228717086892067558416371948114593391473152
91 21169359710022968202913925063144487559623594973968724085006904387538912436181033652592940547457753600
92 265045128059859311449549416792828064091997590131567945895648284669939963686732625347309827385331307008
93 3318424405392231085517368664549653485163380723081459959550718871431015781431499871417498390261452505600
94 41547417282900527970667948989642175597493846634822498587471166700625305687877459341994044169396873605632
95 520182976015519496794894219025710706893637614740605169410573718597786111593609512876350515317582738547200
96 6512807443453966530179208319177836594649738389189244482327139729136934586024043390093823871407543770812928
97 81541808846593056519807314350013480891756894172059265980828166275015986110168138473901465301655615966528000
98 1020921721961442206692143625967496925577198245855611394113168534089422448845971429710705964161707258864333312
99 12782168768583362534391224125184775747345216381872244875049654187947404234811321210435277569722620266620428800
100 160035617730463506417312080978551676439826245733925796766118879525063192238895174233230421869807775046859739648
101 2003681801269905790280874001504772848525070748522910002389341641075168662364569637062097194750319729612966822400
102 25086545218339792803301592707105314786572934314999387124704259110986765618885257898643396889047096132098264904192
103 314089168546095227681599212161596044655102759419190303572368837332099741920485418008725938860841608520545671078400
104 3932466784061473307023358562839079853220719787311676694055614686802786943511478573714016507743187986232577844679168
105 49235365483408163914456386340429899279855026734763220652890010698021799135880275004584045066817217808596507920908800
106 616437810513718900241603181015087325952901502857286607429262887634374615349937857093259327584379665347363684708086272
107 7717939544066193552239868620898704611809368119724943179270310494542573028583502981395651799851509197105810730387776000
108 96630332841231551464383182678219112802326626604881904279926172454419872657325805472201375635233954763859080890162303488
109 1209833424023917146852520503516067274310805327238967620283872611538589683265393259071431692977469584130804572536686707200
110 15147385617416450558918073246897883436652893894700020805794474883696322517084428400842562563782227123240825635060842967552
111 189648662771759304761918689712668877929010052589893214723690298321371157291226514952060940439230004822287994729465117401600
112 2374443762081431483244604316944103177900405855085787296042059639602003062484152781979409801367539255186663067451251138564608
113 29728568063106728266277561490732474674231692924173571241300249680822649391923155489209208306465635034812960657617854072537600
114 372208334935691710114189888597322533536890377440746970207355690478006528862727965867605386616972319581946106336449463371756032
115 4660131772963783271110615327792424814423283041478241221895680622945206899654204924617640898306437033288494650890327861816435200
116 58345894229205530152130470601059570804238168456588397423102351702197997927899860747811359602005405108827658224322592623095894528
117 730503672268602958864537580415432566252598861315839823158220131871182809717195341781491796394975803825687810185650086362957120000
118 9146069697750877306156990712493068728142135976434103221517648605918440366082966727142038404469016514739982986047654596283318579712
119 114510842438802789564137078533992673290374111199604964559194984578140597338825830888498648943834670044412456496274783085896850956800
120 1433701411576700359433746842744733721722909826796992657262263330068265020503034165852831774134380281331813386167480499703839788405248
121 17950262995013150665678021953507018838121612801925126676077504610326241005835838538422339499173118890521922972530763777918438769574400
122 224741315721931788127052738555621415156039565687644295817563020084344991710724812532039043878011942207132308370510009625600281210286592
123 2813811642005305384270834078515539259688104014467592730920889893765712126439509379501590947420034898413471710603512934718807922036646400
124 35229552391162519963832626074986132892198997753532514927321104049932254264476936900398065062974667101985350832285852694628279576885088768
125 441081891607059005519600601207580435516391102309026657990333961318991280561692345014917062678380104050768819629589149137103348882129420800
126 5522444138474658548300764253730639805847398382801197793149724086850690376689483223585716881658019277787233111354898891844515003796049244672
127 69142238307397877853859575257210359200221545397001025680615978198690337283391497517352569713361479336852404796071676230692795680733118784000
128 865676319811077442856436387811627402735100741841503152104420265920451017495022696338413925163207303083010430846566971778764333054448021017088
129 10838461539962457613600787937325159877219501239453986753384905567696947474133837935213418700349756204098692657724372663029406268425920446579200
130 135699967603228598261399523019874088056186636384109817607143477569376131603669942349801380540377393463009532365484665100633722976669578158141952
131 1698994007555529454640910462748865574063631506369927438265348545820175049685110924691385987194651219532692188877138063508998039545548070892249600
132 21271785754213550947815159164017937316813755528163227946305003866201746909025436347951249173012277795782113613483928073466132649566772162736542208
133 266327525088915621917501154566882767666717061029760417098596666389134436137485107411494933927950405240372627778738948004267667861349448727281369600
134 3334480303607654444451926143730759179025602471060337816276957388047296233708717718915111344920205814170009477734757515051137001520360978455176786432
135 41748440727015755469328281763143366276431549571913529022191966648067921788472402093541830709353372433719515620138654509187937797688121517702161523200
136 522699834589344384404736480105354216419281604884184837597386133345724333173683944804001279457738545886870820135430001088191102456443077425639424496128
137 6544319076878199579020470219145157045188615689471361488489778942433980698729442971383497421392661655710142261077865320925009061913876245926736264512000
138 81936341559471793356386965876459417836079016145638237297568386363079153114427489523637026702051544078384488714981712552691876427382288923394427690906112
139 1025861359949606708208811334891332696532070574476877109601929650051255119140970992348573754612612191694071858620613508652899820147435853704123339740684800
140 12844014143269991903457193924862033744286985109334744596001746303272341552924688499509019093020009872319335030397538068040983304815845486281225755205390848
141 160809935682364843251173791966238394671555802071068902453526617770040146780790517910009295918379564513223204833632039104710571146210721808951923994377126400
142 2013376435568342733209937606722380080077824521934483857365545762188206247805864702813653168172048455981078983470496993946814931481407064168073701906172948992
143 25207924212523832581945142053495458303260684210870123204648070983187969204390724316157684084071785869470124294201886323605039985098192270610355221612693414400
144 315608860756816835619400374973633608393321649682186174139902898138036728407791655987219690565044051734392919539757934016669725031295870948845837072715450618368
145 3951493671134093334990480293637420806387248832237925689376705611885623378283669782683364281646911569939415027629231271596126067361171688206509692259927390732800
146 49473586373875407312313228709410176623578049553539493136967260021589358756204801111759940124774430447013650154652085935114438940449970102671684002028364114883072
147 619420389452586378165436651747651334933244553274090724241661032688610003710302525432871107421908378824594225904948595480765959431268094345846536737958090012992000
148 7755282100838304459488602071726891706124798584965076530439851149889362381675706747371888435386958642228635309726378717525733148190164080151558160430079718473650688
149 97097870021255970988466197453315023298119372570197110986123286483547699663984823813854756306947322607407531915728510328785925490513070779652054708420802178267251200
150 1215687094302553237035564428475847806678306962123847554468487877272326656860350795612187739804048989417151195841353871799712483268478250139789862142527706213432996352
151 15220674881233282907393175603552729230424001294009257529109653974510414148873121954694661809066994673774150374713786951720908716661821271244306918268557045992942297600
152 190566260780382498384603303174223891634029954931602483591362029818944929705132341910764536319438362469005070436604532269151882715493571825996201341771271099755709239808
153 2385932294802043578296305758834041668106012019495136308989394754653510815597731470619795238346791632300138271923494320374716068683212722214260202038312858959627319001600
154 29872407067586057079482654682266874215344934567643462267801468765171147070272280409418496418171174585364894576778804441041744542341886506563758593930445820740527424696832
155 374009231509062139136949837151744617222587193062477366245856710800179942386061445286860970239214220292649672885678922369113748702260123172486678629986940616522703133811200
156 4682679401680467272419719620456410123943194345548491005492467381819195081553288211594254866221207834968574989986142717104651062988842030272623910623932721786298304500617728
157 58628195594127312589795521036882024174120292447888614268517322147715054943506828206209021261722815385700291599992960626299607082572809736579717181123535421948680310928704000
158 734038148626985255961154745788262757338677522451612403927124739182191587698920187882333508568349732865813710643660902618828298859370981242122727109909476970144611463757312512
159 9190322133906914674049651115840007712520707475810830612587975621470965830104863072260006880305202753675651219541841052018542624506787887117046145970325987037361314485849612800
160 115064892857360533791807006000196922936276165450442618282491845350214503100775870975579023035003083037025557025443665389163364623800007280731546007882057540976537169819414696448
161 1440638246991175757571986429601711899034943166606498362214335049747076116590783117344313160045275469775209161975274355487195452623412532278338708587235874751325910579723629478400
162 18037113729090350789869520780302349835892925219166709004014945081345243744533726690968210540678265870755615830753838991329187172107535183544846747783515927742214835497795168891392
163 225828706377620132445402188730865194494457177061680457426350216966759266380682669088876015598835521842081500310936924119267476624955595067027521391804139907596613868636999401382400
164 2827426016721209293211977959493122391881324418400352634662355527309117243807658601026377891363339931347264304505684685034851361792106345870019693623749796536387532581821988805267968
165 35400007413867963294020470996762505821527880011667637432022286351495729236932310665106114534071874366040499241832110247475964456686149357524072658131263344802755100566173916344844800
166 443216026693819333274026119106261501110459441499894852562422601916984453394337448720727500327468220963405307068787709627125891037250460602039774127056310942553736219622087558761001472
167 5549163988064611797052105442945801634755134216650305699984086395754074070604615105432679833883949809327012737552441665797004523138384675556779955678660159370999424317489712154030400000
168 69476776812733788855748451756124008129607393880624584263311081568321851613533871033477931351247397967848761507105513916665072725971637272182720154700814822819199824563473339576144204288
169 869864816874865786260449011560916935945351037928828065463971589415915058458609266177461274412063028366923904981378590761324432022052416090446995705367243031718488364736677296891588723200
170 10890902461929715437618110282002631726575780322232734086186649106861588901517211498795625830665751477281654064177853609211084807897845670998568155610749960642366596827460919843005963530752
171 136356539699351474288398683852121039893201860731574594721360597047480152034877316707990862080588014355793222677996802306358716955982565819495308692964137029726629835198752755330715427545600
172 1707214437350343930179691876258067604223772550109000961196368699358068082873528408171692980975753988234028908105874473556757270229567460635458925447177031774570472689311083902731390440657408
173 21374707377612585804502172509488323332939701787914123452585699458470912868742008942299006362696265510561858914541022582946637194273872479537527932047002383270486486904522574913115044425433600
174 267616126880731280441713434532098678040354521203691601351076444142735150464946963603175551298444355577477607318644220610350251257555607708819851346053707341541906386398270604101854094451487232
175 3350613886843440219785203219847764668580299083283165216351565913729760318536520893190026180126551584309834175854584718188394207747216457312955154120262836849744969239695720934934370720093299200
176 41950436804996736628658249569837358881162138292654557994035283043770695196447822600576721411488014594476937307432671998226799161385678194344069099868659959586580591315624149977130440806868259328
177 525228870757155828885490299995887070611855818215488773221527706005108480288750457255781274627230417212635687946005659683097167229065800258539418195074146853217953270371728314383370048805989696000
178 6575983176508394434755060448430636665150122981410922330652799491616593527298731090686145008821777958354125865668825451661812652433531423238507322468474795181526552086003038323562647988830493798912
179 82332783183419995134710238057202153816573445639926615571944664702337845858279869624465148972571665386104071319651392194836724201189887233991846398662067486095581543587036128098296193806281737740800
180 1030824897932187274638113365718147275499376056159366174057200541632609559446325137893619037957942497518010688358233606078123249186826410712871502301718539930949039611389318175826318645090767520322048
181 12906158751243192365248198336461216872516590240651815802684674744254903299435653332797502769225144056098567020680291182463643057267804773423761306917824173000175180439882656193256357321893214366630400
182 161588000102078404803535062956325485237298804856164131528984366468623710835639027621851492782650446175894293115211803523540130567532282961183859751101759236875077299240306419870684748171699765414113792
183 2023117976483449480182989363458211655273928785375780012886537400643639746859098140230047792076174700408351199708273840851462040895044958872399967354910137688870483463677978009036838904540777719920550400
184 25329890488061319089637292659982943005289709554002556873753644261324881018780203064640438217729736130671760875854630652836602482005369668110070961333368576107357432504840999101795184450433142013013037568
185 317135905861705467322916891443459893262133315227979217784639706564388850575257656830545427574028042648027261958134071675940440404103291334941639395623940307844869616849501105453670579034358718865631756800
186 3970612618089619821071492543465701209100056723425037278061132255273681300379760029235997824663229605162239967065993732730521169815791127622120346340323956971470963858045832668923920332607499284593043599872
187 49712959874709159115569399014062972977193996367327826865667620021690484808246010023310539530728176458679879773772044503720934731498557783171102823558689443229943039231626822133803130220507887046134131008000
188 622417399331566310261947073426940833822868670130263565243333102412504687322304329940471805986607834718836561754937130653467112426073310054515609812295207405649650558126047611863482392941415007295308456677888
189 7792805336214894775758967564559582336565016172733102118985518133334529762194090946297086377507285165490777741166391244177187194377935937979029798216348627655910779822684312801780151997645347079380585850995200
190 97567669337902276544885315970757474609715693939549603634241994066930069001886287101751439614616246810995454651285282237969590018582230038731026371708265072501619109073898944823030071313027471764068606245745152
191 1221569087038686839809487505686535681599106167385763431637619331878391951127232146528929602882926272352954778312740021311550557331373039166132360216637348362749722185659213644657306820572368367188743578507993600
192 15294318748565631314078336993165813723892551002404092255684809849897083264917828888968746235636655197432280092477605205355190296503179032724669235547715385471672049687986796309956213093370934470495882712114795008
193 191488298504493918645973093687368555382019808486453217160302299611307748709512518045231411076757654931669451494576028565230537884717425178600959740276619713575309160927256349458011038817139047046550655212840665600
194 2397476413755600131805584336439113813914911958569403724770974868040745181273597340091799062144092387132126214443546286577351123315931617990845749388567564449905376642253006192458308073824460944787722926069793157632
195 30016942024159872418734898664596406623878397751253066847466145656450624212430973038867623885195244193264235667066657710355842412826739093612989144820559347875138505293069605032826209782236661130017919369864399987200
196 375818841558632765830720535364353750503291139147517857179576798155947319860736717794998722395535761429747444357849124261728819753760404944644262257578004868971461111631031472466246686091582371611745931466771871420928
197 4705336125072047580373678598442711764752513040741367038382438524560734008610260295210353350835042966912046846586229474190200399206693780351823806981845255323300432427829523689299963989456658304206015783628084487488000
198 58911862848829164759267364946773887240707292427051690374660667658855936885815321835030691593768584577623397725122263324838778864059835914164121104141657625242098403547729531558691131441756191299432064129591474076365312
199 737589726231538112949142195398788018486364214284945730307070504452038431379486104814131150360460453246320229017985492744587170197246638834178812721924542299501468065740988447414326310657810160855532408206870729965068800
200 9234788681497749627858797484430688524172731210793836202352096083800997726436142742034576609962914600534984076168383995200120909812896426712857316561926109759802176086347774256105700512068370763396016916352884403426267648
