1 6
2 136
3 1366
4 16676
5 193326
6 2264381
7 26495227
8 310276380
9 3632827590
10 42527506151
11 497870194993
12 5828719769741
13 68238349389070
14 798880050071593
15 9352648440980667
16 109493443755493253
17 1281863203314446240
18 15007044028475460102
19 175690635227485476716
20 2056847457425318663978
21 24079948880368769850433
22 281909060946705464179951
23 3300369066274896224663027
24 38638119483524473587498924
25 452344646384375337081992420
26 5295694558575748539696450169
27 61997817544949307237067005324
28 725821577849677833411880945672
29 8497346902630317851343597856967
30 99480239479581055617244383565822
31 1164636228257039453646064025877376
32 13634642932734693888358379404304316
33 159623651911913412961674749175958792
34 1868747892805556927515530418545006027
35 21877827283340181513659341913544780394
36 256128356576255547605498178985642852535
37 2998548904918428830730569611064239915471
38 35104646964424370089726564069452424731158
39 410977535325672030293797419319675473269476
40 4811401029428727630470443036615740037001012
41 56328090652554353094637376701996319802327172
42 659444884588866945829283058341125670450606778
43 7720260899535813163436211850138108196679454779
44 90382729095033991646692072101959672247155751286
45 1058129747811692950736655280330026218934778787778
46 12387749013716765547732496571299654418363584466799
47 145026000775615768013659282884841764641582032309337
48 1697850099939859416655623295861389652295488678153288
49 19877090635119259201209647781623202241811187546312401
50 232705308985016279247537182312659074443176670652030864
51 2724330327001449366123218023204125347825777720784268072
52 31894312007714957194941214941377417772172789319732082578
53 373393464207811287134177503061062579721498015818112346599
54 4371396350527483177500119211684931001450182916930084418482
55 51176862706868026119334939757628927440709071197813432952395
56 599138368270263102373986808403855035939270206950513400948776
57 7014239743253730762247021622124246581993065739186782038001210
58 82117189920387332523580007591548934676058698169229133406077279
59 961363330488750229272418852844487059669389996103250130822930902
60 11254884076092391125145208200170488954371851703229410328649728429
61 131763311069789533253023658302803483979376554883664616682012237104
62 1542580983215415231019472217250750196779277183388761469856574611987
63 18059322207814628299188981754353468686165539148996837075232238755395
64 211424309099059212458830643533861192329083640268260240282632611975651
65 2475189155142923851293384607403299813531567005075496834669136098785093
66 28977563553804243644609909193754996914787219864491962441555705149926903
67 339246472444356525987511448138128105450076031555498733065169647014115693
68 3971630287420437817335835912399454431872892292234658236243276006671230441
69 46496716756701393138160584818275721307288430176436879932750641508751843142
70 544346908623534749864952010774632985478066096110659612225215442717729573208
71 6372784523227489092613039115753666329723207891983437133964306414725210174537
72 74607537833148531497364391752864335793627531631638684725851561947309286329345
73 873446243355118376275266770076804161772996732701920595002378877299292087059298
74 10225620120815786814867224620321802675125609189642965415624251684423044470069754
75 119713500001533812536378027479826297204770965128227631922227126715642845443079496
76 1401511293524749255011903908059125469145175010032427465355490281388666740608763799
77 16407789479484347127621509123419885016637139826626508184676645280957037596759177796
78 192089465740950272034362004919367250083913586982399806317587381899230937059308855754
79 2248832049849247879817324311446613067286291376229115473266048975634175007562581584556
80 26327552991632115534963476942176153787275376704041965884167278451704463610866317688621
81 308222237660505733357250873408325863906657097824891329230487585063464122642295757817649
82 3608423001508881041366405013401588679174768418928930461115157692057828369042767759009409
83 42244572152383606249228100668481638927850105513736921491262790050750373903235937716242941
84 494566151360775326329888314498466316882730653227904690113511785208847726824895014337991574
85 5789990657012921653051092850182988233343762796736106898282381943356663317522272799740747432
86 67784646636364517674981841033336469322482002194978409625710814054111526853410637701278366178
87 793569211385784330127808907513459200493738682991607038234075637807165388285397079752826376743
88 9290482793807347641105578455403341031163320716564084945517911140102591302400082186642066568865
89 108765649301470059715168345501224311311758611881420133993545740029809945025003340777468700720674
90 1273342487201606125992913236089482928144149848677758137008278906097780915532127066667909851023965
91 14907290124464488018266681223784311721331617211295378221811991454158152479897553352767945651857331
92 174522802065090901698068629430966357993393978469705658188911764356891129539476403486085207892718744
93 2043175398502887996152477158883786521165203088231274520698042512464981940248225874185593843869178225
94 23919887027085825452885324268701808390360875939982538513683710405760158329708299128784420469829699489
95 280035182396867543564348133725759194411492936482571700239395643074557330354796756959773599084292200979
96 3278431177005470766718362502825060822424257832436043986085080478950871578496128927371921414830926148825
97 38381287988054261377373150331589932908084015111747079978502805905576710968744846264872332904771179321442
98 449337865609097124751598075817836702174926143300572815102393845870746627304884967559195127234372218163391
99 5260493538751995749543149379671443091104674235382393949973227555385638052016489508393452279717708581417822
100 61585711753314657895548702739097668862422190709098898472973798703150383065408408773984199653826321260605788
101 720996968102381981953638146213117107708457554753309417129916954058604800056415852717591487514278881036095275
102 8440864174714172140120134194287297824846528506689864830540755957986195742080677288556385189236876705151417447
103 98818984223323223295855536065526872428854746470678440078549582183404225699202028852499942396563016196650600089
104 1156894772952566419697856156134422796809653756585670096940451547127703246279866223566174427024030208914039322937
105 13544012076265404363398586835116061131521787471815807477636446443828368491319756816949729624531338929097717976189
106 158562617284419438051809881689637976085988122491597230093542587951977599742484865726377398549074284898113371542840
107 1856326135750013109402387000656101762137182533300892625465197249624345524336575562250966021222183219474211701348777
108 21732403143216652442145194098063919879002178968397541119604877858396695713201292553494141444303510428321552519697097
109 254425845374670822848964972166735599926344307659028413005424254354997906391831570098104930385667961872567169925279488
110 2978617245779415911521348499269532850601527765212869350734906621483898709745519512373759336181816042665579571314223138
111 34871302810409428562517811185278678458262819286452431708527450672608665158554596386974134180927391698146367851286962273
112 408245725904630387072360739882997034765456153507137048390952202752224452308504704239068171593478071695981264555638881048
113 4779419158083407769231121411796302707769090182224193506609658872731284457125918462205111679261297603169125841714984319751
114 55953672112640783398300857837189206716700124980460349116221317286658692363913040492253545961622751732411497804513961931199
115 655061487459995173642150510893725466210915968454651838900653802815090211145485870374067734211319792177412720206751255552365
116 7668943541175735630253574880907744427984029355542972951108862604395809890162623072145540831690859809493196070587419937576072
117 89781945914402032512283520931416972541887729333704547946589882860105992915935572327917077348232382788733206815049665050248087
118 1051096251901836338692904630669413400572626155037591645689988697089866976044283405392951217452593107036600107882252842784873210
119 12305406387776517641405304518345886847056258568090893667851083362291716715020512047500006685085352501082543763667746327403595775
120 144061998217907047829738625612357571212956918974174580147338673659504417635850090488170295878409496176489157354059765080621575661
121 1686564317871853676518379891938368306082730333383247058411757310561936514537869861579174033640881502421052827258969041225446188286
122 19744965594715574668332860258114331739979289987875303201581563795402433821511615283250584407834630013350424306744587547262051134067
123 231158493159893756443650929766710484324819135762443091114464571558636761693061021606405392095763568210554093703512272219730911547112
124 2706221426602712017115519641932290489644658082826446166707042889760087346008207809339680831829304139140344102393730704874260708451973
125 31682307276236719115551398213423788340966386361522401508837482269023478021831788296750118988441044542550293473387600025169512149137780
126 370911479924972462121500478436354229520603885248995958243585215217764894292749566297896714245944620096420530025041645689767787629361070
127 4342339234974893280937229683923543525442978300856239306871908723260355618666214285410385017329718855329894195538025010445184474747719476
128 50836684902328967398449575507866679670593751106944567146703973984440520917113399702626566015116254080230977090527457068785408183870955070
129 595155834680802957556131890007618145672760485313054562233576395288451948685130845121272073758736975470222542156292231024030771904945321496
130 6967615379231306079683013186740236816689037362561659773949842402098770309260306751712520148592536828505999900807390835364020862737357779000
131 81571348618195015200094918542105391606414147896368223315985544992420082622303167930968975311150978158705530914118045331225136614337729937840
132 954973050783579244277034670380419678926088387041108468867403107604252809176935855937475085325923641078434864108937549810771574488455850463381
133 11180071718459673074552319612293093220339890899572407077256893603548342329369006691820314066470509835713078974698539235250916871778589867301461
134 130887466957670821140807312894262760417201405910862550170386744431647696780200777571257219620628642523609207148011445419895761694289699933137714
135 1532327290737241888120308773710369360707766993139522796934520523130866289678680318711006463325368961809077999689334382757546903788975008266041168
136 17939280058781264548060803442177262268334763556100310208756757121205409526497401241744287195658472601455843174945639121073678281284633619891882259
137 210018950241728294874558120649023957320370259345348858639558439294619803810423505304585188667991720396103727417147190256372744311264363174620399889
138 2458736321419249559896047006161524963073480492159156642281230900210939138163359055983891672772225357913758813033127276225938092269220675602970002279
139 28784946745558565964053665413826884824732760760120110090354311759167396948234483003064562578964478668205279381050176046888942799887116594925255174434
140 336991466684141098669266837466276731137180905967590084792773175673235146876885391449235459070255681742324698058772240206518267674340823701951728854833
141 3945230457494282524056781155826944884356567251907574543516007030686082401862681092320413788927674795996073474296985561826596290421710413913838590803743
142 46187648357663981002491076779548374163972340068729389066732931254540105293633535145086335880947744162744990053526911521415945701410806546588785911788539
143 540728579431614064135244351500338781741090014133118587920726408952063150781619532109200169811024101159444801903349518842463413342820791538119197510251540
144 6330423977206345714282254544800755542266131699323835591018256780544668397685635639379529461282386005093445759369393828127076863275298787552387288116414102
145 74111613951149035432159060647374661647519857016626786066726456821586054911715679450931155227918929149523736751072073064486547452501515719701440294672007266
146 867640357458022194952839170446548954057450922081273469808981113591833277480462323658036897777956254621743155878565095302970318686538994899961145095258479482
147 10157649385237993884551034366943543460438657195999469868317589610953091656507409475007289629855837151520473113883586463955006050914027285433627983391786120029
148 118917752207506900477433238360184792771730374719338048059868949550328453232597567981810401097199716755490366200569069089404195698054272723499506464215866908225
149 1392195305602653298586284954683693652422084209132274493669339291752110696887042474539306208047057796702770253214887683691871920115293971684624119783218295425901
150 16298725236245361041854990843107192251215385666338207014050062498821938616497647782834711358194723959617314944770346917533361803108899855734412570598020592574834
151 190812627551295714720128283803341807953644537600020116603164222977223096682713589030202192597225461548652086428579244153839169147598246245261695521704160930926510
152 2233883834795961241518710696282398686859178010922454373589206435252777624525030354896152471507779737804272808968225489881745534710752585067082135392131718362066419
153 26152551072759561771875552478177710830241097991764075316581309715484906785972115374786984438801146678235581752906994806542682756744133994027465848924216402645347952
154 306173453140086201709695316185141585510991671021594002217918258849406169671380790841774040609945652590844349503476352793063265352337228448702505707425951587511532948
155 3584437447303800816422197780350439037234525893357662307777181122451418271166428755244954055833822333819971332917745915010182549163646627707319530625288966280876337995
156 41963768190429112609886340565159431163432926669670845425231865230787991596124751576137700977972786076113058775503211418863966326489791519904063338959650447132290692438
157 491278719918701754394260154974539485266300113947449968087273881355132214547492796864497282006897494753578149542446481765693818162939664282830057399819816131232581264680
158 5751504001015933574937011301097573568502701489042787834268878643220330009905844227323534958466823525751967155333638248497177726719341673603765971169132966931728193815520
159 67334075205163444133435897136379906331055742122812036785122528433489978995605664520293218025605021707458057456869335141438395753508421291370854869612387144498838795795706
160 788294276233442920149925767247292708760191233272864376924333750451786955638171013906482471932095997537836813594813642853394697076127887523025601257474263319105048452490977
161 9228728011025769460641707016631405333187996125244134541612259749598044945685581815910326898232118183237658635099454267640630543328267097858320769637870431356895048048585910
162 108042672983039468024174016316648229160590094147374583370147487810001986042122792262227938462434324135677855149553136462517095714699428091571026367599400985390369818031949133
163 1264878450353477574657748901112009236717136728126876529318812218883224097796980208424379119179311992785312753311556348956771039985223416647170096820523522714642360637764460489
164 14808199852846752326456054876645587583669872398919315594568864225727489505170552029709581033118166060165119619931055558573505842279072895727438038082578366023004746736502316986
165 173362731273167583390205635853103322667849606192251298347231484778514254773228809232932879367972930026096353625671880658044504678162662049853730554485389370876890504367454820054
166 2029594204100018653295636796062810331704274672841313761546304490859578346943551373633119961026057919561798660284531954445683359145499396211269683264078366294252063858195505291444
167 23760889108430597560780116625235061970333214980156478840137345544029281262799964859703625410682108406235008974208671931660345568364310101505866952072178597629082116149119550605202
168 278173760095795599040330955982359981673803891673426465731405462388551779020190592702837488597842890852327150655716612541826844911151443740562108624522973939365799602295695762106214
169 3256639111975731169437408798208355555651598481136300128780523731712751097653802702909076771447161611749899180759528869821392778437714235129122141453240408462559334898500977687213619
170 38126163668340824852268261215335829843001807404514222446679898472712245602839042868884533257846615017782599089031210820620155910949940487939595487260814531676381431415153694897584884
171 446351071176333744450014143009121616471828078373575756400100473442688278860913277737092128903158495010508219642689046725554767755676476288359475947847989373855997922263691667947449528
172 5225526503882068030726587748896004972448083297615160755575401307329976657168271740400698667757520814404723337103034714323675637232417198899414526684387933812627824120541021098544323213
173 61176345271918244641638569157845173661985959350628047589664784862003176926860240043278002901963974655952092572030238209800059718927285348033839008030626777265157754094696291751571451069
174 716204428022439356576100685991998750632989228007437859318213595615930832195008694121117831221911540196683005159750461573968293122967582539236474792900258104081639167048149388861900319120
175 8384756893191006114204348599691550803657463670522926120530086378867103130926364888463897309047476331768023009245873301903430847947877572484237469843340962129873718882834798763008396374901
176 98162124397967835801711972173307134706649617639051704511643103246816896622652039262102557822613120706483286193866535801853715280191081669300908108734035093609586599872736010387189919487632
177 1149204775888856186503315556464427891854557120391440251170500140544330189445925335026210593005457039739988512127938549556642317233617224191326212297356197938805129452035717493745615069770998
178 13453983652304665049898134071975542049567992034545953636924247147886456313245658141886075770253382166109038650621472698301596432308576556418292068815157938831217512985103772586982177400281240
179 157508635461838077767709459850051809811581067692476437009683390033044319463240985309325152431551076705499748001861557592586720134098420591962828158690306762691664144643839463367494132504113525
180 1843986947375279691501764339812562000741155165174024955975488523544550445059423306246450922755331720582226588053902087153898916682046744289400489533954987878571393567132596235937198070876117250
181 21587945652124197453789723807405533167799390828073602529595112301268512217754328092568566783972125948411430043336305884234202916269698620273485665338473003095502449682088789758281434372266726481
182 252734650937972099990828100943938641638404974627913350678827200862879325514192185585498209769211916489592373503328622514440340009155593053105395294275267746294133946579980548787040464045824441772
183 2958818074403179158541716090843088180358482571352695572983024349938669813011946170792695043674003713816841798160982285212552975631447014245779668627532305105690860724718136701569973660043337465130
184 34639509718687340122849684311416724763204421106555685723472512571256752349300115570094868921487776784197889907114171728453131225161347113488428160843532876443230404085603516715272927279979641334557
185 405532075098285548885259228778364899125235904524533957081323813161744396276976758688840671776161584524561950823883924547643717267358238557094566950226717115368054755213466730248444453258624113637656
186 4747649873485379101758496326412632595451819434960325705854037962180054305819521029066752080396987325704717560571989792664687136866849238081325071344992171876225641789106439860258275709029568776299371
187 55581742370792382165983670547433577996068317678256947262946247642282962480573796594859893054118685674196521307571527676915649772758708605036449404324178476519400507426902888731915196474793155098223368
188 650707227217068517441370152027720350669743234758898797273842751575947840779484907801215257774460754426544785941869641889732652663684159459714935569716243199914471219030960749456005875950513058294111549
189 7617967294509074486368123035950656186949145806981052122578622494569717462155540070946672135556814716003747897208282615718328603816887333137044871468261835778776731506322323100733099829196158948660476501
190 89185156200594370187844151131050022238469214563769755134014088999993246300172506689752715845312987159218306872186015128258303441451458770891063061022208802110335621294602429955172433853412187111415960141
191 1044109508353697445581357887133172409695206908794306048583462178114242597812901870597847385081554931717686522353984906825425318500565395091956638445087750029985656653387569025408312852518305524395395027907
192 12223611101634583960868885031031662778229401285608020362754948753050309552251361416891232782247189636880557759705377558754126487547868805584319957855100285826727742905570820427487893727833779015680916764305
193 143104403483114900755379279103367641863490025717277275202021440519783740284753040054532614787814369976587669741016175084980183558416382827317674858179560884985414552123261148463596457864355573762721311463959
194 1675353553543571268558977346729601417461016549811151712131093195697576275189509713890924040697146077679887069269559930948986181361430346567648985401758003197607242213918548755608150943065564940113165616122729
195 19613718802875632754488285725974637114277107682613795015185199644776021500371346349076575256549578740333741968830495593306640560300982454537563095465128701673226657053470913543235502004075900176564513284443160
196 229621959176673704052969156868805446162426805591507061610707297459614118491744419318870800997973726229539958472524801179122725607802717037271148811190120264787372508932753331603121234843868916691851425037683002
197 2688232897904278841560893841901066676634261908255485264225832271369614842121386660819749780093361221802826084342062267778321632897470024148852036367631373523325937901389721040028435724250659718404414716484105083
198 31471711761742320907006111584067068150625353428816115862804929877296358767090900322158417152910820835012123024294739905621920513244776942204866840429110859148536792177354551756256743093687324171450826091689221905
199 368445993643761299469931669069249234028004987881080521434239544270294937269641961667319620859012302577787566631041405289166430659717247477053488612990018023166533620177909296749257007477838239469658532056154180112
200 4313475265020765230682447581703728227029505049357110606283780152459331062529874376102550526152204566839879468113748868263614096472971251647895663509042370430403144351382912526928296021468310329272020740071057254516
