1 2
2 302
3 3042
4 16114
5 55540
6 152586
7 351148
8 721324
9 1351980
10 2366612
11 3910366
12 6183420
13 9398302
14 13840734
15 19819666
16 27715966
17 37936024
18 50997474
19 67408004
20 87815888
21 112883696
22 143392012
23 180139662
24 224110176
25 276233778
26 337668358
27 409562898
28 493239386
29 590021740
30 701508122
31 829177036
32 974843012
33 1140275612
34 1327480572
35 1538437510
36 1775507364
37 2040845214
38 2337069310
39 2666701826
40 3032574014
41 3437454264
42 3884615410
43 4377014092
44 4918219032
45 5511640088
46 6161076172
47 6870214678
48 7643388384
49 8484484226
50 9398168846
51 10388870842
52 11461498666
53 12620792516
54 13872294058
55 15220945116
56 16672656692
57 18233012020
58 19908171428
59 21704057198
60 23627568028
61 25684829878
62 27883145766
63 30229384050
64 32731098526
65 35395528168
66 38231077626
67 41245181020
68 44446679744
69 47843863712
70 51445822716
71 55261240918
72 59300177160
73 63571503602
74 68085747670
75 72852750738
76 77883279890
77 83187600004
78 88777573050
79 94663632492
80 100858138228
81 107372619940
82 114219664916
83 121411246486
84 128961177716
85 136881584158
86 145186805638
87 153890189674
88 163006284958
89 172548909240
90 182533975986
91 192975425124
92 203889722960
93 215292172424
94 227199426348
95 239627274246
96 252593877640
97 266115122442
98 280209749086
99 294895144490
100 310190206922
101 326112834140
102 342683585234
103 359920413820
104 377844480724
105 396475395236
106 415834443772
107 435941759110
108 456820445484
109 478490656358
110 500976120790
111 524298798234
112 548482504646
113 573549744936
114 599526317994
115 626434698268
116 654301329016
117 683150659160
118 713009176924
119 743901885366
120 775857425688
121 808900725882
122 843061091630
123 878365588354
124 914843517666
125 952522518788
126 991434224546
127 1031606137236
128 1073070570836
129 1115857347012
130 1159998723860
131 1205525101806
132 1252471253068
133 1300867387534
134 1350748975526
135 1402148721594
136 1455101981126
137 1509642054592
138 1565807003106
139 1623629863956
140 1683149409776
141 1744401368256
142 1807424335380
143 1872254636134
144 1938933768008
145 2007497729786
146 2077988744438
147 2150445688866
148 2224910540378
149 2301422787852
150 2380027514850
151 2460763800676
152 2543677464700
153 2628810673924
154 2716208930284
155 2805915010438
156 2897977731204
157 2992439387422
158 3089349542902
159 3188753780058
160 3290701266262
161 3395238205744
162 3502417298658
163 3612284173644
164 3724892284744
165 3840290771576
166 3958532610052
167 4079667555486
168 4203752338456
169 4330836056858
170 4460976203374
171 4594225599162
172 4730641169594
173 4870276361588
174 5013192086050
175 5159441028004
176 5309084864252
177 5462180240108
178 5618788173700
179 5778965926110
180 5942778735756
181 6110283010758
182 6281544760654
183 6456624578682
184 6635587716358
185 6818495390256
186 7005417316186
187 7196413742668
188 7391555157376
189 7590906244624
190 7794536632804
191 8002511615758
192 8214905533968
193 8431782612954
194 8653217967142
195 8879280495106
196 9110044342450
197 9345579022532
198 9585963650402
199 9831266545124
200 10081567593356
