1 1344
2 10080
3 67072
4 463632
5 3166800
6 21708320
7 148654000
8 1018262528
9 6974320896
10 47770334768
11 327196846288
12 2241105186080
13 15350212751664
14 105139754969120
15 720144021240448
16 4932553704580224
17 33785026239436560
18 231407115171737440
19 1584999582914166496
20 10856294043205101456
21 74359085943433955328
22 509315024349644987600
23 3488501649668346782432
24 23894138556216520566784
25 163660480820776288646544
26 1120975879491778801518576
27 7678010696874970318366720
28 52589756247153714214847888
29 360208206438053362743931248
30 2467209609711186596294805632
31 16898902216703290492408780256
32 115747318349306175900122427920
33 792799528232852433347463491328
34 5430200033398905993297470948272
35 37193604880734499949016635720320
36 254753827762457916202075089777184
37 1744910528778581271541019591525520
38 11951587853201379466406568555597376
39 81861189933203935496678417179549312
40 560699925364735215065705206954884912
41 3840457322457040680171083964816013296
42 26304823272483239219030995655762922240
43 180172221508735671165493036430175300816
44 1234071374178383460571370236327633497568
45 8452646827650311106738962141101682012160
46 57895547930163121964561446644314664852880
47 396549688929282256027168294920664775564000
48 2716126911513063942251446072543830918677120
49 18603836052336726955125506571361920285400944
50 127425089893690373982940382658622014811322592
51 872785241104917815387333642235465677180265600
52 5978054068677481137647458255560683479989580880
53 40946075580734314419571131460673739197874079776
54 280455995580199773613244372365442550065557692736
55 1920954922817793764557260745166080483395265274272
56 13157386091404477082075666539379831713745078396208
57 90120182780938916280208385460562545194323610883840
58 617269059982635114248279902213756663807205023306288
59 4227921877810868793133980473690555367548066849181856
60 28958722482177622602389594618180485392342764800547584
61 198349835223065545805647411612366642451419093661924400
62 1358577097357465517067726141250349603907247092915325920
63 9305436162266099901435439504045539009429545497121364224
64 63736642063550104012762727001011408949520843426087166720
65 436557671311542388267492798482962153178253492782358207584
66 2990157532788311278675212696775895904455656056587389262496
67 20480781024942863518047452726868824855450516064142833526880
68 140281034290695868781606879903590001542656387282552663214960
69 960840729545483202485990280819443345308733816757607660082688
70 6581181213993434112799078463782625579486734620204953105368720
71 45077133847051223282626915916712976295219541611266544188220192
72 308751260570743834693801041719547800000167505687789056639948800
73 2114760473180779060773635770550396614278528283246119459545951808
74 14484837570090113360194578979121550349090474731663851486700934944
75 99212427172104861953022243253900306592673562179160048565993804544
76 679545466612987018116571647636192435845978236897364446332943930000
77 4654477814489952880655840777360915703848715159567659323725278153520
78 31880374147087477936630454883571589226467104576268086418320795218688
79 218361392247748469588467615647268456150956263379964534054732613927568
80 1495644229405355402608681572957324701758962482244440566540593563417632
81 10244263594067667194961304702583466372459732428934625989416669305351680
82 70167045425277809868432174919309301095284011608275560717816272242952960
83 480602067537982040736013279101283788271705876246853968108836610271207936
84 3291835161675094096631213221135655136553184481407865735261038999103704448
85 22547091374683086120790031934082529169020173418098157234034955188465752544
86 154434017649783200856206384177765360392175663967567374442444229958975861072
87 1057780154926469951787777295938063917326266720601581304267066219089827923200
88 7245157985163882819330866944632538947839203025214713157134915991289630514720
89 49624975459700225608096863677561441429187279587941875098300002293064518841584
90 339901240858883168200591957064659248085168263862294919079836467587280643705504
91 2328119106703260402986401584250613153064956881237099193176498059243628557242544
92 15946215910541693686700407566573241059979810961478006211713252589227658530176400
93 109221990031983164501310271024588987970832646681337788265767220869410388589365248
94 748104953141913529852461080727785217266156491745369995354394995924547210228255344
95 5124069070263055033061741237216410075343788599746424982795431781301329386946466224
96 35096791869316469552416308035521430051988520202913456341063413572011833731741245184
97 240391919513076029018842635943070292150952426730605929218476630422550489495106203200
98 1646540093532106755711345971003130179441918303806049467431154345392472294465987864448
99 11277809524963046433578299514210613646879441751259840799117463702605073675484523016064
100 77246213548620818780094033438047733364395862454244090694396194364871397651927045438528
101 529090112259072074994485342604504613747055766265782109876853656897863328363739035939440
102 3623949110646285820079862357415472596166913169161530439846330290250382125208925354082240
103 24821872214696297339755290822642213810533343545986488975087059547344632084068674476506928
104 170014898507455545055793373987231888410002147530176496072173473347378422852520617100690432
105 1164499819533619793673093964340233270193157603477905125762024442886694842624613185562232064
106 7976123513871737066329965872867974237597319303367858663574502833482523131779482514769071344
107 54631649779058571507132302913829659421761435050370027563959661542761496272528928005977118000
108 374193949277614669429288702757763256978183160395401801403571215148239182544142892447552040352
109 2563003538100198747893430025725024085827599352383089176769177652614032417208757923207538094432
110 17555033022302031520588476280324017082618326869133477920714418666765576519707372695438320432512
111 120241419815810944623381884987288706486515716566977554555411667577122714308126037074271282606720
112 823581420835526432379492585689220566779720716734717075473034767422569739008286989148768885982640
113 5641037487618508315519906009557932268331179696178374611782569352160821169961292858605814775373504
114 38637714659024848414827917668632394850107287538002905507171008915108632871691520837284882337182592
115 264645111355654860261618338584768612655479233422925973798908892001362879443875018054473972156170832
116 1812659873455739714257714819078826997301485234364004925398132688785664764340591271534562267189011616
117 12415630124453344302930261512981605579046842836656349406548945045562218224196548215583395120860264960
118 85039600448239989552272647343241637923275228893764891821491066797392910316147026774477494340814966528
119 582470126115706080185121338823841077830268660149738383088522672608465904336548344215492891381336974304
120 3989570106502872583658301264876952221735754897718744700592106948270162737450750689556799089008309076352
121 27326156177045790108488340834196320233554042778494144121840482764773934279852263492866535319854061317232
122 187167737745771114614205796973332363220975745214644393991146615957938034761744942007255959428011733528000
123 1281986453780745766905539333923868893006294085030652999128257303944994223481107576303333940110478377588224
124 8780836310099951254961359090127049591460515243174133594691150380931715177347976891981743631953645664406208
125 60143448534407394761495028247058306150655139783247999739897299812601512720755111263233101432702185568718992
126 411946456335858564206682844305993869345246505136614180878907385532807210693840913543266558929084729290638368
127 2821585509693346235572952772993751915250318915488260819174066873394067203589707427480277142645489855758928000
128 19326164034338974284826704689378499765515694572743349199431912006119644224337904605297221579417248794860935232
129 132372602212140597218763489144662896381587362755461333435202766840389576839436365636330567347354161227698511360
130 906672725393378547875824463483271565616606629089734981961201536387702396964300353402013538863737899525891432640
131 6210162958455928412136949376399040376370824043918976700038938836820372608456140526926698162651001901658602237712
132 42535881901427426067451260277398752168235953035961447622139900946655873792650368511835991327659858351043496689440
133 291345212876996568978521076236314211072761047238425513135785681351834417497789494932283488602419826240693244842224
134 1995539513276059812313035097732492257461868182314768673293422107969310842227147109847499495003552132422097230180624
135 13668245686011305122573537485491147652297181720548921311853826832008550975792395971375250088984688112377092764556800
136 93619263808244190144433700890703144910114871320187391357547940258858912789818994047484669403725025290519443479528080
137 641235660913504830324354009392047101195108058559980917535815831397563358677270003584150256050363759555175639088828080
138 4392078682325316625920077560282902253300733959946088185674241494728362137672213522881302336518383530389603559878904864
139 30083097880513124198900975402937643203471039448413208132204249229091348647123276442320834079400645561827222027785699952
140 206051130579791686626550606312155625382073180988148126627414565331976388027510263538871473586771007132101780633193057040
141 1411326339522789167842716985999761814688203314256943911787659960198972998156915040721461512264194424332682738234344638464
142 9666736751339832791403574984733458415491958019114890913262733082787339687113157662457477537379374149258442903266492521520
143 66211333837431922362925469982106220264532477999614355922697768033232712363100614934031394756137053350674971103813073750272
144 453507821853557024113481560736784965105824400634447095590095492408647015103377817212668684988286575008638167890567390519968
145 3106255871348788405207286395250658807478140431069451708124895764256442148442982502619330368572817156615024334236329630149712
146 21275984830542877025495927760408281439745860298906440556574236186583997933801220753616192554487719301709720533768714803898400
147 145727702178293116787808633192812013245470749483591840372301523008668866723931102320615785863453000286839369301458781818768000
148 998147129324843820685465896407232005085406453818591508874358623218448622550659572390780960935998478024158435387385587306704832
149 6836707618984402739919782006443010729825687748051624058137284764811261637151905908965561760495136615050123376668244664965872784
150 46827336065270404226533212945627388293960423790842851254784427681969561370482720019909313247452523158096159641737948854497920192
151 320739093314555997902172077900111360425032811110064477870335708937373314086931932515690711411850794061721027856127085441277575232
152 2196869918819487668360879241277672725601861725651146139916137680263910424120233268019955994520410486835877259034184928464279053360
153 15047237897753684193589148523817133483311874199066297885150587255668408540314930844234124384976902262902151568241533673431462850304
154 103064531227804176680103645879311723439521582425102129935406380061366166630461858439219466349254428032440455279203149773518375483648
155 705930063004637161308834375243903996344708578676723886978415527039600331109717301237349675986332799815546206313385941457842645364368
156 4835196433894925980304397081583505246177011698479594388805939708502229994822181480714672939946017397764080076008704802980038946512864
157 33118188018289051000846068764935932226279586453964259075851869175913334814671764783929831696994842020991521980754544110449953956441280
158 226839672929527854497678769857944858138273135451766960376467642985812786210835160001943061920309884484305829600380870256422789100225824
159 1553715353821869504920094656073540145457202050075848136463541767108933774981747830578859953364267108686445657469176774483708049659996544
160 10642015876348855593991527319957385515820248022276182656426790822066494610045280584541407987416284469927788671439907586836073254856400144
161 72891409378094672388165282562699955075665531917608484048949767643170325918560287096230956052944201076566909601174255282840413600194170416
162 499262322370060848841859879851451427000251627223291044849278011824076533850032781655517391799245448228284083806102621306737046804178756480
163 3419646686283652000078754911903212295925455426030951775042575536566268663918271335296109946361906615232181976932091482648479480571581816240
164 23422523461209642265173802350024226175352620078293519027418061831830807824996609172338514568161022893799794782635185163001541260002805949424
165 160430201017968489882221014633653133667985531387205043756152784447311434363895733798315710512749467464213613878136739820274686088571399559168
166 1098850405307121506621062288144359521306769849756848892511895275302510830819550537342849901862315195427043967145482960459521815284304474459120
167 7526464503453349208760608954376001557644746509465571245956226956477432453935623162296816877543765505693165847952056994953161319215642827602480
168 51551755951630756787844194911000538866001092522719319927246513861347617994822374150120079067265522313429934773457426041680178693751731640513248
169 353098528595614133308402606681047934684834659297556991160524532442975877836977785086937199698134362170407006546836846405611787631810952711035200
170 2418512591760586304211843714719359668771955778506698020515495155916642930222333481581692579287775476930364397622459357301227056650737767641412656
171 16565356926772426758039584714117755597722975709703657590931958144933763801094239948967084415395659394852876315063848495647522967619655801390723840
172 113462733684428032853694735178982255771413093465755608540431952902880377845802634023098486234950423019599587238350227360847585022724943876910803200
173 777151497070202467658086454434959288478885367172392574363356738330367885303425673590870007101561902127329191735407104450501229753092667838909070416
174 5323020429582218094579950777774204121521626296818480883038711137918049448563391621459122291524593781855281761730137194711032686555605727430652195136
175 36459489045017069000113981714953341158810521757179764919428893779760769701927597501909880612378846574161286317191745125991721828606385131761389131136
176 249725575734461438640916889993544638965282812803572883277358368911813879915488048087748108213350134179272420082333914750788289807397980577990452797264
177 1710470026031025517522435611814888378635611500685332502820701651142792594871950722051606049747584621844127883906354489284441603193747796465381516725760
178 11715691119525317970369318983089191238364531425395649956606364445375169831770357292233873917920195205236878439783539414705999877270527522272919727600272
179 80245439159560427189122428528041627575711184169347959539607614598144444332410745653578711654346498970626721780387918009028005246456321382448736215920720
180 549633004166434100139249149398640494747829260863181160009421508996622837620863599901372538197120809386748644788954809196731169192479761392504249352373824
181 3764655567132348972149051304077298765973439624885201782443154079582097506410054688844632445676409819809521966440983467548224609986519063777525194069389152
182 25785626830460458448995647560052576270011557455319493398650670180200566713838469756766077695435812605257577370190039103120860160836489523311175228866579360
183 176616038089836577410065405080975998753887401503762243439226252633082687354077608539994807636055892810699316067955939882498744872803013366377309191267481728
184 1209713656202538857322742148255385723184130529151771854806680357034722720977144769272630645125120432593088157845033452129443494150029694543468778146977013488
185 8285811106568620162957703773512470880194089815865354505352388569963885445830767873669020357462112436721551068455681920637602507633862499236195170836074430640
186 56752823564257796329646711073206771433997543507740693135967702865274726896960777510590275309959887921728199027761404221809704865261262307406655640224583614144
187 388722714178507297030613225345021734915509028990988992890001886793256596552852858635934483393850446696898157962359947526835976342858587993613657315633116632320
188 2662516841073431581338013530966265933463276369607007100786132157009734381818882980809554281491059702073420285472880664019897742904443690931586057222691375570832
189 18236639307226774855501627266303100617472621994157966616550432794071619968190525273009177289222340656268948101862865635523013180473261998570263673586935987118080
190 124910012996502328210861026013936713382589021748666030906070891385586750340842732543340081898773778427912228741293874514260460784214412403445689016790146012282400
191 855558476753085315203859860829280427967436619726773221243616354017939242237982199333251614864118244483205598186804491377761473299334495017920954474421331440029120
192 5860061091856232502980701105131176082708996747955140738024600709368998161890105780820337609972146804601132607790110226620183769665642424503853620526741918717059520
193 40137894642352886694457794847555189164839539549196721799930201265625874205422501294139243857933660882608552117155270783868583081877691285936097642921044257759651376
194 274920442136603102487752047426940049092729354023774690761791494525688862238009298290672753247080700847446802638525942018871153651280411300360421106613614419778626144
195 1883039710429484439143552440696739567351851617506465633906216130633826343520429963692042089766112362100379355732416900927905377561980424062889435009601063873408897920
196 12897689686140153163300262247181667426492638707268271760211948249525791610633200382225401287544591852899304789136728207395730184319895739256998470263699526378477424528
197 88341418568398017483413317504940803674876939071705676128640651507995614679431826517416796181715071202774167627299025163826587223501295394147457197880493423191324656400
198 605085594752934061919041731183565186516989511848015073727661646844004285508028258920166369440380878183241413897735147349953861630688473917144974607152931075860271627712
199 4144472467283715220039684002639804061282709252089654384359510261750994299087349032272914019470562663026997933197493342665516695712510902915832098707620212974318089803904
200 28387144200790736616916034918715978842420310854272993062652216874336153732150624198097022935514144177749348299562975205570779367353817027677325821453272722379010202256768
201 194434867703350342335381633153220205579110113722658677627743848550348055254100209231557869005701417193425089095298489535503230378556825789113280731935314752970035663778304
202 1331761924039061213812351782614817270734677366806366525365638932340900714637887757967408031128027461891851172139812141290418158451067248634438514695239350916951619307116000
203 9121768349832148978526884045599067829006806006647426381899451768514451971888530606369529811863889020259044478360273161945203004257077031059738586784018221033942049585716496
204 62478627993541460630385753951052736415396461673735060054341315960797974062771483613213973105363848799131229336100571761583923055224148453664157445958057348019108506949838816
205 427941031414941926463195436499033573420415550385094829908777145869346100909664191678037671166805596050734512571024774255007067377876823201217599729404560884517839510291309696
206 2931138730949968806859689561838623953335257760671693656086133448107464667736533755382814011507835098679291057462242543278236977995096448267924978363785979287666434248604345456
207 20076537722190037874406449069222291086789860106656538579890872404294568154921823736653975682939688342449081535415873041892542127322989232438721574607757653775899173262153634560
208 137512210750900638407048173216370272119864116297014678516014285660803448418214031594169214251198954665771863317134573062393974065796982746990428590963069437170949464298263228512
209 941875953277534006431734385676899919453047116434491116911913235558844830109691570654599511281550054233565839128258448982920320192199067536092774490909071093817583252689727906880
210 6451283900667367814948087794812058084799387221040730456798699484328124400365255194161793971112661436130255670776860033504988091704417600321388585911639218445655083037315182637312
