1 1
2 430
3 32920
4 1525965
5 67657718
6 3251156731
7 158110806032
8 7562825772263
9 360535774171808
10 17242013392084148
11 825260285534078027
12 39475734898738185758
13 1887913854619856899927
14 90299119197636883779446
15 4319217812108203434910202
16 206593960974136840794623250
17 9881561050342708932705921468
18 472645054015023666516556753544
19 22607143543300113102605038383521
20 1081324355956712337444951794205167
21 51720898119879355300036568878531857
22 2473866026452065179938971193468066494
23 118327678108444476598188836047366010839
24 5659740272006729932985533353466757428137
25 270711465991447143015041820331892521519391
26 12948420679748760493400148181762833590337764
27 619336895437136052992396107612230940668757157
28 29623550196310600551600397692171713619194246770
29 1416926283301237021777760866924720337121682080167
30 67773108860762561595531096764786370752365849737053
31 3241660726963794346680811995928484266824979954943030
32 155052120900158189163757338035416217604389593579352672
33 7416309792906021683417255387246029917225533030197026776
34 354730078020233775100212104454464833603537203148715438024
35 16967121353752161635867494468518184817181582384755086222712
36 811555672527157274172527327228652540171623675831943688670169
37 38817581125175013350413643281943910344534047009144591191745258
38 1856686676487506778865907783028113907709309040336660997335801064
39 88807321701236897616834449270741678635970717053586456860441070593
40 4247749761778783780307026337702762185729255649330692317142901278575
41 203174442073500315283367680102346700433954507954165405142501031658818
42 9718052198675420688354490758450748822476230840313384846408757810832386
43 464824894176485197821637759523008368579866533566497456358218230007095167
44 22233074882601591440433393864532668343435934214339014408243886286977806838
45 1063431896458817451110962438946757481014307061643955412747683080586046363625
46 50865091957701609165844956245400897965545352790362388916296055817921716727602
47 2432932083832447073364662595358957668242555693845075502784434657129065927601511
48 116369759627359923282031666034242509071714893203690745630188956651916052050271727
49 5566090827491484360010516389325137877938501631815079750363108172518006452292303239
50 266232113902216442672212858180061129535449883074735502663680462384884102609285373407
51 12734168498070774599223742438726516325865893934903905077049054975025929951583742557417
52 609088982393825624328950723138536454782812809946701797588490575273629795698250631698526
53 29133381463403038867299174035996022577593618179688858489822160307216486163046540658450205
54 1393480985580145118182878595993191895680987431701210967840646817570840865325130620350360160
55 66651695053410195464755338118594231894106876532683815330730414191083227691777588619369502736
56 3188022297730363036327858852728925307462922306236710398449491735700128209414599662251042023129
57 152486537104294913224999528872311705555344095097647140245039584885628465840157549013448034187759
58 7293595159172293891651239799296105843146012771060011667666141037970411555569073562157319927483305
59 348860505039321228525154915970743214846677101214498129218688393477405136807992029711473976796531214
60 16686373361871881773426880966224713763026661052583695157532445326419038204247307301243547560117882786
61 798127193963685238981801328218576577266773680780018623311253920000000912071630447137734726719364303847
62 38175282545211275542412623275050699679118494068482122798128762186443476597322149557196387869673734353702
63 1825964844236371378448923972174782271606006781263893642509977759872636180493040083135117359263034528881160
64 87337863405162745887032458669746920270603248857367431220508630734231193114789625812701204402173417645001282
65 4177463990205625792619654181242818872920742527571021605976483566276454286147510370582559317542632602704634766
66 199812597985229933158425818551818286906761034614090644644680526598551368830711777261088931069475794554049180809
67 9557251578281563047697271417536150109186353347631480948002342416612466701262900257146006265092426913220890978249
68 457133627466859332268535067982619446768114334849883140792864987039893452067158251151906555685567938399590761119516
69 21865193319373024718957950102736593856312007938390248075412587509346022072087645108999171305784343315469833302037317
70 1045835725415353402817395541518635644571807079269159142623571369152174557443355206634609363835687430417693463508043683
71 50023448161601799410746063639591645848093343162275511203614691583419357827205232343627373897819542415924717569121505912
72 2392675355379217509978288154074753941914474614387993029264701548074310010194133881333040196133256741421948724473234021361
73 114444236985516675634064455010665456915062071402092451227328151310772727426598120087652396887107781344326868780853237343332
74 5473991007493479928512299731155014097195961336682252585299894505725356437514500507500953882932353003976120192410485084956825
75 261826880403873958873757025817231869271745761744252858847422713307920868059628862833073383859250193175416742716041910186370470
76 12523461439410516086292789387528578674228322702376476291727082946003032660834254057107649059329007835371849954797677720952389552
77 599010637038020382348389801671284663762478627579080158688431666180506358896567565568760972735071670090381638083851015882653383852
78 28651323359812611849864391389789986525659169213726841748966956105526287535211126309111063261144909114606751049430349787273204793327
79 1370423627746763739567951340849920771143644512977077238313619125821993458215003946327271185077821157276121836865903787312989053930239
80 65548836816411664337650856819264781838290801728984321548961424983006041084455985773145487118137594271733135210411988480488186493867537
81 3135271401478295045850863469329320999534164948559973148848593749263686930287126521888170917995184549591318204219459011999260063505359097
82 149963404971764858120157389641439613935514699856278838975735610420090143970348015483808268778969523952333998042963772790278501031530573551
83 7172911034152217291543695145346103715970741133302437678613021054837110863362755948091190754446009711183005261175199852902855818841434514929
84 343088053472443968601909147936284451251610349588704847690540890566223653228525966378119984088569723834005224176953221913180589631872277458825
85 16410270791741796044731208197184844729515092125716966218727928061309454675270606530402551174142247309801928219012627211716697230358884574984427
86 784920910922720947727253299107550407026398852522186371329169309955899984754988485357192431194993558109707369276099059007600749108478895426644604
87 37543611816192383393164128572664757422019207367415700578618570262332488867624672723427392595019442530624069731047101723841755653416725993496439629
88 1795751353531864709666372396390318472258147646541208095558409310829086762912337422425747356872558701983974741632256232807416396725861703809112247487
89 85892719632284188126728390161942887904102416401833346424019142167121342782762606071700861739495409721894718435264131687824894056284112954200921891252
90 4108341208441843726440124716328882499177916533843824966190850344131856838137831672001406090700259429509782586833756324992462977414134067751345798027365
91 196506380951026958414414933475948253608551043582842914831932647765203941861636556787893042239498389443345683948639185374034168709587227934040151712686584
92 9399111659743426097713462235282487775139007028631402950736725272303471991487794280741779615073036082791069538898088919878335998565012596288187577363372833
93 449569624990150391233647283442004224141880679197785593891366233100147317357084189968527046424287820157682424634925035929107355478991763263416037044973188180
94 21503398941352896550218483699214839858335399175975866180996642292019842246667590994012681212191281462479911236131740935984174478474067319038651844608230512659
95 1028530710990778118510706073350065051645544460159672218943518969643442059636950782225299607155384333175021397354748273560223536370939043994161921702307721461995
96 49195730699894591175772403614880198457914499805505774223356641637390339716122752228679627684746594848627887007372505550063051953847686161819559570504445385041045
97 2353084738485996487014364151234809802194243603727948334228068738538411075211549267925440726332581724781532362248438822699394828223024882576206802730708129220639777
98 112550575176385667560821614899228610626534118052298463294586863993808804355786251356349881093934775281092986258920462453056283578596264623898044413179202625743841697
99 5383415125409274913873349827986241069593547368765772518109281972766163688187381997423400736892995322830191884130664277090875523046816994405369721840021916350343743223
100 257494538495845206322312411100835339196548027416110574420596457915504162312515992475311753190896097879263147999666281802836895513772818148599278646596143349072439632143
101 12316240863952987550812683194861088450096241459097549513674354021066206158186859850769636009244087978170058673611994060792086542723577921852885206347262204658027213177752
102 589099053925576826264176578311290204945124953210664385291683415260351365186853377125954523979286757193389948797971984896530751957456751903466111496106995642302694187686493
103 28177241673773615041657193522050813741607768818938096590304119221979350497824716716298936542993091464887445752786275022814018517920067355893865636962156131667590731677289434
104 1347747790548222783054963840856248974105115406636615394315529954264795225876242852126614986764380098804502919239429751819926902301654054380775650125063094635814519624001335777
105 64464227121928681380557093560707700175242634964067510529865498414740607979403476134054688705011622753617755834276303892541346713414099856994823745403621472824009188618317971770
106 3083393352651848101695973351794109288960931776509512517202637114008267102712104447595829184826469473163702955603990042891986682008345929541151344246044406444117191672334154005640
107 147482022070865995687070989158773416072577506038773892615275300166579748747095304090788735609325005571725469700025370741282212895035254800663163680654788288637437914199920315734221
108 7054223819807055959783122543396340090914003261014629969794446509312736438873535863740856483531121934689349375757952326696498225778571389278024065235700997644649700124160423277250620
109 337411116292006606739282496444198714822575805631450713225577613468021999570195787447776228764011743270991249229552644118487677757169260549875816645498212124957701014101469862175388277
110 16138736777497354667386179361733682623529542676870436165980992952959278187058160291655193300095697826608210255926778234495282387568939161461558766336650294770158859508075918192415874080
111 771933146825951404098200564955497128755866190418499013393437485331727348399930168358842683611394303905906149693654349568299011201903414888119524850500704827044301031433025884526727451535
112 36922393083420715101261717098963504578315862222740992771825849383225647035695560742446432719007779860506426437249496034800959966219033430878143318709057124119641773791669883896638879423185
113 1766037793055167586642603517012143835245060699483667063308983153620823412939514774295543428621234220347397579460049115288400604481300283339393261474859074225869893703243586680102279597891417
114 84471488060172454024706523967961547654736059152138974004456263636703330453389600286138288991757459015830818991324404374644088689536910038329202507674694868028344325968827618047374094950869212
115 4040362172972455991791375058758370996122218319395498368487455418331302427416425273141434359870606799300991580657895901217170860042367574764256907612560334809604301356929699408291976413719977195
116 193254870532860585800190166938857806491401467332585940786981013515330778527184100922296993486783505362136152654302060795323754531905110724388665298213784585406540576488422439509984834256769647479
117 9243588417519647002464130054381696652564455903121898177628306583037486757767666439935484590782881341992385886344539086727362215349022145317852184421387624658742126977500132875716082143028306253927
118 442130780957340453950052804907042641540296778060439337250725417631592842285532124145696496878063635874664378492950309576606088202304030016666201508073424612892867840148870179059478051865693303851211
119 21147591026386401458844137449223143325887781369009689033935363100644533389144751645188273214299771396894604479330086406481353347132591952301793646209817108828666088181759439995032391326921327400961541
120 1011512035536040402903198961391700087565327817063803689148707605113489778714325514786874495302971615067662824636492418910274614553089635465243944547019389238489473131258738478569505061391656202269598771
121 48381709139241659356848249733470746347270699154332158930055513223722849972062602691924494237922588104765362012214430869660521030750006493592897023647405836719197192709806652600485114584747989532781345617
122 2314149211278244881344241809040504167653603825798055686132640376489098393051179203795811795922793514112374314375791291812586544009928818525918493189249544807282056706815183764034759807620331484526442177921
123 110688247011847135889768936224002966175966675296347912999941491208681966252641238610802376071997239460249640816162165803793291577534418237640807964676768275190386944745175166691209317345985994529084517424737
124 5294337965263798181429292487715903295279959751800617804273212589957002334824512276397506909601956243136164621157288204214235334640521508721749750558418629752064028956425308114359685373288945069374936854282661
125 253233882070907839622394103210085801773763290829928881907143353484457181818849706287720161235623426044185858476717277597190681662205507495153749396684790162956868636550055599414377188663737520521490249024142409
126 12112449082291862519601914279544901706314195980948307189766622079041921360555429527623989368323247227345570006907286986905927231682181517628375865295828115573900162760856760377896597283919886688491560878884594550
127 579351473710111276327927425582764442546044841337803143343873654604764462692547887800004867451090109506456110171329649814173758179850255520828520257780769729389289818369619229258041089967853167192617748335404845280
128 27711004422779207667567511436473663575987924828990294251817313764352131149377051360922370105604675554234804924971482921191151197119042415216956086483302156657840018477487747137420317708338426198513913127661611411379
129 1325447161119194794970801629682634909149126992833633490847237058489964686316007220862216856069276775161465158487722390024421255972625258124987237754619607735997855656016999119553815247922461310501799178389421587228199
130 63397564018819413482236184717791249012043629043059849090149598656362282118671173196016917177925376779795552752619302015281602674975785361805774729264640907625985541287578770444528309722663246431210591635563161336248168
131 3032373708602981253997684917795597420153304349428365644779566808791419552592493568539334966117539590430121928822914995728793137146805174897643186285988554543442122927677041398194626086536682345763355266497761998506052301
132 145041697594200915783637323287785341764345948591536793823866529248938021411487574116453768241199685098440900088301484023432219555128977972161865695926554385452759251801102072506179130171612690560804238028663205637457711751
133 6937500474075619767256193974463949644100339117679884640052545718089981024100175548491445033760156453716273447835049491912333204378047031579947260956847644154912901523650455957048226697697948338674189015849131605959716745367
134 331828113060666136269550032308162663507023066328026741290067665419567223787365432690629678680123493435341648450861668942780773163681529702826397824473911540976182628383236408629501978376067130759230258518050426610352512944451
135 15871695725119746364378697291201741105442731722431923573704242354286657794346431233014012896984565184997519069212838201977165173654843533002481180335609537526851859611678927709546519461888538374019296478923495241840791861069488
136 759160285930110779937247199658393465469945120681391514450889010051822400094423422833372445891047576620237142566099226792377290432394672384149261507288729093980806215670763686417955369516983466701185375410020676015504001438148071
137 36311453402004995335328306127008366384128819819222956431656311791993739000748752953139221889069550664973345985659686946699598439605033655546946040872172199297934384596484301295434678571489584292783504972245077467863639441865658703
138 1736815890666025774387315898459954407105596374137506054213923380922699138748141638985634603371551326289283532696379618308179270375965062002907518969761983963102251758496306921944341380398010729515051978273904274667277665861182397365
139 83073773023457603304149921387216350106879667345499175890447492893816012488275780185245285478779998687355843939986234238788166372139468151287242865385808256499976030985736786562757793872895182207140031998480327668743532152741006850433
140 3973507958697046184527305991960786357727918885848951724580763539598231569917835199109917323870856322746136594683280176596656532527574425985207396751522185746498827509017242474663049594140225938787818985992731872119820655607988606623784
141 190057161522812758089084977267721280106970858137959869450117034907136311179855216152720108118954211645080981518870164459042691553494226916477703877009087601809776868265208916517313463040079031937474519328601802740269030670500145770391007
142 9090638554541418494362006747293365342856464654203008620678113822330835773920079214946539508239564605954871721514048757991667046892097706538135332410891887718889321274911455373055325562909045627911159274399050164045725592184668696301251680
143 434815024423036858982146790980638073648115548122042380949167673357461413832706067985869594306618687961396244951752964069093098999260116421973573385163333006283284033879322321034642520976961844548834994342172799846393075220200002296184901096
144 20797670518926881613511265915619815698381776094793201145406152960357058666430217756072169718865050664228916138325194874280805640448873824692534637202978471471415873562003199576056466460914868841687530786795087445677712241596342601945502904791
145 994774961117750775312487060908934574961628349985726289123543009981600388337206301544958932140885538984688907153342161707713052593800362456433546048901044310362925363405694567731194481168899710451616870132747333377891115361223326628929540699895
146 47581156859190535014219722915214939808611954733803268715154766873015184691633961540415381311415874242615136830540053054498477248034937117952195743518205231130504354090096890468052862081409325841482197544199284567048687996972928186349780613326765
147 2275857934255856749915496545272351800838432788818721201054070598782835648689247504280816387731306065751265589260927412413147685895358093640135882193257665733654460487202501397795811829298066313803986298739245618058577975936499783055940965187492217
148 108856734026946718908589936944958396212558395105189821639735333126053737285365620058720926426561250270938504693084908973834578922147551546739346144029234400685405805665464729023739809097059702088319077848553919407080044490140973270096612629458962539
149 5206734728320366854795173200052940929034258369339475964093255828767944520652447053806993371363995403470719825799548331291871087419936883557409154429840025440485816519284957900297499715309002697786401381157886521506359509618262264042491422077953778000
150 249043724978800605833673458345510101350333271503107209042075151283274725433934329056459771917791922528226547641533983182770685199661486728316296182782317165242752004005639385241197769518652034621985907693879033145743337642926951801011671176381536702404
151 11912029359583738992904066303974192938244848545922086977245813394082186626044844378521289704339890777441992393453121239548068325806930844482307509021441078205799453483120393809819621552466266486942854897594612185504809744260620013879241862506782492359211
152 569765182703011929389682954070196679499284760461670503046563285255600235523721343544555920930664363441794363393117226989322566558241906916180145649998381606967294043275000930902876336576383837534138862079089407519684261379579673616508964824541191949103641
153 27252481808182909801972761217279730043000585995044417881875912208391028963336626850088831564734165310444584220323369437154987996992146808456219284494055439345879013403083424041797669608253409243656273349751304855661207201138912652028953374556115763358174592
154 1303515531050743413963418115668293481080089717620462807709003076235518688436545791214757761377164021757014687846654348505440327048057752616484090510164823862618961324451424883791357437205950831394425968003697303018378543934977052001655602958248851404111928011
155 62348550552203618091938667132269714813449306741151639568743525434569166829701355914655167957030347584466611463704311366402488041362487098517096559022435795270841605224591408865483613562145082159731072593272985862000796835686081231099753069279929309619027357810
156 2982198265660221864579944781409258915493668897406125783759530376254508386090121482272233863713626777418067635882290242379048887097073824943722490987789329047862440312535021368395413684703723200700574882275093746157858143220608592339695176306172680634517307257170
157 142641752164878631293703545143821365947808489879253635370404910035540672994596306381936288033304622055426410820299342949501805740979417874799595416149808098627016339894620553079323051235617828973227716940575741816246507321883759977769446289269969307860231686815022
158 6822708501630141069425198189195760549335927903711016608343524042877398912232094742410752649445153584271472608722406577471500904585320035251984306293315374260724669465820815460502794160009817917130941509218403454949263640996804723880637251517863303095656667406453898
159 326337489491927483171531522914388111902746272094401250127870390943529063568611785547930808707139193062749088327552499385358613633936022552909874178531939534156320123613197271452529809707117142103319427160627385023529769269177514838677266253192929388018352945837036928
160 15609073291413357183670750017406056733833520970491681903346529368244269632889263563423409402159733474715234845562108330596836140943702923471203386890610316923895476763005378279736523020816756262189311582358048486143116219403019144791175685097443422926434218523060578726
161 746598772320152775415021305208025042515734624866179979084801017640843629619232492913082947481896113458355904392897948751535953345751005532986810041783447876670635152150932184259931665517601968085139604569414347881528754318000630818482095693641092572278275463866786695563
162 35710622688702069445312883764588477070859851960636503481496578980979849511955482765879185172341508125989553029993238287002011410337560584691874061617052669657088913891098593028347939630845410777847303359777968481215494596793693462199244638499837311263510276242144813893147
163 1708077511099894045454663093176695910616077750698106508493352454402020540141720141915055278086797004171836192034368657678859612945645042438128374813260377491363818135588820408263337573402338598915748399847338817075759773227161104610698953118829514392215751240297142072423263
164 81699185403682148312780068761696658208091950392387917780406326135538205879563263118149146618289672580713240408337321362655513506416857332420173201157135017909617411817629738360635413790797267558424258472427143368434611462814283410521486388426730406119155445968043765597102225
165 3907759953661065586694478551788476128231210715468485742699342713066365329327626769308374640020767287629759982642568208303144882262320134447802796366530528167561238889993864678162289531594631156239670748583421133456193570975803881993485846209254452876989384910642551075757203509
166 186912363691069243106755240336015124724718969236748877508701156555746764979038399076231698010525338842879244856528276751868117230238855157466704808359411817486683724139636440888014389969620019378577989853261782172157429095296808803087447259362906053683887235207755094486188918397
167 8940219490158757069013766664383130053948756178284223208256056096615978807712549141760798689992408862162228294135742785338553167211489956399798145812274002838177594568608988981960542435853600482389096995322456032905869996969857916489807810390295869444737390744025283432842142015745
168 427620318708930217729469583705159106448155568332365570510459068006043516507207578188236242082039749604609416411978768595377620645281917479757923946549863481543783731202564522540073095505546561760676581659619267660605577220901277466930230738932644629245865945580075675647103354599332
169 20453540002459146641309793210337875444358040483603383918408250466478916294804406115208056014741208797543969164570404265438399407591960754030063395001910667105625493448932015974392696212862059649029048196010115750186705876344293604969699344003771529343556001314914280601176118458299000
170 978314828199158591502287522016336971217829970674654201112949989648654052188112934092435901687346066657286011904546760784179205547531608326515800715203841633737707907193928780302668628339919845304190578536432918065671267690711114759359134089331906488013857315950041054066847534239594235
171 46793850989084346715848297447344300101127022215105960810168638926379324596390495420053938181452451659984205870393515530645822495396797713725823571725262036887177101901508180111711749361515286850407742048550279828365582189460222825290110847905770872694428930605669375679357721824456286594
172 2238200247275484701821552527150329044043640500211442715032288667479476571302535807252526618280420855757908215867654473098837831136939361803093695301613662777076534352305692579628860482151376402355465767270529766035824236732387249190225930270650638282118969511415223794000342943982352468209
173 107055526335556820746183983581263210373031548957085902075559098583238967067611430276961333248377795565786372207441340829185606060162602862966062546078748517348294556762728720971035966124431910886257187086902241794361547355537454413383881431335879344211307433781243322423984481275735857510755
174 5120581026176813870751859779672041104034664868871063406886058758303699764551650771971199769433648873667884014307912561231865827121302675751007277370723187911191174113996417691141023178125248296471346137356025948858734153359962449983513480407515208516741872134007405934098644928957116839764011
175 244922900696003700864148833821669549364301799362238587513283175865566209593922312493659437589779145648066401282559200851291294357769282647340004344087663411396925457942726445522103985742199362960606628536807220161275057059262417269788040191449102567100957038870573208498010615991864808138468415
176 11714925899753378639979794337944594524042251879659973894693255963009506573057137803065108855648966387448637504363806950819949232378324304176172370047640605546619766536750928679685081445239974768940424409322808972679052261429494278130227508859700616141702030395334040804318269224926395989546722475
177 560337512117958451075681499727164970935927279864824893599612392880848444305665396564820781499425600931670992734435110528275195199557074046773550674405770274325007232095024100479876573597086924827930956013707188131514628755529096182649419165646594973072569829843062698032162644091782959164924539502
178 26801546179063161447182631354922252309601995268473407008468986592849680553587465930572869838969889744628743439556695347466984113672389648698275577493399423275172061282208108780558650973789386984574521571743126906028314707923356268008450861597264060740916885544194398819597892370963584536035519254106
179 1281946794661926347469030344278990900438510132829318640888544953660612433145560125128372834345333565197907551927308453851574969595733221336639471258943579300373914331877536094843045234361923241065812269747953253769364092118173285688213714172948188501592235732543893924224985265688629908381891885519857
180 61316894680791553695289873244595320119401591397857941442742846018280561635701388971893372947667160584522855301666913464934207083088449104892858237273077101353915219903940641157126561274314177827362809479814068079725500857877584126804981935866416033006369470857648286456854051517446078719796906679325486
181 2932853055174418433048435220351248624147184322949605776227106664190235525334679623781206071900311004924905852784349468612328649655658012257715138610739245377969298198920242450788024828695834576018459816028448567387880893808525264282448414781836058690335948500114241624732712014656657674789281063587340100
182 140281517647378680654749035104380043698176151248145427714595929986567657021612899654788265861425192343305238139703570747077458990200053207086692446219442766291403026212875156259462830267063123459062900511872178632486101052485624007394034345610826392278417211566168918035161805852275106891140248291228516091
183 6709815944829701202800987113991632591198400326453220225517584280381769313454854465861805580431763588879388240146278651058320897908057672600970335038661457886288209905381719828414951464218703814086906772785484691009709625955161333564162003200103835733955561806175912355437552736879364250851525823661685903882
184 320937717017436160461634205089461421610521884327504768514295957699587690537821237761367077697421464183186043643477546699155683633482487300996023730397747668952851274278249168903417362041919240494757624513806147838534995603590179044769884866879376696352326105288164469051477198699964022240265728424828304422121
185 15350796363308912524966078553419355824314486205017579923715819704745995551650333714011431066015762182291295661515520070465707545774375148887097786686737161964407063643592903088489572750200778440701471780374909928221077886440511055084079670889734699921150258802149665915381586490192338932765523575571482023373569
186 734245108919297630453566540113111649316005122835191482096384450482958414772545336076962674012892458146707860387457094470164058463344627001588174247973608759237525854408327129435244747420859799833125476258035267968248063348617522960392196124818191562735649388471209434357889276374412758987099850047110005449695966
187 35119733674566386738838125070682069771493584343656808870038796835425072187676767338243387749377179054513591678715234980481330078364029135411902666113099936684833939600492557228224785653723192340110930554243616413213519966385332133007658309827828368925712161479786505593282559657559825832635143155133698345551397268
188 1679814653703110011561471657130178963858248246707451891685028506932155413113560024450729592896225224542362768808125880661128121259132304535870327615416781842959415850203781598489178175100496194428427076856724458318310637118839468753884062274456196834369309042311279646590336625251752754721428142852864011148105051094
189 80347342520971981228855133970563814155622777815439814603475759395172133739397931400354070088548600051823141412554563704992766736197373671030406533525841234891064189957330886648771182693524650408374489590930078354289563826179126362234791266224604632230291406833475655142009184479559978309216601745995104657271893677947
190 3843099853874337042794647836928577218297272430165185397370126658648751399880375625164128626608282892098573000611500921433874046738308483471521122078071955729170264489941124133286548611771218768013312032287692265014940041222232186288647108172600149280756600373654754477995057062817384551889484528606340748296597140507167
191 183819601538083098368627286399114045710138396289357289783951283335115990893058774326579846725033502413065752219816204380755536068982565971920240565180880072544407968802667464852094441792812667332841808189600960563190555491363467391268159285423395694099808349850844828646328019993319512483466218399962446042172819146298061
192 8792289348286214804028306267321189085820430521703856948748364892902362964448122742536896987421087888030102153563664323564282124941232566056278512117878749531591739402139188753191595888090337448978340076884382017026589277730128347628442414117280871593887558529780610021223555697898899251589276655200633117948704334090851880
193 420544660836791054420980101071565262726352262059921493857309591921521100324672526190268862034921311121329231952515155106078020091188559619150409531350935348487355859520869370689413240770861993252040578030304401986692682958210592780695972194903087425573146453469396170079943384695163275853767109641046786077875267163784294829
194 20115103672379092771145384960760596572190447928159772286771562071422238427535825208348312806090303433126200891696246030546287841254745677696048782237391770999075161472646408256379098179775840390379137679684175528102459934648058808605979551298246031242921423516371378253935890991545860301793497281419124695231265654607289514031
195 962127054342955043298709620832435139273442582938346672243274714705946045941091465118643111218114507755981671960415338033795210080276382194287275258228849254427925359472897706786588429663669088751299182600777950538021194982120528225716807472722592937000398194433120442714383076535528434672778041327693820022334908558820736366380
196 46019572346015492106328801191111940984181126566833378409572366998507332425605651003176968537924036875827296155995121678442227303319473818990048645842361068269698743095289928789459374125050348878806046385635618262089084477573562808208270465328580621166063338732252354122878922536841919327885211514586676692827758025976162586147000
197 2201165666582797241913378697015629787382412962484647702409398169513118206741734058434320091070039069470811135366373322331221631228350148136384923050079831846698592405132963821477369590064202962239261859724238310285129761780353426542728634828787134169689011614796560505744418979411720026665618133134950273879976606666990504998654014
198 105284122488426286554822433298220537505239072670405147858241103109478953430073083741679714397346171053651345003824918350313115742317536149675576218305475034260045457520472869670362140472682532257762184225036542565654027691302142249855531327326062061574001690308862921632255238548616354490083377754846442227173018109510676097335541673
199 5035852873975851191663698882001506195038540629213202392701651968306815539485509318282064420350830887692516510057372729534353934627971817026730410678530047582698638495818064257888658414567701654869062802958190403286052952792975123765839583361549102328008926161347378847954866706229543551123861998738228527814321619648457406916886396420
200 240870262000983135649316263580036269095923346037068865080846744339418547774868050103561084553676247956550678614244407996687627300823225933877947007309659071717892146289787573567328413352549177129189100757258669923245613198808597603634055115851421433465542984099845963030600560953742035073897322458067223613983156144549868646005227976883
201 11521083829960295366663611707309900672904075337753002958402285131781986904491143674580390586459444177742010690809047374378226129739681511557802668320786787552067987021733217164429262440279951940077588803083373317162909270103293152618686420824553099327591679682814644398706838554289938263657772252524120281560514131047446474788242988002925
202 551065837327942191601835328729612889708918526597637068800971274266449555855823579408427314835927363145559039341990123570608203433320558169058462536677491360554740949667928233984478276273564405062377764801204789817667722247418604160049742954847067668182975322242046956304610815134736530836537058918934228628439431624568870140989467020013824
203 26358071996685799941531032770749415359855099257286110667421849866812239055910351003786775307765910114237273238745289505131293099833775770227143438485623771747945116266113524338841190852752504201393631338348444272289743922183915548575570705320525342562527480362261006458560068636342120096506802570109155044752351039725978339675562586990020379
204 1260734947299997424513434145075850599170351977407593985219467858974816070749150093766020267849036632106365636930518917190750835796967202954628252781070959983755595269362561340789418122411773252971474826276729343965616588665029819438576094702139730643651756869282859613972947189336775700828375525969105612496011529243064686213391446268068881412
205 60302309195580814861571359502085353519792261920629393361923092563702685769654363009073951521480304191027168148151756056015686221303808785909132720271663595570152498713458657412641410955992567388127817746036871105330825678983851051861331432326253534402478972631408836735764329026371600297268225876484420266007527159479528232325075921527374314324
206 2884324339629922727453356856468188923394576789213354068754837816728219413487151464421625460318407185453354684068363025247348215575336719744332539742021744422314424960891035455981139939210864966814952776568841879036498831958436086797946563370414376726625147171109404811649941334952185711589524829943028630899075459698189847252488935453314473847969
207 137960336961544784443442675919138339129136229503618547746253131981957814330737973370220151352654145463763771618566892232837690414154306290700344562477024779071326403761147818090334116317639896586147869610045414812462003044023391061196985697990460016655659036492931341718362855938595339493397745679702766911229891329495667790150869593944084893423330
208 6598791374823346919576027775719510097566426478977373074998350896461818782715944487626542144035662692919481267261482620846470257452632153884944939876492867649057384935602862459000469450109131912436633908951879055348607064391728234958635924279595290510819196361654360493739059466929685624435341886143193641860117110201428811765039404760261697970184295
209 315627292361430753401137215041728656769453666933833759572952589374581054352062660347516105501004390261957918742859103659869051763236049672414563675835967290915989343788400229836058970580495061678934527452816718221895816731518456496868605148889018222061919405282355480772785046264950537020013916376963675270578036730710964172126506214003362771754662010
210 15096793037509081579090353197403689648022173825148086828087105369651519206203249570257417085368761452836736476627005180036362204026622457126424659186451536453440348379719621253367845329585900700203892232722769523714541500078705737161631034273855309536726486175794983820896437918359149099412628814895177466020730222768036057990712927412806572575772357758
