1 47883
2 347247
3 3588983
4 45603178
5 518498299
6 5787193185
7 70339685822
8 814228386252
9 9204305943740
10 109804560803318
11 1279132641376136
12 14612311774229902
13 172230893696813240
14 2009977920248093908
15 23129904060918498108
16 270804922987330063709
17 3160294488757308898496
18 36536732627352984765575
19 426299238623097920865018
20 4971866597635523502335460
21 57642586814698896871848105
22 671432522056340813057942411
23 7825505693176326238066346723
24 90876123583978088175553087969
25 1057744449782976206415107802729
26 12321043571807917554596590311654
27 143214991534371742210521974919789
28 1666426694577329609725224921201096
29 19403342159355810416578830010571299
30 225651863259828618983253568077956106
31 2625384311427566846830234751734742444
32 30560801516917951001248036246967558156
33 355504148377549646915935245601747980008
34 4136112161114972675882071188294934625841
35 48138076699941491099742471218615350977904
36 560052620338328412197115736153855621030242
37 6516033500957508412532152059691238903258436
38 75828709802412007255971809384269181819994508
39 882273469848535301535827869120310517935124467
40 10265196687018413200640626758752567587461208114
41 119451185990337879306258216102185330429742715275
42 1389868172687181914144897181305028272628797080958
43 16171343907221631214456383347848968495345873400389
44 188171473719938814182064651626736496514026908732114
45 2189488481988171676262721903159154300799925146809916
46 25475428380011651754501718588800505087098003757933108
47 296428922070418340112795947620919489100279810452438127
48 3449145426024409046935050661264696247573840338422299525
49 40132357552647451383174587738843375761889975973356531873
50 466970173571883230313610292487631578203442141522836178373
51 5433510769456509359391518600217772370145860762299670691114
52 63221748195575179929247481406558519294932356218456277061056
53 735628560925909426614474809349959516363803364035932773289658
54 8559528287518136174719815718071948892774204306046546884971471
55 99594998957277733816174655733169357319841521579019293487796101
56 1158853207338559260228251274197543709003317853610904301265678254
57 13484019586057912999486846646926100576206528305801103572951012528
58 156894639652955351039425389026847289991376296055522969729343809409
59 1825569802548389303751654989318568062492075676646050488327802824427
60 21241691714557253994952875220931563814876250868983963383905921221343
61 247160137269680356231159828958754796691734896407205134086405097100163
62 2875865174127048606170709165347621020135234867825496328320113689432172
63 33462543961299749419878458390862769483689664734163414511260154333513381
64 389357561678181933016173653472149370965504431266128130537833608607871566
65 4530421551354515302994145348836167258438082982374565035386536131571622261
66 52714354131197533247668993248677540260208219217173050618158095938925391961
67 613364630276281415085049712698391818048726637486294321639781431889481862540
68 7136885084276335686419326686169937719463795019867584367018067093798941974620
69 83042205607385239679984473285561147104936307925810626908842458225188866789668
70 966248446868694574123008217398043354573230767313729609362388204577552547288165
71 11242911311551849538453121740329674416520746610772592484434464009426243277823372
72 130818417604390791364998195799270147681249222504336729803640411368202748784734543
73 1522154978174129780359518781700045493255113156869305708294107782542144777710260137
74 17711235481978353732146700670095409701964210494323675295843334671923809194403369631
75 206081461202400642272154480799575509901922699089730110769143293344161392889809209986
76 2397888189453968271263642540485934176020769287117297391993732944650405864703434162506
77 27900945661759714356700236043371987367695394265528701256309446777606964469893185972745
78 324645186708552688306679651804789624253621669707485026875598878092714156709607836654659
79 3777452240099004081922662131311147365403197589981716564873846920145242310692242638543955
80 43953046718589863892694364042159132457123445723985962282619137500509584990894991339580205
81 511421541397506886956418917755769774905277114592613358596704553958731969900381405753910446
82 5950713408023135745216522348695112688762535561709653982127389481448637088225492905591330663
83 69240316289229715642093092899429494356624031065531892045171703415146360965204356158549967308
84 805654928493003099567644228819113611987962943482107449192247687810378355991722443014751108876
85 9374305170134431141158432211652579214207162197229407685436581870044932818668983271919095767652
86 109075973949716172186611725985343195966787990998713270644082077280047015108181330563290885155461
87 1269168021614860490279129663330477282224968652204996926759656071960365689119201079075672804157400
88 14767573473666628857227635563272232213343863522912589243947441523746278956201701090471157554461117
89 171830065189559848568139676374118045844263173612689663370747106604309882938369128636966904534489454
90 1999351599090549680534165785828239175082390556942984578126735564804176881427731776622446680168390535
91 23263721682021853139520642711641550078799388315380868405194865264119325258432586561473678571819149802
92 270688128544942213470683324467149622418471437215579878576919901759762291465308428676395394645430635271
93 3149627749443822846793112020400123897215121906531766988222146550551260950726822029264931899717422489082
94 36647912925564731155947736366803857073765435794493130122980095561605046003264404876073133363692158114322
95 426421667190024788732051741698168838194854631759429814944094838032862586293663295637532361400037469466431
96 4961686062314575465509732045929047373131371331211235412385696049730257193545905560752100226541354658109032
97 57732358591247770423041866705164873113092161270856395044472220564882287263365800950028245324602277932748693
98 671752540977647868230948489103926412513195440118490094708968529904858911346021601886631705905369994687554434
99 7816266092898532140297068465894552104726927677369380250085588316729321349133668604370401965524281686346291510
100 90947204446062650656518504709243384310137662589558185196142017502336925212087298798063168995553756006999374605
101 1058228300568271910242131047569423055101165698351197453419999801459489316559141576209951894795396332601706393035
102 12313156227229504076994267650191826728475568043269386515007561775094620605694229198476146239676180009212816212402
103 143271368080841080055116666805284311266173453943599787700266621645679850372216577248476202705991947275616473690373
104 1667053070390026398309949016731953606068298554185698093471634212750407307866760111395558929068914616855301240488730
105 19397217862319697311203405981624557794359438081652148399730689667946432010639916579095510261246889703784298347586783
106 225698910030487307132698444761035140290548009836679210441854079976302780460652289841352158002795841215812800235178576
107 2626149704963636478411633495532263885922203413533682505863934576545925669106663512396544748826429132783021932793147682
108 30556914396841024685220495785237786847329733631355774981468491425638745466213059811254089352661990309702365392554416508
109 355549044266749126943005866475120556722923117354580981903911744132194924020663547406885194620775242402073501039822452937
110 4137038223424298477725193753864294698739370302776522486511930257508889078319734732564066209760188868730095200044219481725
111 48137058833190072176017093015872926027089852837743151186873771214865279964394874586718078746439978254091715632011776292978
112 560105154544814610499370699756073991006126041061344289030283776664222656783151518718927563733583644565344437428305958265010
113 6517178068529726109364650949098670043858163790515082569941996786496438290576019877065960749443984521876736376729873804717135
114 75831492767402470092774562905039167872449084504038161316190983636855815152847389525890096450100977113236171849014682935084583
115 882347426359846836192442072837358703963068034468776726162501251634039061542341075983081341432223555304625630080512244020052508
116 10266670908731590008636659058532972124717913730295406758004556933015515828776105835470865411391504484180619435806954548338769231
117 119459215719963546492615696650047046065900913563689718994886195668788675794895067485001095718139792053456307990296828196359418558
118 1389983603068706346846129201951459983936754542033268657869520694194845923699577799213548980752094425813496317840388070464879310674
119 16173339202909945549265014408177763130590565725881757544683013301797181246804991734019732989471010709660693858904355897857558849920
120 188187040760416241677870804871160406300183093312808022708022522751584723390729588144865597914067600755530544264048008519232494768226
121 2189675358130202923434188073142874504985284258181200895543037480172561624351053829743247486411511336302329833128352796593361055933780
122 25478259047926135228387272322490069061114948645727263692201679684904215258776561462267312228017248571266965478895467117458432349271577
123 296455673985409490561109561709797540763001043625416609424121482411227878149340974409242665586334261954630018994762143840748160233480037
124 3449449449208946236925333856351430307925286830268226935999900193015038310069630215245367563672408392695927661264216714131378810065241526
125 40136528144841385468850682053717036752877517565788628883032590772597322868369715167327837284001877742385057053397186420252341986879115695
126 467013914894580305814795283502659205946377889410885152714765972195986842538326988386487702549724268377462118062879406230305152390317734545
127 5434002560462930995816248777857064171201662629199203930122309013814868533756491171058518982123557069758135372596676728523716475276459537967
128 63228059989985390512001624188402101870158760801069300550239329821335039003139643172246929470106974815410792490574163076430898076897518540097
129 735698506872285735028823746941087730807474102258333231195488955443590837362958523724851257930711887607333655702979548745579491517949827005041
130 8560317888961866759504137126191398589975207262229799054738308514063651333716633467847619837518242232705118313696479913109057991468284672294123
131 99604718068096497978179127231379430471934699750215809611578618808898790844071340462361559053655822041118749270880775201501288854254632377963283
132 1158963953217327641691629821382832927712986672967871420511894812563625134279470201097628105225471862083570520913582206614421430858629990098021995
133 13485279321225090652214327188090650094793371197004254158610830635677937154810475360240268204045485969280672226390340635940751113654358073327858790
134 156909762263776108015430941327711613401457107529589229607581113769014433926464635182427944803756847581413834114426760552166221051678050776752653682
135 1825744421538957265371309759298587050559222885310133454042842066553828676103946102705229471907046858548058079877198674342302604774389268838321154649
136 21243692200491937151651729883853233652911555674141584602794292318149250560951568884603071199858406345753314080108983157570104433989058620495270624720
137 247183807867895394704179332998319872575366416118684374023818885149332734652469254859859717196047245913738227321911953220819749417446237108960085207406
138 2876140093508914969509374194388550448539134095115558618360212057325841345889367179407417153514050689951524030545547165278621313485022534690611466404496
139 33465710836180308303826914490162998223794290707045363440816397240849911269323929665937771244305202164158730861504841552672207811714273782746567722200946
140 389394732300773956050405619943110820160010178471576457029100065090609531649176382851850486804344599424897832993515877295063218152259459768600688165869108
141 4530854231237818305502924540194334211508081502249249823037475102529014273956146148274065385832675345356515148757677782135367015469465065777932323035811982
142 52719357407413345904199705341098753978818615285294340300511257770880929606715005659141359877787462511227689461613163071697731212970008302576194334248985284
143 613423099399132963545505098921323004134241910211680576894025584453908314257315552468763482097664253725560432236819193768485897646836409917489587329220162751
144 7137566111975974094260145561139828523457041193558681656197945167131675716547777117948306667056899060527688204958880240365438760026016483177014022907468532412
145 83050100416386524894840760534960151188582358177027736642260150196399973786108887931323159037604614723540508067067810938259436769202958208088370212996687527713
146 966340496321370207559625258752037694476595008068084580236012484350114501864779974256536008653920727258543226859479516803069571410310776178539378974925367288104
147 11243983452742576094175616636289153965043924798358132752910889728642250018297392514921359460465460785245412816777448709306665925139362740571620432178805283144361
148 130830865897501848839101341121782563484646548657659627018285242607300736019351013797216916339978168432936979794363673549794436617952829167217591598368265556575315
149 1522299952097268192069765018359990177628613879046466379259485885609738348058384664238664104870902859032418252367887137421934454566436397025715540520781638563521863
150 17712923691651450906688865745499200349146117478637276942402308088123741736033434945355700875793938971290242365448042465996245980407659918446502452912269239477876272
151 206101080982108238418799476306424576327650095845735236543736252076959564897813150722648564472944112073079270602285518554101682685568921368009610918602189871803797425
152 2398116557235428939955657780999105113994947614608928414965948718025339831336104867405501509140797749849872530162713641462179593647717179907794088730616290618683270108
153 27903604360938351121534463560429161157747190437101995052409386544505715575129071081014171667044808367278995072292498649185170100965984437642113930296070984881696292256
154 324676102161334678281023490854461108598039616927235040829161488826787962618501306218419372938299533792781747957046859712612941537176227065989219066040838838014675984639
155 3777811997013904707189821013314365551444536008969091822486249734007866765480179366751518359411574210990997524884685544947100685949329198300855703002929066055165647920930
156 43957234270633519072086196344974734363846391672108096109649854798958740051622290671784315853880662945287031617819583390481441326450245106740684724393905756193143419717570
157 511470249512315685430798203533127233934062608897041798829877473150065139407226704567754467579792631542149389282096954293842930505043220435424617321472162081709305585701869
158 5951280158473607163000402973978163225409410746441064014435222458848112819420881351864545334815552896568392330004135365456272223507913839070090157635055964486063310972547842
159 69246912324640667849020921048426146435026113542233196070642043137939167164844310169186272562985047896251714949075671853422044918029305565874415488121226594457176571811257342
160 805731664248566015943571215048034276103537554568335206533884820210037017334879640948816674282190305930220722598921480397057871699858718570284541976545798965010568828665786013
161 9375198012139552602433496531015997832432524152963877007227460182707678106475018197617967715727961069148150917517546196795063179868579309723231542252992238635604975145423173443
162 109086364191478662242016222929790416283599638144011804378591879377813344850072087264167343278674419330460412034982533431143172936202716956238244539435860932709087545228453652268
163 1269288908576354136616284741310603735473483845247976285618145767754234589532711113176136799357303344738269787405998179157779880954425655086441925381313101161826695234015885890327
164 14768980022168669598090869254847532025974016925500430804844054508298299147518410094789694156851328392204863229039902659465948478624034036937866452884521772585384157939149117973443
165 171846432613884423467565254845729487835401791992045012173133834090451095243193082065043910573101060559010341506725884744487300280358526935896529971938445638078539018462898839337280
166 1999542037282938876215590484004910048000863441807539932229337546495672221652568299209377847803292788267579802201007935220219011813953094446665703468709307482718496581671280721618441
167 23265937488763361207370041829299982984056103593471937504738586908621318795336948653715258492837084925646891790784635837548617341282876618192049100095985991777650864945341321239700027
168 270713912054877871504664741622180565669053869563447306776654565856772158602866389713672804211777036353073762086201162062438687770626889105061354972497372163372134631743078373048690460
169 3149927752339682060925874281882184337969420874802445053571188615603501327733060763690854701032793376836211260665057707951157956726443447288614940447046703499558730321486645159132998430
170 36651403578211331652553849658271232824798453158278500515839066659291535263063011039438800951640153684695432286221553536389907637141305650382517278911963806368168103612876945554088055380
171 426462284176244167206178971080350739509809459571299138088476567309177225280216724833391996354212512510890025460911112432592012103673031327511746314824719292267441428321279645688779832522
172 4962158664312057521560600133975954297549727048960338338216099409171602983796561777703333141151252504440679270128265228728403776051698058813332428329924500864793530345857307198727269939263
173 57737857539662946735828306308790262873574487222043273315520742828263696889195147554122940823354030505160659968255724148637260509684023415385140807012366602885484023429832842536034801855148
174 671816525587173409144693792982763005184656102005651818949086381645442748921412065284117719932286646316879469288159762662296887135687377120078372637514931686670141621877918303110294656158679
175 7817010593820096137323538372191816083846219830133613745351279583399799678881593914894464313393696038572099624295978541652759318769473743180956308930720934296648612918369191159679027823900685
176 90955867110426858649102413866025387015841673883855176150700485243527522450851210489524337380958145939121881073427067786000800994081809683188501364924799049642783858394040962642189003825812536
177 1058329096848097703390553753274526081525124879789504212510224983032484979745234314257737330831934481434103041366076763330021145240715337447517272167507372040966504147698273505073530544722576594
178 12314329056700398194572867578876704625635599838103522748638262135434300009919645856971912316532222442487319295631037279002886242283803441026277066537392949266023954654551418856408271377888675251
179 143285014621931966573865282368076831589582221982792471245514537423308712786519223039517374999174905833613022347634745417765813308865024570557154441665026976911011118872959021441306262114380502910
180 1667211857071196302956829216471962776654094882032817318320644922762720620199042595256926491435937998219634044490528340514053529087174010648312976945824918650590950070417113764018114695782881102829
181 19399065447932240574408531952954102979021307438808016760147438215546762707916533416265114082346458629255207386236589082046949708958189880370704954945114992435789104712281015818781802289585956473323
182 225720407791634391988877943325403106680944974365057152202646808682234113197185050560116172695330243448321799160955190814001264411845360411567791293927585047111129801898925546192798216721998779530592
183 2626399845413815898923068449945809340815562343282160597340437393551188601015309079799977249957228055455251953038593924815433813705180998881397112861617996919620673886379860726164131312527844158504985
184 30559824942179492899651619903613432372590316140717019278652143817607909416105879296342216697467184930890620064247644351401067056664153350381535577153768500965558353553023247205984189522775033756430185
185 355582910244007405256534114421854247109239752015664074164192548320061205410109607024456601817142292034066435381424837584426860863886122506204984373810946173862788031268759434173665616801506405944440216
186 4137432275768145719042282609576208805667683265142781008529266364819943181439864902331188687369480751151525047982568134071314685541547011515260748821782637802572679388125789371326031266636583133549080707
187 48141643885025460278625309085177305329251195990282265962895781364160029292778503485728932354574870050971039928596389111438802312384535592913299554902807655466372751899061002972268200634028893562444708057
188 560158504473000919240360716780785658924954049381725186184763018951801763893176493752469585181674526442090698070599581117227642623159767380651020744171216996385863991432773394857326087009395908244572590543
189 6517798828864463641427701108042695388365030776660577135484606484320335195743241359271691773969172950881287411113388954450794372985297749436795820338536552272104462569216820252510759737286043369643560252599
190 75838715710500380456374059094332610334539793442202411582357264678353981951427658721904492479823941372663005466906684522917700841903151130878196384581710512794365764226054360438592698047667904392092753177108
191 882431469831070270832826413765272181747086477269681377451956783530224054119691934826770365722098648414198954479280964203644588656914989533639506823341605988359763223456657908907947042583108017701220511498918
192 10267648807776539036630698088203315140043205153126459136542463398004990087660261094275405740827956574183656634284610140949464893130582579735496534161036238293291222559212007062728202807952792274797713688627199
193 119470594198116163328971782775150401588770195330777893595381954790232251055564509486202522922155140924978305891547231056244941997711203271399153401868182825612626540713977171891483140468744825068109469160628095
194 1390115998829318732910521249523471942812876138252186835101366163237023143260486103975354794822802866359099698971542006833897307458650321188247314418393645440842239007161280204718760795639053211595706463750002667
195 16174879711376754446599149276955102929316690249711629057786598993691810801815723773419886489081664356716741893046141436300980260149137612722372046954166028051372770828904146697975250406251064249780634315201794787
196 188204965555274081925755230933135398689669206544148596195482040158294094517494966313365880119086911800412535786613745258563815154214446354164336929845172899824240176744896526361911084149883171177022525527679726722
197 2189883924437974740261256814369169599160460459353416339174966730507729191916040072452549376470743340357967312797909493741141167663977927967996852864435801321339784247872097207358714250486680814079244639236252794108
198 25480685848872802451622369779816246563293766124112238791709240839881666825606392575207138316816555349202862427359182709081029194772530910814778879443797221703831741140259324281846804983635122734051142403387237447147
199 296483911354150031559134679224117528951307929298886725409559518626338363932092681127673571690744985311963546156945475833855119539576939976524972999588542418941919140867550999653231813301488913907116742594282056788947
200 3449778008849949173247309988681831362799567411639982975596207191994943780635964005633156747793813936410816967308348385160604194766350307116181630163250697061170770409471845004612904437296728909885862408733190291399176
201 40140351144143580327893773442813573007152493530252053822475972588719566971848122922596199310508292151895356612986832398341249149089653496252546202445635423007807050835483784372724368664756944943340564850554705792847735
202 467058397914795026485525281269741487844040590517550526667336763492905469638700562124158176072797185921350107186673478387232041601786739129187959259924045607067013494132059972528811961199872831994124311979332599777679034
203 5434520148550365555971631434568433872137006604495873459107080540335328632771074537721713081463358184823056259698969185308977802785067795594766106256233332239212465545067423812653328448276493518145161676607276974598323385
204 63234082454904805532950384584845246781480327129086391443756273401812059802185869138274972626781294311162892678303322258338353921917376303105983904598025894944026584512638545654084066059894525641412749807000980641876450871
205 735768582067046938924103219637090567523629445633120438921623198082344401424134173276174031169196349191629813515025059804477662007678141660781000576250380936351613870703743016174633232746728001639596375483635435441125710125
206 8561133258208004426668928884544032036921044343942026650642942374095460202429914371153617190068410335459701890281314191228224059987839871188122689984372798861639825613345772476795539607569273161838617901207287218605358378280
207 99614205405302797156746471992776577543178694537420291979138199322298912584874865871976408482355292746252010222898367336977855140805869057124387669521605289889781906640177000936399836353529671156971481748616649896503256533961
208 1159074344394320654786907988839377398046597892863743846024545501044380212044490663803305773670598156164023948869424032257923919147234285277229481422103266861999885068369221920430716966121022048047428870609257927952981290773996
209 13486563792452915862428065028174682600924752170780534797567392572419370439323475448592224387515361625004876187626456941265974059365552722759023362356642064179114363470503896460986573075019149902631953908555417759529767053416432
210 156924707899516170410642924493337456047369229553678007338448284766706475300701321361430446539030239079556371706044453467225604211218197720689942641702590094690320889206543549984965032143263196838673483821742077793427234379889493
