1 1683
2 17166
3 205803
4 2343348
5 27630789
6 312856410
7 3703472454
8 41913844878
9 495981580533
10 5614380251520
11 66435526164984
12 752013955358760
13 8898757611781614
14 100729081045683252
15 1191949103431492563
16 13492220742057340386
17 159656381437431688482
18 1807223933947022781234
19 21385274352889403125980
20 242069746606942357641390
21 2864464009952630760097596
22 32424184345668141267284958
23 383682432179328037585324794
24 4343077750082386875394240170
25 51392584517732095058689496199
26 581736278817237991883278481964
27 6883812032856031345916473037694
28 77921031480674167826467004741856
29 922056529138228759727543474246163
30 10437181534149170557049542477598070
31 123505441297334750102540744869636164
32 1398014840240205874221788899282592910
33 16543013956320579965030763462568232889
34 187257976412219164084689411829958765100
35 2215864401473339832833791708833926118273
36 25082387340018812695721221766846285345826
37 296805349900633384127421456410130664777383
38 3359676136250737589711790732871777104253008
39 39755779131188561330503435406197025950072860
40 450013931587909889309116856165509292146667232
41 5325112821776920028314620148838145815038184715
42 60277398895122025453654964289031552632104339250
43 713275583685062587024752933033684600096702444117
44 8073894078658946674928671512261908125620175607616
45 95540146342195154226937388110300848207296003500710
46 1081462816715526015590065091760909056861769451268688
47 12797184947688295507826310944741183495310404929971720
48 144857216671901233084402880683993695952531238761533624
49 1714126980701640712427261906887230481487811500187768618
50 19402990928212177907331167573763551002178415821969565888
51 229599815739170814814573001177396840674580262333289834707
52 2598945814435983470555991438995747124088050259169477019582
53 30753891620026310880321265146959000174227211357261913178611
54 348117430522176173633426514083221833505744250296654669657524
55 4119349341511541457699626437424150549497101448220720774469717
56 46628808019093531539714135000701609099784541070309878187705670
57 551768836512439159424261247431377805822860261084081750396753359
58 6245724995786945953589375146176353017290738476498526345558516480
59 73907023587025343941406710225277084916411665623750451634045055911
60 836587559926996956227473003040766030872921048699717635918505820282
61 9899522724078272216322895578124281925806019225853599567823921360796
62 112057246500079647963632672875266296237789916924437588276379415440978
63 1325997793012820782071028394260488838944958401715712199032714125932594
64 15009578309143584940825089642420771934755579987969098323359433468182822
65 177611607759462066393413504505478690787683410446050743631332260312240487
66 2010467399965547687032253775698307066648086404170366069382176014860357764
67 23790298428193534316523379870718692841846056800216471717685091115122907225
68 269293319444019500235762645369778647483976703761126883153464798177724451222
69 3186606474893282235047029421787654873656152960735448968272887897003522410476
70 36070662920682747108195023819785070799079085500769203246934340804882964782066
71 426832007025094218488891179625989637195196812374778817720856848313966460081001
72 4831507614907570772086402761508140295089250799698783795778787862065954798545892
73 57172281439982757323866525053798774289310414061658281020671769536992837448756254
74 647159324025753087849328681006885938695227620506284627083185017828032419159026032
75 7657977169599715409949940733525581671616174704767872012859910408766402353383920896
76 86684162388820291251795345040345576977876335570469927472450933861561294742845315452
77 1025752564932594285417379622885590101787009355311880938323265333585553698758948045465
78 11610964611169456303854391212355298517311813512397146417647672223696193703818955199830
79 137395071983584039048634215004779958850281181102048942729353214111609717441588983926824
80 1555237952200788537066329922648343026749622820361056991802980398559135883550456906273950
81 18403469268063432747407667467299758305392345720909761007045670188896874285430776441752096
82 208317324956697478170321677605581768649177590703501566592458037611267606730139184753976278
83 2465064257479494021826332465407863281110596347694362485655569170757863808033954442371864898
84 27903195016367278226269022604601653860949816812971375338999969532348385334399762735459332622
85 330184581232620703903534199195871328745605329121181906472731029421001505427798282741392906008
86 3737510993304408855949892749727703076743501359021871364823913284720843611343785870288253096166
87 44226781250414529514856660381280784730841747474047362861814731117869276319060185769432832490015
88 500623258980825270144530782282636885091659363412208561878121529913816683727835698822519560515660
89 5923984010610043733051393278648373937680577299401944255676370928014713072863566611793866374039270
90 67056297060146177027357633911524206311904830150072508723888976706867548597412769197435452657312036
91 793491761456968632223195393496164694656584346141903118872680384706492699477181808439474518932052645
92 8981897853832624841900050800317850493619178371384034291640257011689396033536402603159927464318318310
93 106284752688798102161182427476526113077192710147784697803353204391952954062960345593761386839680695954
94 1203085953051092151091911054150916615536865197108326679447955898166140211558245858099930620302424955118
95 14236377997645519630783205935890054053138325216580536528858072660910413620196691686893073612994053372897
96 161148104107110779549899427072514549012316062071899457890895026066533347795372071520224137111624112384140
97 1906900598294437774393187140999373335517202420291371469049003600915697389277769443846249320572685863146709
98 21585084084356677480848033213460643894976846537852702770688228007428473764577786884346806264257722103357198
99 255420999103639174830161694613371424113767172800730277651901540416436942839557675249358998232015092494329071
100 2891227653656206206724793588845473105358011697613019431902757427175098737087273529825930750800768930173721760
101 34212526254096745563780802679353411905790108360095043031149937476534763726661162655005623226236179728228660390
102 387267305172302702645930481531126723732664139019774855996492913795742919242683729357217361027294192062135888724
103 4582618331284188229103907854699220577989068843593622232682822917536173334263909092331392461535170079560051434815
104 51872762584350601068938878982424702929706907139925317122163888704568606801026706659298804974278461147007364611018
105 613821692506767361023018037758070621320995246043806532205974868142072055128034561569964160374081263329999706319255
106 6948129785795426517222792838643707252483754225601069074239501955249216833839749002608601151809272371235352932656208
107 82218732382691825418976924994982832918615516525200942166282032849985438819331671591600732421821655900945299034435334
108 930671610978013553722507251203374272027512340262813622999587031009687242668951959790049842308113446377606716336695744
109 11012839782527186507315101669944288584943185092452564337592906021308652576365469950625457180226575898226791754147006358
110 124659393848851890834061102745934683182449273617581744726761295419355419092259764955969848974920540877424866750566943848
111 1475121746113725213730790255956024060650441638733044604259996542650731155552375283274726863936383008117622948675936452784
112 16697580856079527606390540341118589488979598861874162315443849519168417466459011255559313033570155688956777391458467326916
113 197586109380251842548811521447071389515078987398206448118612060798176262929665814289608595166939128266800153500004995036387
114 2236567962005065967913897404941871594710001162619522075906475004568316350423398600967985607268636129101743977575794571516154
115 26465795601534720309012474703356908719692546826353718559462677471054862583686861725349162331368406931559147781754639765143393
116 299578501328005154588654020297455901345821900679072632001057295923791630110175891083242146545818155278479637376694201262660520
117 3544977625295664252350627859780900825228477148086500893011343957440806588524649974269861772482492038729713945802130952264522491
118 40127230642021645353679543154210070891656909525391365663652793795435146298848290346546219093735129320735938223981339197217338218
119 474834255997886916620155966777673682034250261274819399297739531566147223600627821843013798659169242141343436248963085536344186141
120 5374867127848459142932440196437183116956858737795501058276205930503460659339298603668530955607980504851565594576916737229557085232
121 63601972847504778679936976252946672098461007095665990236330764488896596639437735500271515769526471410396824078634148752277294589757
122 719939955481823930217082401976479618923140378562337308826964962769133266807764914264617070251970595848477954807593942886436547509966
123 8519206226167340627348135033402329400714294987667946236258892442366070754179695022263036432417377276988881520112466912249290532181058
124 96432809810993365482348369126914660846395452150463348959129179781424339423328551571878789750100783958400538887173018605429679278231682
125 1141110432187100070178114639363438455154790136669874703224895706571509421854541702122483802969857904155418089321202002727021285179080838
126 12916753317045193632155023456202895009788964588655046121038956602973023111448728222406453051568845999232820728772674682559730912797138818
127 152846754014081409577855358595916957932475925832895459331664789351260422101737806457158529532293314806731796412287479800274305768497251061
128 1730142641082495162295665587084299269750630035281233691748804209291932932384961688322784995550460847964575477552688484619219844332688117552
129 20473154528842816540409835857357671450942416274938151197400458718115935104418208927379511001083223402435726816902376101207304810752810533237
130 231745043434542683284099119834273390345171962614009438754009582558179636196134752834382545626611448025671819735667865209755157288402156742614
131 2742289550507967130162702945836794283210866987290920016461701702504647548952836205622772255466188318594385296083399636292451002668260757957190
132 31041235491933825515765755486925268341159202720029308294720545688981931293664863747211176724430994581876494321439247066055418751083958158697986
133 367317697340227244873544544997267901020666876088856417904371473937549725403054769748831822187754335174700006935952011139013238539953277057957567
134 4157837797026511646191728369371999208850425637098897572956848549450516331419902474933138517686333345339893704690101380520976669779433991425631056
135 49200599825184214302783251154378274775713296832751117015630441913559324670882266882357860408364330483948673322707786494885704919216996438166610108
136 556924196875943394865433274254067050739495092619273486113760506892416682775991039471258775977397337166764996444237332453587050070491239835469056380
137 6590205265595328934959998781217048728391249129453900447015866509656666776853824333382342467565801187240634964209616954222075920960507635795411107722
138 74597561570999604451867636360578530566182045489330552377951688373328583279163833936872624869239073265943245914222469791865165965437733400491464161136
139 882729186168367788734340639205615876172739324760384734829646147388996618682370344742827232040238679789574010905920308868306112495022818245229197076825
140 9992017268336884121672530429967052692254646393350828438328014677170540993337916179904917218541247640826851699734466811889627692244075790823624857753190
141 118237715626461383810707786346499040468054703318882210766008454769558646375473743150596283276082561268094871617406898787570412522764304197568818458785038
142 1338387032875297643725156698839005796001933220034331379377629799067934786882570584285713749119420209333503368300416922734589277433154867955269743062492838
143 15837425130630537754753798528925862635183305800639385207591242135973346776273452629723341873109233832989456377437731139289527493874460066417024765474088660
144 179271092279336268187297773488589381399976273748369438820477064963511230577246036406614792433318777405932539870520876834180684279602302696384167773633615038
145 2121353862761822058617585842650911847153124196082377045442284228245711440417304350153701441413294662186535085426662865465625799148088346672909694503859713254
146 24012579125175015754547926334268366859740441466342572150178982810717361289413015717314502566601473821963930545870985011752318281286549071934547565538857619286
147 284146076394132797264824528878032072003624053471828118776031430041690295273590938358057313361522376199470193960380781564640689503862005326995593318123816812242
148 3216380002551327895902473355102584796730841927940081384841441763368848463083684499037452580594506627241188723473243293562001486167251351261878938889793545812582
149 38060124785152562666454551148764727398734306199286093916466160290777059439326397163135604804851638117705606259630645788090486535369703790867785391118170215365831
150 430820040899570788925925576373926883317727548190672961284817829618748369295552190818909797713690928443253759464706515286155729818519426264002266155574353770478856
151 5097987334697877002621309712300387911619749446016966886340096286273443276968198645309864222868232847185760257284320724476398700343680623448002872193533719777298806
152 57706461143732936797022504278005565530360349871534916677121224375132223600426747135002093452204723451058416602722942625860020906872183107015607364549599965626897064
153 682853117572504193884502824475946309923044047395733392465378058940083803985757831114154568561840437604198654482371642919022915716924901719114136617421609932856141027
154 7729528205744332269172581372638179949403321165353654568475800833426166300208242444426168660899572727472854752320465709348459796701912527807977841446500303065319775814
155 91465189998578522020818865631915842043405840999342272153475866290555937767831848098978622191041929301665217724437067056990703439430298661706436773166473227550031788102
156 1035336513437988146818504066739312525427750466847849580368003556550665617718457350522710338712629797390736279640395475625374965636834718191737292866769239589217741722866
157 12251362359179378486574079397210240799344969512487001584344678271927575921263894896646438687713913158743719964465908180477691510429511751522359208016464226912246420405599
158 138678799989540410071418134901319773714093179230248503814412702596108787002518619438810475088692158507902661600653871304045467095534447525356456112141194523046560500250116
159 1641016431040595611052542789404045535841786789613398891390058419478367293756942064941714946406259324734458261473559610524631479960142405728819292427039592458027922042248291
160 18575419022629543720569105055578493416891570498474778269765396791822776831802542621531178913440366336945883841216332625398944847064514260876144345755424605502844164056363474
161 219806977215682666726165971035057335646061151843386429071382459892018945234122506194661390934515327572418037020997247649211219016036503816246307733368743991692768322677950529
162 2488096175423294540958509071103526948057367820460659853987507002440394065983145063553607969451955040794250406903253232884747420051736327280138798392314502324262048592074467132
163 29442183709311327143483279565186301268182371011128820250367754410766682873489630771065748213536681458198984038074999670124255906180338941663708295628799864466485858817390097902
164 333269605956898553026190101903199125830897623938180465998833643777616328023661222036649466839739270894703271744621555215984748597874481543772278571096114002356349105063903167644
165 3943651801017489820181018668446497887634312204890810139017530179037932235160979694608148271660296187290019417298772416221843068322337356279924251840293455658043449783750942871255
166 44640006826010477791146431028678480270622811846178194939210744502369437648520947543705234167804657111550700036059589960745939604275847207875582553115845827370904166824048094790958
167 528234919027080283553826267010173007711540472808990005933400641242228955303962530614995977027777139115675532730893785390383320895850055025604109384812110076313721566449472115406013
168 5979333770040763900446172367424303883666631525868156149424860917804375717971849272594478817950521526917532029077501754183239631563662357372143920100379383189754072092853289666960932
169 70754758218652523420802524586162837088393003521959306767333465511019866064330426849647193433457210243858929526653766393592910446453925560912347637097602077867720608140783409823671344
170 800905619770603551906794133100956246885542005875367538157700098999520286872365556120746579178436847476123036745567184278760906611998197764001777453666408677255763858934936311078886808
171 9477290558149051660154785900705553763753403536836852404472626724500457041261755429195361826215191334413356762599946146307067086154815180049124210380523379482833184605352572618007134366
172 107277806600142599039510895095773807341365878915592275379132047249167549370012729036234415325898298790018948351702053504701930126388702538208623963321985532029047495316732924714752159636
173 1269441640179372038644220294844907694827200184533405916532004304625750044528451299146240089039297372022178291103557167772256306001483676848762629288082434947705392417000999759361291180752
174 14369393227923518319304879806654398021937979344546847552130783134758853477034222187264053850621828612859064241874817026674596411307761152165061297660780172624068806754549389726795510737312
175 170036158323294291275549818672559741432036692746549917786761195034869965165611852503676071416470363014934577755207022170162374842903673127682312989902798001976719254335621787332146286289623
176 1924717406912566447281903878460925854351920851844548862378506709779648137659565007399386157032157904423074764293906940952476909483050106688252920842098564540989510718966563390397936798018026
177 22775600092383212408455225154928085012509630332997288740661075635535149656816075823216567428171663937461353898429247057232874312297794495291035321332219085544416072155762064137806989198404011
178 257807482731653687391037005763974503546133799448793808818419798318073769139554131040331145165929798914659046243542208143986370161995410230609564265372295072415933863096524527117391226254728460
179 3050692068576936814722441412686085764298927204777779081265050959661434151699239035468115150909003687432316099110196695376133879878961597803805897997738263637794901752577235858919242304244454807
180 34532185303528657630164538189626578361303177221056019190785382825337614661091617893622356296536242144165725777858451634880318276983353429925861683891956986547532631174708797662644717684451246850
181 408626866450410402099834953291460239459603290532689142257971614585515991254248302446696087127431911837914791620212360921194712981587043756236950818297347554231339075882670436165149043126471122905
182 4625435263562381179956226129016008837121006744848657854761918896257300615607587879747368325092508300153199763649319890222765293686142747698466616257425712924332301272604954792138494327278487567620
183 54733782443985298403980483239880101711856695318554347883546405973651211861826126441977767502473688653536470628942908463587357189509388400780758100798262848163750515955889365142303359759403135335369
184 619556833410719324033486882522747424019835437240921104015319506368584155666921896645878187461122057118885155245504451082717351151676164358097018557260023336303691261112689030648470543413049524322782
185 7331350889012267155642132684961742775380641043556829078034019419949577952916742831581054668320075414511529881521928689050919167585970660410808738529748967980798882517418649668647764342161264395476578
186 82986929435541757180563560878484066571012806486694651920767071749404785854538024801506799691004217220761530898160451684328440565588959058172152020804054748952506687525009128519840739003265334082292398
187 982002402498448403568123394702453600738450014242775403194050129082767375514335362187590291785770070457781023443247947689613599054749563973267458111626235770087160017648607196669007825014511615651927466
188 11115736419574181664577072690260304385988673181295493742846306828599376414303108571392487590929908247426666132858764948086355235605659585809306494532409669763403122821751844013526641711536938613893037314
189 131534928979868542744933536501262730274347526345130550313979204986869041144757656173590210239735493971734467416154889042268508937416395886660513020395953190537168107691641818619096609682197989678477382307
190 1488904300832337730960470928253251397271106906807393991578974831813852574398230683160551506961619734622815513370110168067055005714128156703056831390631531977133962702926754312600603014895900360426121992920
191 17618528730398292732583078060106865312789991245712728546640202281204153678135583266615293728933419864026415740425147101008751664556739447061810982958776275042200351820352727130416848347931753300174972029565
192 199432222334213494331436533427706292153122122050224872187212264562217302629648139735099719035418128221471219120644466837191201357736521606515466167664792472235934465526752180881674675394188545328889776143066
193 2359924903835838191168423285323316809508839873831053437930277434353256456878730734974236250138275674109121497337168427491149007751605034211090864992335817577906718861929375505800928388473601744797778377631656
194 26713074361413869249048910376901429969559851102017137103723090343470480898576469709494885060028394574316267461500906095842073056012503422341007251286915428518333532882515353339892571989752010759394961930000926
195 316101624429946890029797943687930580001946201965901592257785081733503217900680928151591539611394375307758795474402471186910692484247993974236499207589996353478597874687777326322965475880738176375653685485266015
196 3578099534199532962039652350249939960473413958838978320284271070941417281054380124783188272645793356549983493972532028059886668291069260768789663686415862694048008091667938735893242779257026319900071898077247672
197 42340430750504033084224895451768116122056597665571973037828170002197092249761718215184832369723006265125227741917439334382905096215058887450746459799441135077033888304524846175507754086909787520035376797966768838
198 479270790902754351476244619298429830281060216134514440859039376301792719446020246331982256104282216364275342787150487266740325721798193823210290880581104687815463348471706653348305750748483141282188306504706263184
199 5671315607349942025414453414328578194190844969094462583455287006063844773993629283526132621879920185895444631561148347637346876250774161672047276830917142147751519113347461244764827225818976885532211767595106634782
200 64196227303648400923777236328120712728510248109765578884068930348034825067489382515062892382919196025207838766498073081889916966400099003562634314357591121506947343995008545318310911172626046533745862703678317247964
201 759647933383109336904671511579064629288993459449766433128782696773011695982426251809696440323754613339314430097698027344337800677119775539218234684898211434930492295232239495796700419927339573634819681807428152667891
202 8598804012777588010226152923002385984474660692710771440500457735153041896542013279158480929758007509804316334706419760177276925707758009557719850877823882098691001709968787931428456411461584140007477419430754369528994
203 101751519866988384302201384606771905848689344358132577695716459444925797356385727062138273581346339336509545819838175863896906556810268763153773886892704520367848253216721785622165385342947798064264765035677427205805188
204 1151772207740902916921618967605563668319589177887207794669829194472120782147855349368775522484627947738659618753985364554539446823169279487752404751850204229449004037668432658561340287763733995849317712163474059857673934
205 13629171278243534820373526267518222107965692730991124437635744820556116551846026390158455160416330586025645025358075055000295859066841731121593981996969089748858386518053482882678296272781650843777496781610545099650306560
206 154274852241438823685296063675518243674722070077709748796194155032310569676039021119387180615162043840272960166856163350824711808267804085909887721791639465081973400942968011296950660292183014340918980726810719133594681746
207 1825567912641700551192209064695645725067901990104085756041072497596068243177228943969879869481891337072938973204309415493764295657304181330963644855711874580965913654945637192270859691969425227776753092219328573311412876600
208 20664442043449513671021851686437582006019811318535921154196098993455711140104104300739303475984164808685969229113613901401547517795391073839089009829629535066329763371875880247310349911441225806202563184471243930152258456626
209 244526841407225934984803960877589127412335292654397779650373766574173211619329060595106453306495030066036458957361616320419474623656572782670998600739466704848901159827493907792630657405021684945282667486049990983793816964560
210 2767911676873963702941626646422708633344207184939219345675662356970628174075379100342106354680266857704534774904612417713614847349179058686687654024244741998766375889917869374585644813708887298518572620892858513360570948099066
