1 452
2 3248
3 23578
4 203313
5 1846145
6 17014174
7 157776973
8 1467364433
9 13666197180
10 127366953026
11 1187443362372
12 11072379506700
13 103253395267594
14 962908489874374
15 8979955402839772
16 83746661590075524
17 781021282761628826
18 7283820485368617646
19 67929135839460730588
20 633509579385461588972
21 5908134870983511868906
22 55099501948008089009142
23 513860190997957368961852
24 4792281146198283641502516
25 44693010564508936840584666
26 416808853188594505648248926
27 3887176508322542545388321660
28 36251968064610010270775066204
29 338087346159178603284488748138
30 3153016506032006743814743218406
31 29405161720547424238323161760668
32 274233748618176154073174104390244
33 2557515228102819150845621479382938
34 23851492294820758293256942138343054
35 222439998966921584161900373473739676
36 2074484586922667977999150065578653772
37 19346728652128513022836760112523897194
38 180428387802526734412807394776383012438
39 1682682571839406735942881002884695316348
40 15692766931287973374328639355930783018260
41 146351390381709876214115076922067544981466
42 1364879091140848158625031072561213499040062
43 12728918588165048474349701909276599872546620
44 118710418729256437046196974484579842875709884
45 1107098251691074107180223964872439565985500394
46 10324843868109201001136673725370827561308644422
47 96289918928152076387797620247919389273859679964
48 898003747623551735033661663690171022145123707716
49 8374819915962931625971488555979312526849870249626
50 78103915279217151686821365767463457553724070647918
51 728400328980892670271852785821036876735462277977692
52 6793091452108707492955129381456129103758463221963436
53 63352650514690925866918295041792138016148843604510442
54 590829426562582498736495774220960373272009040714252982
55 5510099553156368804527653144471479342985997446776390076
56 51387415251697966063146915762237371681574015807625792756
57 479241149960308598496728153416995728851728510569466010586
58 4469422692118963239085838236796224962544431059456299842590
59 41682020007009704124055618430944802667086457467295336988924
60 388728234393300674088371974071102986430666803619495808971548
61 3625295515647290130939899904011631406861218748010512514266986
62 33809655211396327486757369660034298812476374910677468146733478
63 315310236249637608314928711497865416161348664749307866219329564
64 2940596242764708368255864208688143539302787316459434549453548068
65 27424121607380445283976057328634526311874167321916941114475124634
66 255758487003062137033432810881221145655306368137220031478496683086
67 2385214177889714481828598043197221706600573445567990420263402608412
68 22244605608485596375332416352809654977773713917204857811072564108044
69 207454107586621947844336401724452498423620891949361286485380820844138
70 1934725547039791702497265091797545170138240166262695519060297983314198
71 18043330093165173205807894525945055354700428692495747338272028248267260
72 168272839188505363362271473699031345342668197038768954399840297445251796
73 1569319425092522849215923374452435938655915743040890824353145929715397082
74 14635537558226191861271065906306998058588738527664559648092352796045469950
75 136491625728535723834188795180868046594531782841677204231575617873377888444
76 1272926520115917258150180427643947467293651922004210671677380209228916820604
77 11871365125631005707214711071043889044220232845972910808814730915911725825002
78 110712839837145144153384192453602334779978605882207213499604866251449883697414
79 1032512501729141411444978991925091770347273432648671851953391212501179613706076
80 9629254093699890938567096696962960881451378699328897917934382569817931308136196
81 89802820058599128815705321094438592693385163484449406020142791708248850589428378
82 837504796529723480392057083819813332981891895210493946235888843317143488415474222
83 7810604207669635819356268876657860056969742873413636105021488742405310141107881436
84 72842016358173181280583008809452533983499897285692664460051856636028082592152353132
85 679327643041260970228418349087096938659438520578862575597317921399854316168045400042
86 6335437562996760792081562471911513127909366758825182281898268297298901447774031286646
87 59084551505866587338792168694695761628960815601182683211900537646387557013049998893116
88 551024959513311282544283005359226934199277197689965513639020131792952838772235617670836
89 5138881454934944225155287298190206525034429148417163793858861514646102171448492454937050
90 47925419986780726561128610534056013674012833157811052492789765928344804354100548202047454
91 446954439609348510308905029090870795050973811511554060120086574418232182721115170768060028
92 4168315502328594448150450782495008418602880576829036194821227783678166203755875148726280156
93 38873881960181495380428432402490502433483590818263882282468543071063169766042585171925555818
94 362539423373762617797607664502075381222300311128617539746480588258259893617525926683831521894
95 3381057586037045485680604523609632809525858759489424307315043403137510678795093198178468570268
96 31531882225986811900193292359088109031875573954655364986709033765083131219939342080488573522404
97 294067631624955454284217247074189611314588517530964720970357870817978445220061128113162890672026
98 2742486837599628342100331769152887569151243917601806622367190046117195194131363233446398265512462
99 25576545139791359264240279902007554063779407291489772374617722496949969062883290595940971596292764
100 238527912812278305313653550802419421785382701270331630376961290913643201341627814495648128680916428
101 2224521133703281968933413101602023754008195199653849946055553439458693426027073980170359001514441578
102 20745975663598769690688239371778754898126982596525931156239188379254693500940765711171920168891046870
103 193477823030671540086878504218199898638771295199781462402121503755627416619611319005475374791866422396
104 1804382141948116931619484195261862772148522398173453699618711072383746624879632183927853902158145388692
105 16827742131795340867153242468247079447342064935741317298856805287326586372949627432480203677361724853210
106 156936215822037511395359459440760119581280697489843280259546708270284260644359321723752356132174258714814
107 1463593608913561804715688065012953471438817976391004050663929352776982254436893854389557021211513808577084
108 13649534244420224730380467845935687367942319061390463289802781708316325160124965330970244254964723774010172
109 127296118235921896512050014995096047610168226128554704835303888929986476393865925838093402625845735873385194
110 1187168838713888170736759590538595442459282111740871632811709410693246547291796912437212683253013800306927046
111 11071585458727440422986286999805894508738712944733811401271261942030437277755108500502639511719560188817948636
112 103254061741294673474480610989990986876265624753610188086605363994184474784567077970415828501745197358952889028
113 962951630172441963566156401297984819445009892095952354055385308441435889789793789704108162695576070010082262682
114 8980526542142947279679736044996454602466314232402664469666013266283801340668375027467743167744225579745839985646
115 83752760208414072696608026321177530606713227463340902529930457422460230133730606158305262229981085452620744633692
116 781081689320890396751914790421037685519181249565693540799709607175117142181537976885996421134549341834627662696492
117 7284399987226743080128428878480793980332199316731055560747120520537519407557419202429362871077379639145163206951146
118 67934614137535375592640708667755979340794015414253735631764537096112640386407347526930309749368894633134648429996086
119 633561007922197964414521106520886981591823843005674773296505262385102022807755430806957958980896248772701614132295356
120 5908616039928447455987856348673598174938289851637438984392731632408433480527406425278604024086970781864196182443382900
121 55103996411955534471976642946298698334861550219739526464766837986464137243229698004149621536714416010363730100027543514
122 513902138851042929260768563857535544301214401898781410442735453783300398567115815388463680305901127808339341797448047518
123 4792672501306595707744202544046085414867167674049347679822326734931863370237579734653715894728250625299379271802525004796
124 44696661033820496192518853134493020438710151860632475899927709663310068022793448395254743847833493304033002515049644065948
125 416842900704690830140604418815319740305604947269856203041013433701810024564055620449091935808542291907521312103823517115754
126 3887494050985682380731350607825404466875375900993044694839490822593261876780386176559884216015582080146018796300288418487078
127 36254929545160910462116356674090734444511738564397770696314076000874219170583049101488280210223533416549794640057348320348444
128 338114965344141822662822566007576560769719639999073576045802251136467460856653508167110498862065674652405089316826957019509156
129 3153274085038987516189458264885439984276654175216026341366077600097836235881597545679395244803354035269748509834424006384697242
130 29407563919148302787100354560884855138978210525507692084300784678799153669284998900234878195003214189820840570914663118384236494
131 274256151649468974020559602546707955997729135257283785181503368893693481559008376541343812255198877374632172686547265202282882588
132 2557724159824080048371907012384101457477801763683345233714615549097033019252089894388348498294067849889979393849310783932594833548
133 23853440801244696440649712569553500838833926790690226487062530073220613585643574610301414392189743841810463241718436256001626415210
134 222458170820742474580849874327862076361232134415857940382821446797002214077782456251630806962747594566929599656028769963800679610006
135 2074654058391790756854383324732567364799522272983099195124775490829844074395706186915709474665412696094435481029621863064628427589372
136 19348309150082232540838502714247125134915316666521527450630714226912865442016224870577147075052680747438213422711125710621077233163860
137 180443127591761563081918470967996485034458105896516726175343544253489176961047592840809333247774604945087494603472913963202459357629914
138 1682820035721744736784333461599865174855218355496218814743721253040561112166877157928709422842646882254897430642538755866619008322818174
139 15694048925118656965757150805296458581821715323596840781306695768699656194025141929695848681220679951784912761337979941825197463237063612
140 146363346308971830858990521664878883393367664597940928731437789612740850701476359492659024148168551863102641743965486370475834111296263164
141 1364990592610762644350119985530737532040388095590127945375623702841729154649015331160573993814599028169252804439545401358451523024040186346
142 12729958455463859241065633559437897844724637588301424662643031160661939133317452645710508873954642443869544552137704996396267673929422090886
143 118720116574492839012981344316411719964000825892528477862955793448510880878104535536142172941271675313419606404444284667521893761192891334748
144 1107188694194963859386549561724323053221933487388085127514392193250476900811944790858517704043502702106870024642090541227276998313676808435332
145 10325687338623521592706119261816796658148645508652977535397305501766711824194679326145198754193503562687086748412082169923027398357969058642586
146 96297785168889663921220960855420690555104669374896927555646198684362894692039770134371949660653523578026148015257678578129026779771099418463662
147 898077108508479191128263407006393998497379359845741647182469723664813900829991687192750329947859200172096867414235340309235971759895373185928412
148 8375504082595613569631575050173562064429222647867406091189567302465808173203357791760859870667066733884188381915282296066809605461156475985600236
149 78110295845396752326066145867924586895618676326309855099627122504280602835355868510373309091777051840861447828417272813728274410611979808072554986
150 728459834403734767931447355415815418954449691312909492298804640785159291802231675097526016436002960610822985612956346300477483257494906145328023286
151 6793646402131627788680109105885318269342903544999371092415437195396008725550466585556209451048080141177258077327504797686888026291563623917395887420
152 63357826001448768598298674708628341144122765654421029972782281506208480690933798995358670242676686092858386295357867784736593226625689803128527770164
153 590877693365131035763698820279181125712334579892964623385118129685189996407726492084490353656004955240742915177257186023873707745764577952160284018138
154 5510549691343801883143007826862065396329654121441132728963767371098877006921374157111128443422876237305211125655806436585085680195351672978947250935646
155 51391613258963555464841755433863339129258073561770002399221495606462034050690997942283503130521020633342299336573678162997199963206326269337633564500348
156 479280300748875189521937263922616205248054661608461327484651545281328201760136150773128452359935423567484986401167983958447613016396581398527942046048604
157 4469787813984747026157033187704676233679613341316155538802228377605111546693471945944234952815316025271996138063687088281272092486762745758100667420301418
158 41685425148559961309381491765709484969298858012791025225103347100897723546704139820907639747050989743643307389272492084801082604891387583214595872016133094
159 388759990883568375662596750696864873417863939989148027879204930099639408103115302765514815521450054038203789075395062713979940308976629344658183186331936156
160 3625591677982757933972695435151720036340983631366682441455341119077628277227113913253962339634906628265598460869223319023424741487428110107988026320204384612
161 33812417233528192367598206666281713619567509491004561946818622900880801397857998812098617213267707313906797930688488590297157788735760465741238338886084652954
162 315335994981735872618740384756913377161831191383557629862840313015972326951379703393383850536264628236652710002504309793659157017823896077273411547510503900558
163 2940836469760594949697930918896594522175821735528741439199898276286343580762240738965886535462259949738513229703941855249582053004826643420708014834332475416988
164 27426361974232840950168786745299688508056701592937197668983464356198172691510453829769116582883200644648826122593304454421452367543506488338542106719695870366540
165 255779380756550537662404179876416166120607498677347363073812654560565854072348515239933624377700761978532873344994592418517546223508460809260678811098664501751146
166 2385409033894822414710109988994170459927839906204349909979425642376091239061291170511114666179629181116536562466622162983323528112587299330724451829514682957240662
167 22246422843610328824641217256346152834534048412447487567298492211380492841537792414238020756180375121100084883396958495340001913092265874702529184656332620126105980
168 207471055196200272906710961727196999598433488341628440162293371683890159624535976406152491706588500060626390969998629049699787097635033057981270378219716318079120404
169 1934883601144354326380499748893771284383456061710874841898939531577145194734283227472245145430019951186660490932108456616168770628046643929244650454302514363345631194
170 18044804112250498496492493587783475063524297052245446555473470833742599120894412179601098825160225081493726708464853267805622244095012415320743415013838833733891174462
171 168286585951171955996810570375003416930850417587903192834874998173592738122981755787260322228762256532661409905826465923656784625631363248554898326185699491513180044604
172 1569447627967026283368815709131674127586434611365188446852208826306255302912758977155764185414437354026340521050539775533191894371487996419861565947634353871938302799036
173 14636733183511182485110260166688601552717013154692763436085328882442463774603048379504520373958513232972588780507592231891893204437572917116684895980801250682101732473066
174 136502776179160531143971639925727775436031855362461976649504957247965817495337389742333394961549850813606057291734022950810640413157782724599521049891337524263495152830278
175 1273030509677443836895934765832881637896694683037374616376892709608444165114398175547809643050473957143833926492346768432159864227338810204055109493667539186691744071186652
176 11872334936562451984935163803987024490424927114584530296315912114770167755487655379847243411971862056200462092216238684011995630029810085796399648529693253062097930390235716
177 110721884333813324693859748952458765198895189082435277381304475825029503240822609443830684609795161084713898979085710899462956254006017693870507851668931192960628384819895962
178 1032596851077378532586305878990747162453648225142229287163626309781726135270845360415568533227465627580459036888176924108960130971244079506996518136804450274234657451581452142
179 9630040739193725633187887471144483247619352455154317643204939984583074746241621883930918742621480168779003191221165188278600822407121122855295458321210014317916246059336213596
180 89810156346856280981576360338250023829667423540259191629313265444051883545062716593335628140328882415505951954761274080994470760179369780310619169253119276455209684852843701676
181 837573215056002280526983040277186670618886901158974997386718596376629564226328837408207950750674716565087610044238424829865743254935565624192110068789700750330126620163651738346
182 7811242281662107319314854365943166729556538079302943303989268772400297195099715756979529364543723246796542181843379275073546005679987142581787029672029200310170965480451233754550
183 72847967062492790016652766249714807955568652763641246317780984386823259811925436818890903981003820745161122585434233421456474424098869478037175576360952867483025722985272468196284
184 679383139554701755426087513484284119504238834385898488796901363762942517620247776055959181049894656537221348315987437002014498904910162499850630534166835003522544690223549569500148
185 6335955125765580358593426361731388684406534633877685286667503111538973607853134940668301287636111606753795959998101675188721359586588903696302839557765208609790851338338583477003226
186 59089378317553667370396155067964727820594880432450447430399446946522200161080712810858279824667703671663729259077403305954683570602880219606433143507929665534886516054626708322294558
187 551069974557796939128338913399887820897061281940378102911910959614492954730937209717761892342076295125856999367424924232476304330537534317578318211410168639442768620906337752001398524
188 5139301267092826746457765198364887630108534863812860040552248025268068443336911396667318088292786016746235974742321182333602329066410850395719200901306864459226938505417627022997009948
189 47929335172246379852365373957541148512370196435801393954527961614677710081355299906949960639182255589047040693007834687571240991832023559403278528441317833096905850115690207705995981674
190 446990952790166756882553616380121392830914289525725939384235999433572825907075322893155951959012237057426590045378383253917764687158935985850068122950906915484666921111895102244627072166
191 4168656025755942099624876359081886257179126671642360187918246274503782981575841155631433534764678076738873260669440138432429459133553924889119253947072723775799600005931946313415670413852
192 38877057695682321563732698343773697723248764433306002901878756769275774672711017282935672258970519020272699229153192848352813907620614836137931933522265933192277856571575950655403751463204
193 362569040413770004195935327019334146620824903226263790336086291700685275143731942136893072806723710144247627130719956606389665062542125257304926164061653631624748202018795128303100484290458
194 3381333795771316783349625293221035792882701723369638593595028113545727514165467449891250647717067129791048908075025334475078470352466923641937174563238415732421631628654655591275262386850638
195 31534458169338584863541351680932946973991161396665525664647746776861570231680049792478531555636672705973374927562747383393186185618844873330591625499001522716244235085556989733663405004461340
196 294091654978690793129752426013791819676584905939136204384491204667748081278893004343234678916526278942305911191127131802139392949234260299671285756482095384224929020421824847440908798029387276
197 2742710880385466780362121461771530756144244808830072415924418241322411167248949472156963748446589720626453746724062729179016867888752814898388013868999635801355028246658571667809797939178021482
198 25578634572034635530403128761924497240899590071578678835473148938321266260413907658841929798797863019505375154150496878204535996997146306071537068069396578115234061539102467601140444329717285910
199 238547398943388952648305598234012168465188332600039451724178636364492459500175256197033606867979437036196436296181749633835853608586097694821615638262066249685077284314582691013840945317996499964
200 2224702862164151294430530600741250183093705818783643311229704618734299835587683904377854205445503820726400755969832347175890973701825259424584622696757017398009810919522721135440846630049982530004
201 20747670470705547741154039006421318658285172132958105446294695174356926069910301936668383480435437233735146137907002452231098529596976449135674964789669404036136858625219558582958166445172738132442
202 193493628871514768306083870183535285323713806544504737425632066648257939526764826153101622322586592789626298184133595464945476252048741886078114338417890445335439905124553137863785620305351249811454
203 1804529547870456020571230754622055116183200275481245456455184656121733223799700528647813229886069109408671256003616649057695652457260358869824857687300440374730909834169900275945323567376734762679996
204 16829116845494925333302563331022930223274625028717381228766333918075477899207447952423349199117112314065667056117494306701757995265862633125503845894076965902604580446303416903531884925508319774637436
205 156949036458588856148228810400606497840884249664243760780611649254790898081230794020190312922597790216046843671904743388484606493974704129068837901090357549889520628072530938890796607477193899689052138
206 1463713174697791176045010778875341157654889170896891196740153263845123382072329040412158439878690001073780703814253444717358596181812783510934989238061199586307913096146550623521122512829203893077042182
207 13650649319845780342188973368155231507249687911741335265311056963926425351627595684467722223226148504650282800082805165491825577627515131616897844202708739822880323698883661977891561287687595337539873116
208 127306517475241840597605099234689761055309815619169374254620462477231855761648454831312445870570365509071301354133862336885526764397689754765845102333591523986437039705393214402712875713800252655333365252
209 1187265822447862566073454077349502903321476360007547161253897329924515750602934931083654636344700397400734770043807123254763567861520775673711384346570920832433520819817874678824108953961922213850140175002
210 11072489933022745597044773352384618235447551584152440815457834430501276727290638139503712999716130438733416252071853769482369206519963454019718861730519712655489096885282310689451048912184493170466322520366
