1 3074
2 43248
3 708300
4 11438856
5 188139156
6 3042034560
7 50032728864
8 809272164864
9 13306390815072
10 215291512025088
11 3538911397147392
12 57273957730844160
13 941198542228997376
14 15236505936023298048
15 250319589693588400128
16 4053326117475450200064
17 66574880418768094255104
18 1078290431175451614117888
19 17706301218038264464785408
20 286852121678065762221588480
21 4709199962800679366529466368
22 76309491378905564547619749888
23 1252472453879989213977414598656
24 20300058641781420144319395790848
25 333112508019062091218465716568064
26 5400255761154454988137218170683392
27 88596250946857927483909045018951680
28 1436579707980900022508554379084169216
29 23563583564410628823458773443284041728
30 382158519726681170554978432342246293504
31 6267132376878211535776545870660426006528
32 101661342271826015603419059929954534817792
33 1666855218663521595059996772921570930720768
34 27043734369341226033621482510349895804649472
35 443331224513892446997765560429702586713505792
36 7194093261159006478253094739477608160938688512
37 117912580116931193196047572214607890353552883712
38 1913745115585533025286826823881555775720890826752
39 31361245165345519037650420298865992937704836300800
40 509085590583171155906085045809019499730299193917440
41 8341184725723213213994138406089090263967922206539776
42 135424187353148608712180479500919962943972416140869632
43 2218520382246068612324539196107878563029368332114460672
44 36024705592872191705333639954558425269196523904914423808
45 590065612533492809258223880517566804205142152028459368448
46 9583043381163048624788394321876912856352026450555010285568
47 156941697613498368753307806723069634545282005253572442193920
48 2549208285278379863430890938191436924494837308235389482303488
49 41742408452977322178250689718620201609632215901908959907282944
50 678119263939494036579658242122050106559935958476270247887241216
51 11102422216674018376427436678321080711553829926244809079127015424
52 180387223789056482313755706335213480196513365120929956901158912000
53 2952969871980608912753104367416001563541832198668723363987249430528
54 47984882638633465660046611084623080597544682598909428986613887664128
55 785418809636624884705571604914167647064137110134173274417263173173248
56 12764449947994511032601633773720177305591173241906814918524157355360256
57 208902938764031252190922450722781204919760463722768433626506786418720768
58 3395461517659955214116678260039603345318640416076735953767723526778781696
59 55563390353417260158875776122594924388714419689372857549642419967994363904
60 903222181792307835148324494956455078699420338761352238349811738598195593216
61 14778618198142217694487667599840008536485251205642313594515090647573086601216
62 240264431358424854846452035449232968004480774861471973451614920055062083403776
63 3930789557567084038497962727051856865672798302735170046175576515914106316783616
64 63912161912735421873452016490525448981256404227341784159881728389434812663857152
65 1045506169715037142789046888947937005410331858372982756429367955437848443723186176
66 17001087460756744273637139492066244989101914949736461007291209825508108311445110784
67 278082858620595202505481353139896751246482636043978311392231436521605582665948332032
68 4522401238975692890536881865127403659026417315240185984106988952092528231956950810624
69 73964380322851491445855530843642905776297216392077156641165721083324521607778248163328
70 1202986368092727992453260239445691581793394476139933881523374811681456360436463906586624
71 19673054009673645534696261757235232996208688268398123942572894229486157222852347446689792
72 320001174663896728526614754545274364600783137188423492489212580130988506434599836077522944
73 5232649876269972714967299109892601556217223005800761462225412515804328886261131503653093376
74 85121979982087239980644471108863627040320047868429624616730648435284819833727142577177624576
75 1391785393445876236299131308032239268362713475244935029625943836726385686905042765722157056000
76 22642853915433878429962982123589528889250432685077995087794776060669065791284825417089642659840
77 370189037129725675647600243876386280603613228830841184838929960355349274767444221557976713920512
78 6023098143148869359622829841593716208802336883601957089922387618980927647868059795865559961174016
79 98463549989446649420355348268077173073783992370388695278342183420741711295346817743517627487092736
80 1602168046782992953314665176115297855585802067094469511009437820826734665578480944976498411433885696
81 26189551473310714865358590217725130946416589657880745538454075724493082208599385432485641877855404032
82 426182454150767041939753545485755185193374210840224006959881702313443326740938662702930238253226262528
83 6965964296620789579549418518940193618643039306438018477846353340050014193797978890793843961902206550016
84 113365905529661824778698190517206526538443302173902896121675463150837053399155825968126548961114995032064
85 1852827632053536937536563580098010305907438328304892973601295855416336484906869224749608952154852599791616
86 30155655515543544589507182291395493991494781113605912302452813455328241705369898791983654894354981495767040
87 492821180083956502258933576912622373249832150392565898708013167218667126409862420207687176759761766746947584
88 8021480325344234330276225553413674807999145391565020871438603559078681886871436767184736913312412236706217984
89 131082362643835524074290906802274702736803793644680189528317296043735249254756091207519199109122192592347332608
90 2133731302235412024335776247152711901265083370352970208375387129530993763103391838005849039310621738672970530816
91 34865804324130558210331433550487053747585586583107395376861856983383015794212620071395891546602443439681558282240
92 567576505654396486321912360678803273443483209202913694559315868037387789595228304519888327179257489416768133791744
93 9273755241290848014031238471703261000404531439338218299327995994153368503609391428799580654864093498101960854732800
94 150976233073734085966700430244501308088778418068252911115610796694059832354743045484296341756658910394459530056433664
95 2466675759613601500813154527694096172945897664553081846235321993382330988567172742082984265259734776102904015857123328
96 40159867600690609621630644239857196724549772813641264057659343665932525989817299952749833693455408522814677215426379776
97 656098402757676163570984978347379662015009613574113929238825681799681151697242052925174917501243891314397173843996180480
98 10682563622630976869815818797782790085806950589036772188539447495563456592574498350191544355891109254865076862961277992960
99 174512426220555717933886199643919553320851421111284422787343676715882354913311522057724457245619505069924106621197339328512
100 2841569278991213226672116888804842015396737862622961344729659563851156799454965062407854991359856449127080528308934933479424
101 46417759916023459081760134235491193761187795622472229075529260959822962180133629746885341620823149740192059226803673487114240
102 755858620668849175369138406107583566818883419195542792077490932163139233125108630833041771432013019017524814583495410107547648
103 12346459305162906576081913005277816886688481853408083073515689172057910492982158746806509109815151373477019913165748919982882816
104 201058514139901762300494669993941244887878386831964864517803770192494155042150291800615190866006105107374424190967675659340480512
105 3283984477132045298909793677386792217129798967930394279976777812738830470893058346955609113955798228131664168128888884579996270592
106 53481546602598036399235801387982814088031002067642507783638861808692690132294612697628798555494826347695110215819617678641781014528
107 873494475277458453081085036079016949131749023510055731210523422844070261076676982079732389555352400340819234531563376544445953474560
108 14226073638841103067203134655836994948434739201299005260306878913916527160870158443657323922696850228719109980569349253881341363093504
109 232337662633428077742609954529048258221324002003440432428451944538194734488320247971334357437913924673461036675347985030513701628674048
110 3784127545787776446747599770471597175948980595730208824043476736674064970058181865877238197707646735266959346372070570617830328934334464
111 61798714687357618883888079659382630427871824427707906198380143972068040234675231450497125316219489465295263865106842152681391098586726400
112 1006574936009153162650229639716896201501045696011202628695316725526014914522153993518952852973349408649017276070291838850451181551380070400
113 16437646229742292635006484577167625612549603981543608676432366334999501508828780260856955266980602090802454838196956836992690587843029893120
114 267747918613903428112437686318154694328511166554848470769751230515196148791993665586941528480412588866555652618162959215357671484851440582656
115 4372201448207509302473791346835184525001954651647410977305608182954470403983911392960153599049516360185517045568162839918758837213081248989184
116 71220620382850296072220922956164450088796930683284367927624117042953011433148830609045596615544749304406564435308754526155467279590142051876864
117 1162949975052314514597535518391487036504201101724393709452509628712009169089238079149103436565234596025131635533507818810780349698335873924333568
118 18944583900212043836527123811131591786230886885367993521286942593193321531369999818355410369280532033002617924748626932031533332089169563147567104
119 309330132436453723795580260757028317788319648656139963284792273350312834176149842321431868769972423828697147035944989774387639747277560675768991744
120 5039228718782965745664602503013965891930635002296273452943304002293582522434709069467108094011313929144298830452490143610110809389910784014702084096
121 82278001423973704579847156339542535599453983357957511540454109798188675370684131763160579672324605714357984264080700588446151068440878124961567342592
122 1340425750015717397601275813936111635991613158130080265410217077869508732278143600260469613440691466605918261167440806307728047524357711079702509125632
123 21884949157557199224160343142559993776732738881962473307072248628886149652191018431813844799886013759121108158064386637824402622834233419484421607653376
124 356550587918876746357655081207381646896711502801857789828401960915217217586976094454756532754022662250769567692062478912228306912609354636631938670002176
125 5821134598441660134529020059004154043347558869651280143479633448067958709331379050921685062154509039022511497908078331285680250861974642432502674759876608
126 94841685801161867811156974261614061198029880334079168196099051670993761037863390066097325296732453245265704965320685761884319384324322504220327642910425088
127 1548353148992489257233862134360382758528986131692719650508853477217058386326834764569121210613616681866310217491220565868015580801059771368650807997188014080
128 25227667376123179988155095058283411138892715326217431526917841520068807454444709150967320010837360894873753909212283565315356888050086475929067730509332742144
129 411843933690438241786053293028955851870334989078726917612191205299624788411740057491664469904595449801106816772634498913459271201703134350265556259613016326144
130 6710496597802494484446555994590910064343332148177129839205366290989765059872953734040960055755204480052839157438331772598257315692463584185028007515754403463168
131 109545763569926508015748751312352768920101319543012748210519374790388404037238364542747614859852874227467120299608738661993552134086708635607530690657228706283520
132 1784974298025426526499161296822560147548468178613622975648297348399137818599407573930301271865798121117611663773476757703473419915339753241103505416783637147287552
133 29137933857485471987203000872143052743246006802199257669430149233522096920226990983574534031644733196484755064241583028676155771765183027155869989574935673481199616
134 474798157378780112386544172023122857298133240330661199588446068181947297870603120076400524454174595707479605729568314505828028044337516125772195954753488033536802816
135 7750365132238628712024113683935882295995222392642658869955710828747917696115332564333772800185309854746629145103449047661205083520585230835687032451002126562859417600
136 126294908494747766201058951223750695865882320015188865993268273618629659076776459410446088414448218853551425013007792600458818696699440689654707330372191650018693742592
137 2061511723554074147569061561684239892896997207617046311446727195812469528520838708154580650673479442219428440295555476601146753771998043986294100965074602268092348235776
138 33594054977186274615965966127168237097570710907413667263296745852359246945354491142548445387088706292980804367694799123354566484628125699171859336746756537795336709603328
139 548339689493808481695529580797643365252199689363427787491331060837306094384005386265654380469863972528246018406985060726364662446922858412166489962070780422318668627574784
140 8935910102486728257405495308122647393725269765704144467345507648899347803150841594434884655710472938214417409707329700029782649698664874177547644296208127127686356391690240
141 145852465203327395689373744674708963670664920115617148188275667984224462616074354196697544729751126601121208027067702590155829498830604613733079801865900541058202621947412480
142 2376922039698543233643606060393120737835216137085018869192658250283772599206331951634190564064848664736592813789983492299756971338769499193020701028978423990534000946651856896
143 38795207392420840960213791101997223798444067713634584534314739852420843234365545520623739948142615754578622013354862892246753145161199957960255880471779614913082156446432362496
144 632252966767155874082392793862554357936558600964683571021640043300914993222614898264881212945222359100752733706949173800907243160269158706661078774135004312913358497631684263936
145 10319118176216778775063969902392314966640802944966668979349264356131752831509818056522861734695406559222657641605444780966612290280868764891775170011577164470227606417243165949952
146 168177004659359617529985546450699622819476215641812857536292124495763019903066156063014196371300827547186770675279458122070132711782017255880648355543667021450942306451149111164928
147 2744778426161181036076268254495757551046389994834286040694729583913268594261376641845572276661912391354112071114596734489454271831893761778912367693515949734658030264081801281536000
148 44734455584963096755107077621869633611890079472229984247051208624940008732984637532525021751960283517939169120537418591519702798450665143584061462066566579134836549800726552131928064
149 730082918138220117262887323852482713258661985808260578440445056090380658728781499565389000595265815866986171831092463326511434860155271239728510815947360238515162895456272794102267904
150 11899193101149048503298774212112598346949296443160847278385242836798825515178228500792764147375233461137933695709915592642393554862891583019325028316419791109688902116550939921455513600
151 194194652566476865848424035183868163816770023104968468235640756941101627687263019513258849986198833006550924564972428600557798574308844394511986355881155359830021545386273129453735378944
152 3165138273935272630122449581052466332476274974432640254118248678198618236561732180589164843564911373626347250866067084094282591847942647952886904020342818214016778581489662286034580275200
153 51653829374856014627025385743049386945902126980912953296063684960379888935933727407394041462115588874801739085998395973315371622200670965054690858135186146140165771892402378344781576142848
154 841913916708623547694857948722120239644006562573681309225831974861540429683145726240077642546877205113842141972977360329194646369825604645855665793410066263360009291776701975867360377044992
155 13739405824425759987750139769020778090067256428303198345194370119152750195865406796705394500156569146762505438344824894175219572887364697187862061831601493636289248276665181378265186171879424
156 223945593220971682867181403055085895665773506009375566839596570190190662412273952320021898442698834855951717271560570211355536810475838337023945967173873926346880116762449991712752319007293440
157 3654546942480178795906566874706624896929112165887964752900249086507819905207894713860099383846090523337211629018504869939652717242943853249393408285076210896836198865942264043281455999250071552
158 59568572231535867948808863839036772040354617422671635483450187547740563521544987037335797676189221360030196184551050510162222864983198628713290465399843168112014428797205659777923386656828686336
159 972073933075923209052873551635753667507952376756676911680208165815326682715841044365067721740119272131496787286602890939164532805352283542490749280216049533168769532670761318659421934407907278848
160 15844980315990770102467986245719496124347442918911057706284349040715258608953290565573360958616231457199408373085954622982164357798752646184260988116508855872334102389219277615734162217011985252352
161 258562300896858132125719986861555878428245093549161918365472668610459749048622225186676895313355799599097356712726316054395605187403620032129756477888241180711577555242801429258061511640485432655872
162 4214694163633942323772457443419820773083241057667890820209089694117463426417311295525324067941210896810071389331637642666673587172141084486603200748568423798974451037580991352268787750303096421482496
163 68775104479203107771120445104954139847756597973875990819221111710315522884861473373109825612528877794524177132651336210012986410948679839749321151460235946186283763411966838834411098600709227372609536
164 1121089491057156260653390698034361300840321203601141999445382788641547053914990211945923155356918488396803826812984137311171904729234492602940571176074396594574873351884041533884913281193672664170889216
165 18293527482610479023800468900198150294268268837751756921267848681680249485716757102009408313295142622474627199189646856379823022325689027493803138281598523695532440165807758568777060430904676023063805952
166 298204612284294100166254136831927653550042635277911698644901357623571396135740820005813107458888026769652793870305166951837549169924936770148646104237041645217861800481102018567109915976014759016100003840
167 4865906884587876291607423976943030169188150327671626365717986235920475778104553752895806974204675583176236708283002927545081962607416385907066675025876484738021325821736043912389474514787115961302854402048
168 79321020878479491791803347834485045628742499818920794106701982573436288276049577068501168404628519954709155082889874639280990330776273376172430362207174543637022409662420654702736857127922485944605233643520
169 1294286031632042271223773883903186102166366260964083989662500451566419758734923243698397068398155218685445848247827877395570866949369814735204508779983051683984242017261760116796319744252844866214523236777984
170 21099011187222372551542938766178368934650218253556998976657655490743518626636294693193501504583093534478407692617082796005831195939667049384704177552713594059447104614006106817251206052356646804722664213577728
171 344268163895794544060597164805217350630157098237573223878370216135099190949631422197389280672311768374036079054795003532872204666504515929752571364036888529939876622201005295148109421896053032859727115654791168
172 5612234162263010603111748117062028221664093352285640940208220868526889497519799514160660620930366659744232724673698102826074746480924683718277121726554519012769655089319895229531588929876436348463969749736357888
173 91572187078963156429793730760676082705927778960563552442381383154744669892627432111214755388610488234588939248272965455119545329445009858215691118698289050549742460172070646413746528130157825058560436332748865536
174 1492826518778675612847018760183278221813897900144641892621371183453030033585796872886173204743657497419134815108801333128825046529125713015928805294565299495294143760154576679180293742664350055553893939671973494784
175 24357372084276474323461460949064420023500365849524420952629178665713527543551524071750977659453588958163206550233967903109735740711093366189063293090629925271654916238017101570071275081529101608761933081965009829888
176 397084359794779078612056757501423208780038581461550581373717524704426239325614927181385112856751879514805105316286253793375514960228322970950894166546314641535884762079270395175030871940997078803785981267187295322112
177 6478842016235407781789010240851961345535216356039560200319647121364611297323622954937932092390240241816776852506585780213025326389723271251138440374599554942670404566354807315779035737108262489219625841400808912977920
178 105622418573028346607754842715005289658841570870665125670773974523950387301943869356936945798027502988612505132552230256861159708152510561881577444664743045607107620198847444744992738969863204390061065371076415014830080
179 1723314179251415677683580250739906209398068423791858482247437089716591252486718619247171533240675139682476994071348360643080490751408592848886387514506727207660546215405783046000485109519381140993623121128273740111544320
180 28095018614998352134487954776340891807438207757590055636404098607628156988077484954275403494051359960805936085362486377215285422446794893483187231870311802034830961847234078874323346298518945857979482898689474106755121152
181 458386312122643700839590491946405317687971187340660900425948441254246083254768153617649452143257583684848732458810325954953738393571785658254217086417972923214008886589873473054666976591007073956353558531381559057344102400
182 7473128230976164155684806397127556590085904252580298081362812404212224163760257770933050239484442721783710827067845597115456961398173210476214665179488606570440509690748747244939216119264809979803940697631259463233396801536
183 121926729370293683491018673382904507135861893713161866128665036893407522508939956455261299448323893429966432314877199650411950666402105298747623696163487761151246319906822052714137338699177455567896047340178030721813574582272
184 1987812613627749946204230617884199753748950689603934594240211753790711306675835752865646783847823684300300616185994255426091533672322199556862974773728017602773160520989473420597747930136781495946048961934619784282145067892736
185 32431445669918295114334999686141916307598047462364569565410612785848565912151362295571880110308272772970669509426482428922455204291846775097781142659618197930054342247649709426727094883334257764970714128310097094670304480854016
186 528747529171364797209806178616875747698670900078036178933800174902603587440369602526151507575439455465073646312019916768174809283702259192432823142664814801808014985015234951202182725351209215845642490073381835886498615381721088
187 8626483370395032545269774605794300685282555066927583181476606772238892988754366712749704248978476387377434769227836139800009773636563576140983585788863132094975487464812128063780992236451052364820470728921044871753301571437330432
188 140643985382661760317266337787603708222530185010346715919314475285827312669644674062372061850803439099176246938401773831539372825087677992411592345514305005672250253143693088592503473429648466718815521671389276373490914062285930496
189 2294570280644966684756579288233232877134679221663656262970996116897863265808227076803445433555812496717357206377481935422989499772060684856461989364537563060258647298742413412013913832043452094143701473632637908876361704849723621376
190 37410532131317868128049238952156890275329244831530243744362406674044067686066152895357954632755792752844684764460761105467248130098709795484085896462513459856578098080086614776407193285461035496509115923537396999058396779566526889984
191 610336059661428341630189310844524112372726917259153202898153963857386484687919661951285055690459376645093059014257253026605679663423119002304679878574134573923581296541085219334816540230352627192670246773023760714957861306600892923904
192 9950995231562603499230121010287912868893134060728923271085142096128208035612171708136095958659103982853513924554358840621914355789076354755540857826458722185723835424776923527857730885089894533565977833720256283894235383616922198212608
193 162344201753915989046796177856675612274640623555805308868779827853386726973558442259440358825796393565206738356988606316553392465073532783571211970141423121714887711766561103758397310759497199599756915278447674324484006705116277960081408
194 2646909329961756932990555176122113910721174454310626764786769402837043373121665807028260009521515119872573051686308663708092410435369406212687133512177125389626951729865215474232739508618840084026348925902115217876738832090831385140396032
195 43182185515097429967933668369826517302004534753022459412975211413407937300113385759362633021167052660707468811786585421784766308286194961271523687426059400166423893289045498690348873339683655245552533870715707079816735568354713793671987200
196 704063011006909581305495454342560233072023614279335101367967549399466846772204020109352474485905579327535231300402857935130739752968853945175720478389142491576521320032105748906625531100661494094300357803208947192939613705694211625711566848
197 11486098516488330582543711760238687506358335312349566270087093068623514043803489412290676557931364340127083317674466444910008896396370150549280492518143809016957052501960469101132217944624151852100951883919366460119599786768876438352524476416
198 187276770926667511494788549563232816945119543892456829957418369199892947365266260480356087821213861885706219390636031370272644675125810951643298157581462769413172938366936353840657790769277981137313480064273076760840963105730141684547874455552
199 3055206247517356844007719615954421295080256703101711259428248575775020861314702352318955628294606127882131596259562941791588314046431447721393076795876118497960579611012456883636823292469287300602792751265573011897910907918439260838712307613696
200 49814550901629727363201848496675388080728414038104172541509177906973972489651135628828830562543014210941887142210406743897445140987161160451113797696050476455153211052973668383748076012764790819195930874481668833113458996361634581322100404912128
201 812659479562159834912138169628596364620692466709038047670493050548963113300412865584302038086517779687533734051322043759031274777285296539763707883368194123587897140805390136370003923149309177220980420455715874037928187935579685534235812503224320
202 13250383610815699644550469708104724303677189105954401845383895869654444600191262237672852279479721249398877878776494395459421225263679528888015028788334089888028599843505541344812200130316828141023909608786027287433833022630548099319308464492118016
203 216160706470333810484513202158127754593590161918757342957898300953548401980873962578079763680036473949069393142354206389094036541727043344173334107065463163219472538151146175713538906713286178504898795350614178302066794752845939654310741770183376896
204 3524525135918936240267851657204349344790175544320449630126041969807891511368272485801204974815918478669092591428803655964666278768942514848113954276153714138869687398088554036581125814893467114117893517198252575678307333299903753265954964446619107328
205 57496971101960637006209361067229800445873400740576471136227502663497650486285618248398410983697354663771143061732590879706186304476797139700699055864450984506908328583112276413138624868257256917893681376577242421304018234617490929891349316732626927616
206 937503080294591107677133738315016759547693212106851753519480199938571989747188715955456056706193833902558392483048225885235125158206747432915690830238184603359225467217444342896983050740268693467920919155393342466603676362485027394322228843231167119360
207 15293724091698847399458673121527982282911722986323540582162148994239857959390287128095195346352057342198938366231083312856218908262863603367890107361135002272265100329533258359349430143718038028403223215775111217344446018663491972057127439402785512095744
208 249370299890114031939029889713783677822985803643221395080812587081708158977562322175367940388686804523279475993699404043771915906836987181503561777897429454493049325677565226955287947296326792528365226335661158674549682090036217439718401636292789186592768
209 4068006148934521158852142356457579349384122210422967984963365575495081534933435248770601681257624044620566373156312206251423309388572827133831908400276877764138428573421975948598946309063484762558980986849567724664609681487247490018708408189951690623942656
210 66331021758802642868513953565256942078110736635704735674583310480584232530211933295893110975749063596852324140416090236431113658089181676897170084200432090830511655408314397777975876781870571737833765597481125706512393406608020489362775553671154664931852288
