1 506493
2 1502057181
3 4456641224469
4 13223001109687815
5 39233079877190973984
6 116405840403665540209755
7 345379963095346349517061062
8 1024753727940861519383536350663
9 3040478068030817268714361386677391
10 9021198586661702912906417061987081774
11 26766193381126617355575065528079613197972
12 79416177488337626141359252965559052955497367
13 235630414719572598057412230147867381654849023724
14 699123202562490634177980671971870738280464766404878
15 2074321572378208985350729784721523260370531771423346892
16 6154580437128320975160313489010596788823446620623487443371
17 18260842899905116365897356050611252930212448018398354073841719
18 54180522429016163698400207395278595663542964782983012477003120343
19 160755394850715058249225593989403692074732568178138863637885975164097
20 476966552093812331175953051525830686793449111277804228378623390976148592
21 1415175472198141656242254638378180175334585546966391516428988333383431082121
22 4198872244436392290815530599204266640730100835600369199940545760894468658094170
23 12458192267643979941235743152503584626969695750245416698312929629880510620576290953
24 36963866853352517625180797444193777655379346229802091676134575194135189309086434853945
25 109673010610131221359990786778542970253663951207729982536254715612823789504068947333671518
26 325403435306418292196448783743247073646463695684840221487234987210956060275165926098895447328
27 965482711928369692034494922928277945352192916297814616459669243857672677001916420584370516657277
28 2864619011027918715303708686525906094804322505644965199173212081433366550966806615470859881122595640
29 8499418971420574835414445732471696232523209909327985812070976646784490493419753045377836443610049204466
30 25218056074347516987423113481326219860397328297764774765788792379265913616403209924301201804168704470633992
31 74822803100697636044067963034325101629719034895735428779873238902876683834045372821611684321797311311498270589
32 222001721597433640841293739254996752673114947102797809504201594430323876986557503327456805395360803610107707068797
33 658686421115448839258267310862091444428891498754572418944581914380253359571515013019736277451275960228483752910179629
34 1954344309764550744417393446407717333139261863568257567193162038824928166744101904395608758587615592546238266214197802879
35 5798603946686850220051562355577780673114757423801091230978550527862497702534240023469696276055088000670164658065619841822320
36 17204648926259640242882075508112246166721260931739240018538511956664137236295607187646149563153404982789817690803582399137949771
37 51046760116281532553038255859199443757621364077332838004175337937440337401967387380406334637388529523044413236729867007641896119158
38 151457418837066396169164637266256925437365012258096451148216904165119451731229163589572044899402065184395395101616285177919570429436559
39 449379150969269321799932109679652603097394931806007223398953073798844308886364386812257239418625916390911244482925831197135618169153311103
40 1333322744283028014878531855182575168987305390808673565281138993575794674166647949971749670041147887159181612386796007801973875034814378160878
41 3956012504336223337961978249078633893447556403520506712720103781789520197070413772251386397239123334803099626085298893955437926513785507920024172
42 11737619418530283730699729387131503353534695744380144807846156962319563016568167027864500952040511045573872195410412111968464358532229649225984210391
43 34825903473066958344489153210699296363887260403001582765070909966986390693340051357077858983669406577572737146967456349932820621909512422689097348687108
44 103329602832466213135746538274703351192877608478722375993257563542891444205443450891478164469044834535478302531351604893326601659626158180000838509474666326
45 306582335466828720423566841785561310340587457714342909719167620681776812359681176145689403151270752276048709967561176329501085241511484261542506357849614231316
46 909639888703438827305209308429193422250309744803845085276186905467885184690765917251709763948693207328979069799614595235607547610051673262099321705072986248125571
47 2698931514956547744430043958324852922840416607578205385360113084426441275913046101016580070528570275215290943851419482537779247920940832083199322899849446331723327327
48 8007818712532794402562446665247291351058147616735247348772504925876782668334391529682566752650093317788603087990460261251333044866934257087632319930498682759790292426471
49 23759461912031059123953696245244352063467634937072603731796394404554753822222079721605740645080568609790726873678773386428925752081582187027034464212843813189809348406270145
50 70495106172390481298460968140029178605748950464987138307040465163730474334932036010035646033126582288584760166053765851847787089351962005236442962447122863267052403559085768120
51 209161302249028398280742011942453303184004588821184121718976035959646551443429303695993889489257166272610905967165902836149424508462585372441879919036547130752619570139323654845425
52 620588473922230379978910537385229939323099871408463994908009712481905674253386918345429089681625962748984769599877578713635199377830620048084188666312806734172621466091163271869550578
53 1841306445427391829547717723771933431875723798027977900225862815050898532397898185489641128371873589448766978771891353911158049517486061940938593625456287183669740821839538044199508425177
54 5463216879528009066068261023117224585621804222386486287517709611237855166703038596103682641740673617002124350084573240799654250120902444293548854757122963263124794114042264158256980521235777
55 16209544449746348368853370273389491476735083324490579374881574341930396027504724650520450170336515094567780781493269973055558475164583841090869218654554720982305528693025111000270414015091826198
56 48094252353935965069278873835431045329955035808351921699880955169025702139021225647191006741654214223006845738271987658729078868261430040327823272965093022752863342853286711143656355043557617120560
57 142697231045272867153006237391594362106214097943034358826406993510774860383304285510014775874278034988704962987246747984914716600655200912535660468939239232099983610986586518105492588800705237384494677
58 423387385214681450545535185640009023572690190432507846811048471299233488611790761490625308100548606323667755042922512773908937360674936003372908665582539260746610989972037192093869646225953953972204958840
59 1256204319073669269031542513114194771928576361069333965033374560750093396564665457430840456462733937719763359643101394847339256347438891491410901754623869153752098541690944151532417736596915183824346828965922
60 3727199596320472451168114636703434935750797705226499238008301879682778015534324902544613086085606712285663464015073274950961247078562633322532940636683044177487610255779632931023095068554755245960119610383685576
61 11058723982938960652390380889005432307145510592723737638839230084228741570745866887336690735975920052925094574729321490605787300391339553852424062296132758993895924952412583913597409072683820660756749252040870702973
62 32811598351631216570854785764024300334685262039692243717308645373891053559971566603428512288660432512352642175378891106470590241313638442352414827582664086568864472699235800645438750169960332820381553837067366876003437
63 97353093182333994571839390659734315797217978595456719126432330592289369733859363711030254200969799738745242534813057277713633790319357093544714793566813542175256971873762533459462931864447705755093545669051663015071117461
64 288849834457912930596897516575937538340617883186151990577142290143084376362205044596356387942506163342990870120452552515729813171909430062907381749956063281392980229449709310562420164118987755428588529551702427187414077821223
65 857026974069519830772168914304745205449385686033649193706379936808312511945576470647856149550159233518206931341629793294610656006239848870187173741847974733206116850621481933478013263076769588593369397539283562804861790287625152
66 2542827264073705273136766373810087853933225096453321657256426148617136989446748055059539899582378079202857062027730352822490308072249147385256535619752554994807706105390805076081261522910484841783133275530986561141633631953546172379
67 7544652257808704984673191690883645395355531692581488434198318682023764750527174152384862313471123267605328080033244944123010467301371296685684110902852798326046009817281352504834070020422239446442732441618823056162214600502223308261622
68 22385231783328904956462435972120288226898112429801841542476373922913365538522544651506952661525900683246442483937122508237498950857256389564910571408101198159425130358122454537376535357224026055578649896644178261941816562679732939355936551
69 66417720110919917396897548896262997056937025500582106473649388968487236560491500373371909332461811322169391275626584958093158448473125188158084353457294186365627159501890163620983295766042377996652820943417741927372274624378782798607428997551
70 197063563488217327328012684476779963433751659647497079556619988988101358874524939088933411260898819966754861375926841132595387899806067428353352486476998241361247568857272774678088257378664609534054471859001709158090930847911960046587253700871886
71 584694084497637705218041922811764923537182565983491431073337384656627820960949141961707370609444697983261823797963855481381283009120582823935065026763806394965489607347257676600735918444023315695244441467524210759168740650756185800253251815222261684
72 1734806609578900460257644986133903069083174097167254560413401516781025162505761550284565331354736247459070346771610529066025515137764125126142751035745659716831955090492731043190887939531931841261243300387552923541932508873750338380897693260685256581351
73 5147228358269458156017347313515504402240463455217482165798420724127048669722049717833031949516010211492643355105488311475592766783222784710802806349759703304797278105488926755378066823082933072527528736487651474915651245510883845244873787262063641093914748
74 15271996097942197727593893447729026970197511665655850046594447865244080116894788990021674700904235726670853268420426344901322222856182455282305990170024177612097457236680158831740967928313836902013781902049716186552554632421903838526073713828142906420690340926
75 45312515509604652083515474790834865458867945630477197690399317513884133224531253274019001482962921275298993079360560400905269128898335960533881076018671821565915310746235061342847777363827488548126648923416336589466167308388083027281581121331033111245505366336236
76 134443726192728712664822862707803191436174211338235312839939494906701920567122958678042675522593904293363124714592404332568007887906986577804583205131413633375330923070812328534449733391808466532704504216835694665563840773918626473865917785518901194225666964811928043
77 398898964431893496245772431894251988199306360517060227027379870151206849837947015981205468987306757919839967165347705337573343737781327206187944069976484416697293326438676014568424575462883398842858843325342837802878131686711400855090807932774679108119185200812723555847
78 1183546367918527226328288902748430505188712838220691313280053214088384417721361311911435959741446119937696332801998256151905219366661456520650363121641144318523823977470329243046799827517158556341031570606880200160142546289510830361696370234645624282242249193851848231845463
79 3511621061759617694602249154675718670430229061343679431491136717597957702285497007550332707524940194605206872611829202232596524628253304118032279405285521922698915089933248140928488126122730309477959097386915722750700179379990400206011489899672828890093397439715519930151514033
80 10419095369352371084979144822440056676073011416679157435694540831509698152077686533694706502207498527944656936240226721854933490931496697327767541465903200623244442257975515970909365345054731040107298117512744816108294868526422462176595459010446832583635938289478242964108488493072
81 30913799184603236770617600387004187145102621697106657362637974191259045336719034879706401515882837346658109465490511702631238629898559083294031793735997540672137666534452958489711463734326650380078822978713470453310155151069561293426518662026046751115637284538714922070798188548412921
82 91722260536845218905569486625544549992222152451613317500668251172553105807742244040927076207984575324226267983644799721895553710841458736241570433546043394314369159867049584665404394905156570003222124515024801581505836408029452095799962933856518510238150920135181174804423715480143082922
83 272142968508996287822953680449783959584494124260793166604429440866103652896007050974449166243024199274201760083058759760463625545612375749933919817377796175490739894644988294679577615244066820654598167456830180575817934901846560980071135643285148611805644029253028852067914472176887137251065
84 807457152444881247324029107551287660653189538411447384516132051020115129179840164404675608328965439299675584372698681186326568541943478073750662050045427744275208781296648253189367688553136376009306143904311476467820671364757016866245246884600009852706208952998506028326671247250801136884632153
85 2395751970394352921908322791635464788884413415348475370643031661672162361572341815098842743060171258135295114179646083575531790770743315262988663597293412227444583460331491181321204404878984168742911802093007735731511478770684341397882360510432862088884532739853405572827753793715454285834764094542
86 7108275016537454885965687304009855996373610896326507231923032762427366421719488817238403526487014248402230493307517777274044498551997943085851886525740580151304410196730545039445926887016199523943840614966918662525353435993735033191651414402471880634940791307422825227054434585042900869781667213619488
87 21090486133426182553187810121170482145957303474923961062824561347462126469767129944634541256097569549358043944532017692965431039418403526789934720734320670620732910040165568580915948503567864631505396911832845358239431532565172054369241027922251410844813349932866291400757536250004734879169945288116236445
88 62576167116408910392632222477454761742665325331415967259905235725192086001891410153411371747909757051784096576417013062584193968042218700658328526272848747509688746314898474866246705708389753694654050795061133421669727490275059429506616027480238853994551696926715700741247404670578279427711437544761253120584
89 185665549205840509574291630449155682964664248592239341302291043473375910543258539647183758418981949879798301447369179783418673406972394267272397805769077044381544427246848046707914168795362790688604588788924558030470678658769041957309460066521927333508309408102271684807951611381510864462482733389403060210937650
90 550875800650741867267929621034902836498205622319793620934304063292235215445813750918728071029507048543300564008121811495519887491423597646806977173612904065894934545281403325754521600661342216663722898292108540231210479774868139411247218798522764161005870976143614177406337150546624600222818695089147075181316129128
91 1634466647370086123495379918925571758155819618237918250024503042927595927632398526935468636085795860855589404219581437177573958719252257007890525718154407240397732185379991978884146416207565596253299607399061743918083032652763887505648664135816691325433245870052702965648408856312311616536638204645728317297846637004109
92 4849516385017141998515694304596881679064061104797522082876085097740287055637190380836279554937691966083667515530672182014652794301230726985502524092457605918740357095776784433394593397809906421388712426548278673867626066573243669394647564189812509670165973388637856535316956328620159412027578030588539791020254221007450733
93 14388674866134897720494161534694864606306186442489346674707547890377021838886023556927173988614524442757227465585085440858891674523422731940660742852573028971555186017851026515693284010971181866146148428323847643717697479049900852408481857200554004812402677291709549794723830480483813166492308678208909999213591717290251682429
94 42691672316642826695644594419422780892187419768441198109580951328053132193874785573021396643013016869273747531605296227149284958259707300953235322224456161841612580794101005613128933723426084962606075152349857785351812072611719534413950734427955733517369214027752923397113858258539010693807697961637428727083499838252103017433071
95 126667598103923986943232071868192940515498898983537128955971534331607342474718444257065722926115422612965612968636295661732620770872745770172160755056025221907849722328259715477195764615615997031747627460383617157620737725636104059612939540934422986985237809320730754862286361999270860443919881962942782266059300632190600259996456320
96 375826936232769336723506159434939687596720147720685300950234356117331964071615101226633154510599135896250780260827505871744374979159238965391076592872701275201595995112319193263274765722113802384545463634996917241777978709700929647507248223555873820390923940104524759201364986606607666239298841397472197613876315766331367802396474530555
97 1115090900217634008742649943219736327112758565628384454884809068830978949377753949719524312628402016614737569741115864891806503168373319601916711264911044075922714054114108984254848567963076379978133976209823904597081317055485526973345136199022468204758415841429517826336603157319172581678064115410541916053099754335975600175793446792853014
98 3308511434044880150265494544094651587285097135888640985550205715088037930041486737116923439312620804387016227653767591112263852191469661967250563763367029565322343330494910208519981484022952943370928555800656133222506364974103779872568663144417200436454455503788517750246048092114431773314849775912049737169973631568062124670413264509924988191
99 9816462413126421594856363460035448114882486970644116681511458603706509442805716543086308662024537074418786964312154271198319633077466233047539092153786478154036968806488494344355877681003318765859935051875817660886945420929644028802057924640619510284106906026348495256398424040308439407323368889356495614432091442979086516960838344537935874442863
100 29125767351667746849888417506684759662720784215632992363958454669268547232012991959412989856190822593889346675474518803578268491968319106642112470233362154081051915887674248945136667488106069505699253385841732149009461548104495579936218303481471858984809627448979985499709735403363201323832931716098195880531620319303542512559992473888379047676089598
101 86417111187542204770489905431256713781161056021471851283445098122392195603009002805803697912183527284212505947491924547446601254543882640113560239354871829480166360871143466511893289862021242664449197485219109296517229172200838564885225742818281662192682358703102547811226246604914588751017567141280837784820487826909172322755626178881325899615238142524
102 256402415628456146679900313290133014391576453811332077207579970032419126811056393164256265030372878645224356444892963116185520071149623544694659232879518360207505578436651122677230751509967989484128670927681612228772801334567485981475547743525495858006815652362139562778506907329134987172559039118848056233294621390496702499722336844137220097242663677563223
103 760754413526205624416359651030038960039367645764881919444531817626438381833690509351475499999689742021403152472474748075635521527564409123002316657889399202286051854876581090492368357210713180592072792516371879748452395426948060191520730107429178370929671116367082902596053189063816188178943263345403244879835729358858084021345311145870130079671285562420540964
104 2257183405550451955435649535288509352461511496862338685829907690343407315249475527554579275811041489339581906216544127919417215139667723803098321421412922413150487225010862120474814625367462195233304223969021083552280816286880233778468804191076086305081382911293019971366340691490595851085823865774408993513722149128025442295032941253819086019769147731157040974262
105 6697137519947931781415589339323855416737368229165108568873395225187951199747728418002871567807232614478189950128158566452068001864441930739255741692524170902172329840989959707982726568890577570936658748218591178559962917174908693626700336313762902528114097076454887031087460281251910781468891729266193347690716348654156605781965826223351391326067969444299651080699364
106 19870627637436714417400022891807197782534672882833403595834816876969307046761933577953366580770938418739362109980959793920633093516168445927346906106982074195132788122567559882217658461579513730069390953274928951849905709416314457968468545171408070973656028981718950024769785396894377486895302931082711413687179719225588564156591387781070524323958888293504653538458713203
107 58956806774476024021542489910237473015781793863100974605047447031685984116213352486622262253606405812583105254997739529014339891473152211073951565547873412697660281712774219389078824988298065676413856317162501266388780820383408621727470704717985127513402793678183350578808222368178242574378899814975513041534225616513499441646403061941724649692944683101864666677770533312383
108 174926787843088448759269596396978715170039536428817477910906673358951143314803393813035432572282002507977202326854697481392936449603943341106078877341768211048383289632054669407608367964054206967555598094998931665375663314019946241979097259864157477714195526673226221201645114571770386956826993006692526900897072503946659298442127730144057854116144625254051131710694337638516567
109 519013541933349176640710133476115263233089094703446098877177503898548763515343012459157302690088533666275472289015986179385249130358883919500314283032745633098255439186100770575594267643843913286708108413312596392307144172430022064092802789283345390970428096774159364865278106172728976333890556696111849406484979854775648763993039624200070446907868131254622288849388105600743866081
110 1539930276155492277264727659033492942694918604365156271489637169964930722121737609584118711138866453087097196892200569401975724657925823736225715078856609160196039827827505187705212445356139191044962037527865270008451716211641843349746901750333852852628820906921922290446642675173031890098061752779127766531839291175211628265559181319122521647332415606405974333693063306087224049927304
111 4569023857425400104412112962385290772382496586300000241237278661922009729605665954335856965080731002936112662144097142881000056336890713848028501073046717594420222777853823600869995492158013808984707064324292743561920474266722879823201462333100654249193225358453423067798393879720451278967380857170963218798638270499635553916895157009414676200721285033620452009679260967740381386700468849
112 13556444296842021765348446062742380056060201110847093253160783864975385516946251076328228975461350841462983432946145151771762145132274980305753193647320432934835288702659403353324070164545163545045536263722115131732334783300804621487581722549364967459627383436858886406897779620590083077528317085433002902618365121506647719276329606402961460798008495685413842556384977558951921713498431007602
113 40222416802379580489286288373703364635098581876450167050761365794259874179773453671889360227962330317508902172740356034887948652603666654422171578361481523359166046321145102038179306370768222529604269642931319070313939764249355952706610852490050895332357315343337602346150644980799083036587415571284971294717833334022733337054590633762789687868210757412288109492834824662763009216159152085188345
114 119341235651388633019914508202341019956943592376607464300865301799804022445271330497018456789412339927581194863513442319707837853874259016869114081809151787483876738451108572263048178556095668934080643790336715046368534803942064799680490722227130322754765456731147383015586164996006036063311343507557604603543671665248287256065130081072205062875585714219074112628329851777938404342747992078391680657
115 354089377492545129940553881086936146503752717193040889194667719032250499482339331074924976698589849112452113736025213110405403776845119313917678151525624233211036430168710427472177194408173784022385139096077061861365788266354853542343361328651813789665093755901542151868488706119484095310754792127589535536433675586493211078730065140703833171370273333622231176261094844007682364049671595847661373132374
116 1050594847361120271399440235100525815393371046580296606996936003874136123174025299481677552558677177324074708253820179325386617182499413919499750929263227735359875687291790076435898632911836996652151816727279699994946273087205130144943066850640485756449177715118193817332864175156099865894586298263700097097324128231706629233229594609589665434177273140521667332246718739101281792412162563958450117438720800
117 3117149520603660431246231556010055814269002186280782091505585466289658218060462559578983301793562550012810050770726657694927922695039916991636053823918057010029650541324372991336400140306372648960628002690429276121100135195487426793268373217282652758109813760060984794212598599745050449328768517348026218818004952281447072052378676457474586763781306699755041117908146857658093072726486637803808379430544391973
118 9248685312140829772564513860039811149834528463750007550608864692404585118729348318797926396265321417132738696626740219881487290707378739887344056477152526786991888639843952567675721259637817024964380882533515008998687361008438841103170825204781530365460945129113821216104094827113269478756840964264494779868357786378135489803905632605673131640255674464678175744142955448870283841156397888602902124759230159683128
119 27441153989444939744461373486485390702407621915458764731714390244586811589331156870264005174014910765857733670406403494077028008331193646003266204637640484230292930778201167578392489688539263225761276017824001674795486194013050241282863514537060826243474056895195538826420605874568707650576823750893172283326027907386674898399418533659194054702606033086651894848078242898859013344587673775573828926690716561002056434
120 81418807847634089771128275759694598003907975622664130753473661342311909413541698942523711106133979767311633116653138939496956751666145882111942788948988811769043379861918530196644716981800984440773830102301586626647586152683446785620482385412954427897191666292867484143398645849713629823700108149069216627441439660210452764256928823748799973967723656396044167383479795164338750973085013759340688664870392869558167754456
121 241572284965849922556412111613628976396144394957193467773500092512035072082290253859130997723464452261343441552390664331235342424792072904331369346473641216593241637076963658071493813178254224481830286280574208741679428976918742359376997443149027199555273710792973985345143121881371450442615326181059180922983768885404727085873977987041134544482621871378293587078606015850454300454054365319987747015987947342915174769706365
122 716752927319084709510828734550745561389123244157085292351196219963037286494520450328193187431115466626952291133191242939476142901909579750455852426549587117408474630724922853337096213993767002890555165966835451874245929653241425114324652735796268416593379246368471717186800502309330142590060493010936089261302495286587455896656919873858586309553617556104237603610016939433818010554634355511135689013986891765438049874824431373
123 2126629546485854914249752010466347355117489912069415870856743054720369716267022620604269782158465483653727816224377155172364772321077343647497953223197559940286827277204869191014106138608953389477104478237269921320584591274293670509330234320898333048210056022499165757639268531332386932724313874568191674042024797159604824824771487527724060678561236029247302947222123720914797251247587743723419504888647768135518713310693676916789
124 6309779919424422043545963849507339255250553696549222733466435268746460010523964632891554205754705403966505546698834079101390067234290838405601452917046480653106069399375937776204130349100966610526719557488693549751805153469426702084080044798707696824501378275201842973546280461901020497843469683904109585066529779680245296722670293274773517002750548456961046500148188693905643092519414003000896884567600054231327356578599861474895367
125 18721324876427640041730223552114227679602526837258545190989620168092488690489977435957974254511427901818000572831785648890766341334266861122438048152046980864927743283678852896286480469513431653078654927842354051176900002098857821589356750120910097393506856650748292189436550656186890695826478060141273593107270961938641632375332793824000263829796452309255396848114797673846830161525610867149064757529559507290825479557604202987311283200
126 55546787622462733721771669989696144402420131562714068947093118268067949464846601382810945423893969042537934852922613412823102173231638688924276282550429585366478647151561942554192934813811916786794333355941199426704003702590100571871728491302200281276434770738320983952720916511234179897086999835077712945535707914335501245577511293857589439978503989366853367834412320947142342526209288486981599517498109372504006509994139902454600638799291
127 164809148686903015912376685558151164640343009280541723000981823299300724391202625356904593540207493706519273365911941517668515309105345079329804695310350321952033660146743799386810396913268743365249169777769651091255399389299461125306003234008145133565621104809049111239614862795495848890604496039040938523117375461688992762104307406265685561725603711497922547328450891536641858505109270098535647101716181704725408854642690889745898198788612774
128 488994173263721918432117874293572601037837046286689179184314055976364491071503554141142594404575478344871564557520019598425290897970696553321215592630142512909449216805498160375006584473002658629211968214183642170900883015467269949837524504037334872221798543476969986315441901193231569208138069978073227083540670713900630193729153170541591740273904970361293634494436955832116395647590123868988560747721689177645193035165791380551407931694005967975
129 1450861820420730114822282438641514980725065389269491734659693146522483257164289709477637256026524431290670817110974486527616986716197882138158023256604745238604345302778395184963223214443638688093022325347189450729787233197420224040481615999897042030251163887987069745349848781013848713431715674621499708128793420109907227764327293317082035304263186124698196904302403795982487201368319563110508175574832986161118114007714800938318818337058844800351183
130 4304754815185285903552442856052610871759732004274910036202614758170806185606193064794763245580982398751693117449216107666387765657047017355806478608484951824528830860253538597791651921282985244342138782110885288282353448118915224894348324694484816201410765311851244127460423085352877890211485108398528437854123993004822085723101623381752504302043196296886641749451390544762914924421663479501374839500848747959343666186832713429835116379751710879992452494
131 12772349343018202098897320909004576466175328915016192248596781044895539569697421649266783927210316596874839126794823059766946555872981120525100903963178445236094393467679314488919967737808866995707988624683111721669300732399162859059707726586733137955353345039740773572722303534264026470109579047398720164747542140039728850515705817172277496724112331184703671459175067876118111212121501509853345951053399029232944756580269391104159838418418422179048261348180
132 37895981244886744532236477232291948879696584947686956724763712533227563249147195254111427745514697896447895092264540513856614827535020803789344196389423530058394688949448437100502222152887963079953117021768520734578687647031299841960996793280965846534227887501458167679219431895753652610539394052862610785750062448531199892367143892502084943116062272324756567331340291665654354058747690674849221509409687580428276644695729170596289206903022905334407685825405783
133 112438624715337249203953689990355057519903001894190034287763138847271671210665580236225848087069537482803311415760271203814626998969763089171156256306161228098477694287041820408497165148395332391140412349579690184167178586833854615026076056491021904281212504633279816342904820823816952977060504503218428818598936662333070624890621584899735798580753302656481001429423866066126114427704154652927680298853538401421156524158325105991295361034968047561683738608365414604
134 333609103460865710581109045285488505393690387972596385127032374933242067632184992553739235133650626884710813553034857331234353776810026055377422135628322922854835735655680261008286176401044269463156274138104272193614966493743780142578802646678572258660478297465046501776005559789933747213030675337622829765385228648470879620174939271159183349407038664130073409786775867176751335826164753979512310353459729184769852506466821925934404158938111817302837024773131919552590
135 989829199652077785764895163986303869820953919758287930312668271493229771471964338730941024177171035893559826015887751089127550734504465824573768336111234096144139348696721783675507829775487591196814816702080488654897823206123893955294842790755929950404795486344446608285017171516462031065527156091891311511139663486947768888047113409988351566141311084688315073901809115734163375565163042506666147244227304814671997927341690483362701806198172530608974943447096196103043788
136 2936855842121240653347633710465680923086728555262545940281305724219518598074639457631853014569564029957471532402302573838570411297288534079916370728474963897662975167893027051065948851465641074885679233671344185055072797493603329334586338354307932103387179923033902407781984595083975041188847503521437072013777328353168347775276456687243280973762332655047560759917947021955261155222305628647426149621584437341501632393794103991675730911590373110713800018262844765618451704331
137 8713748028885557341261636350120013761190502779053494459095587037092762107453137432769461177618576514344523252871476611404511914116703096208511272673027380732462867113519412509856221932983101726491882132389017837046811730056097554924892495555983261059588004298783831642636514078914785983852864336562231353907972498440121326442240075542025247850372653533278236438995042531730272641634165260064152201526565935225494777370935526340406699492634529738196833148538667006062304939631959
138 25853977448230631518863892465414126927784844796412408854485821935685799973871026121836727135025474867744921828785834948595359503948453747252116095831134247901285514273618239947923103243475102304004831838697784930479373543592489775670958179880949723084619458096262395131363603035457036682536377850031259471259767786178355141506766781200177109039682475408413019207355692377630848928090142077410010217483464710158533555646228337229150642384313383682942208507743012111427891506507972215
139 76709602765402264051431602794408890740970087255122743200266586351923857741936033045145111024146572083951865120622026873913159700104783611925051619358360359730868150076856053349816119058043424525079829532890821741038908608552289286293858801101586724680019274290162953386549326364919903109121740461840467104101248481036706704624211019780517811139088959762349227089754726882290163498982501858009185903865163292383886259840285316207096738779269209079181769122696412945798236249589920027041
140 227599918357185648363727223180496926448214199593109333576046806294747303273472991081827665280872707931884215379003698680458003628462271131849140881377513876515507585066465680790183791090194258695775041027118230117624381190280423402436952664267623075214273159289487187832114701303560194553959852404349293792536628000887467007083413344395986805551426303118847386127108435920629443045770723149348708619052738380398344125066530205316232460152842193357258705819009504084086452797656092155934032
141 675296455316299736235128093380587375809558585641186510914272843128562014834220132924087740144070556157860279726344456894947168287078814922675360139241251967171353759222047794643730708012338058161712675900970124349690950918845332083569161524219270160528403830071169045376816748899420991465983304528136858238332080426139369507804920454300872164482688857235039335849422732550490608856866283685932933953330286563785599691861984353003388455591628546642698582585492945703363936048782881109796561577
142 2003626828402866377623402150216515680579010849092175439054720468186946786507345366154888482647822063896932224279162233532728544775127106117758069181870934102494344650315868470460346609525913426113116301141139017059091606918336926540209365321853986766833871805447281377405893517341505527454468195237710795683646165089188804959552602349345307467814765569665859693310147287044320749449412458829330681962091299639764914237645357549848971837235439175496762538092562272988216766645108107247958001640026
143 5944826802941505444507683945473996650994956783409791620924570789358061705018527483381100825816777297761502562901932680872187284939743549620584720109813928507070128751269658485770177516948587115020388052986384307310979143583088972288622423914099908838604989441864362934739485790845446064431723603960351489967698691896951586833967972346126660193200977302518969808461107191286704501733737559873110083462683694860722748559351584070891078564246142799417802563883387408348393929418156303660353768117787561
144 17638496957610992534747942026570499937236779189492304156607985044735352606411805509128869484156607056557384374604506276206708707538758918924184041956484844258834901289719714453120310385741542151084360807359996114966806718245320956449584447992083573260875318408327898625983671151623935496347459701043783320396369743946491837128239505255156708753782341459334903178873250973874182398474441797419407349178839483198461559549445705664629693832352014272289708952388923373723047987985133423675974286082520038873
145 52334001517035195942789027309414443649757367554579330009751273418121899874760996650367569868520877586467952756692940392869113539513610078490094860090326646459705432931386122619539452179467313131692192521421021119874692654103780742148712027711191575632099917423029804241609887438471610489734241870670777513373184301345528057930315686393561026781636459586812296713534010156881804792303703019848274664510159331618220659021538400130718643776428689699215113886195197869812254405931826450408798928529718250407230
146 155276706477148685649079729380984394304817241472751152875206236111359638605421796330309937649902838005523041844758716212420287042722183300984798812609444898990232098428479041071612782644498142800702699445991335032246410789139389498767403417619251333293066053817355513400374882415424246232823065083350581374296418711665550165352636243335771397199371383154916867006091975173998008266031527187286373812613294851913287217883688773250843596458390669173796341941775461172161718527675727951244491478537636600073491008
147 460711103211595327200041970964076449309741689807415472679260620781677970187408478249926856257573542458068653239621339012907918386824075770051596013542909443958252724431414352463741855838848743511661928773004307242345988611574472445446498793812844966549654792116087874677205077075903952274840174809300083437234723110216116900566977806673733804638598951215131660772240260702475272618945226938362512995133627364111303559835946482099618911226634614165190841738940307391903185468769415708602489638708455745860236679997
148 1366945019880890715327287362993794459648162869492813229326376147397387851872308436089444248368036942847486845991736807967545652560633983227785860805683755465051415162438362917860896810173868496447118321993835131829468037449033436867863195651679732552288503332010305101036216506460353203358334126246904545867089965975577578314032404718079879980788842399242376170637363686696578716684108583791132434186586402372519354107680454438545924911779090018074302630280411897643633139180276286033653846267218611077614092380183672
149 4055770903613292214443264308745369250339935879205567764256671002824226489438661999987411979039675929436039819507826755912607932415050583975969342812844488012778722727352581823634511977680769323111269513799156434054804324564932622878746197159880318060613290649995114947711710275031226540771893170702516639202065671559340951806328306920071645397397449859941487578197896651191513265393668357381239470116408308926530481744952392722265148613307110273081364657746637137179908970200029820267317927462637810984913028896355946290
150 12033605875406382499553631619713890471175060350952461532505193684059906071342987684690423881401414710203029026887606243524164240720223855526301748962104092408039925880595572922285006639600070772680723685047160402178603807812848912956031930542210115340964257731689821669836391085749142105354996400565198658752693258429950990873105226806905460965123422320479015033733729657649242643294224421362551571673912408325183924405619301383413613166513235940831979205839061601147436405898443965060962058894649512208411929588271189329832
151 35704105040944409489527068196433626560608218532090350192242826348695873425541255241636310660755670706077030649866501181952126861181382216124880019195949862710804232948025350470239673715303605009777565528528833125051571843875827316115393257980484687866251738749445393887850475690893080895027830802011157537200012794403150012758281027403939888363419703304524005403530087327390464121677865313659650322303068788414973685010553321289186627832503785083256179347444972647389006243126549198216634443355663032441412708956447710130302173
152 105935255813897242066861476587950453819794477054324187623844498705984309375317125075841855150069462105589215090386078826920127333304884399330550180038760725246034030693018500055714980519578378012397755800162018268674602408754215404943863777115745580614624911250336171311582884167778660391411623612375609827364972241800029065134766454931369760200666936808063550462232749738540120296152663620707830961914858580357021971192754111710979822856404075194462776479269077833939121485235606618709480645016642280580360102891220646927938553917
153 314313393697628693595021360029151315635953284489741096739862610907930065137412708995849847324544842338826809149178953382350163031754457850389354412330000710105093217233157362132241348341472444984390794926271429207291830512111503365919210255547680383056241721617623107222352354946779576784085254424550663462424757831979634535232618914471727565519672002689183555149047225003211213987117072138144389567412700107541493771318371583740695159426129279919178525540374111069356874934583504958285697295567963334002795594556304630666263783342157
154 932578193149180728803530161164479313140277110370347354771494229272949539304722165697978814207000501651046884923127797785571996742736216983484934675099397726847982697041217047469906631723074737019897460138337753168474038083723346513614869987581637347830513783128143209046131371350513761778921315910299842599830268506168079547504381971268278515226910102012583137645406207183719981739381622193118514760509340705994730735005536839591973711800344565662520686844849808209210301839682694512899407675001545012890760102213525729350099140919614719
155 2766990219876054933923735791679937721371235678536096362164577054540480844369466397877334554944411700714626766052738736595289343496578579001469074276433327081525598719053219774852767714886525950153648288917507374095877195401150893188631512600926112630137997794174659330142629801656314260780217013064816340958403815222283550108085642095668924313754294727283271999007186957241001810137294940240063552107578410250766380594812062114216698177751295706872601569067805504534335538563099394360116786840384533718547462718757057591998494472018581606544
156 8209751132005080212664466716996620832674148824564073937115989396426327162052657503366270263520478499237466888538662950268534280185274815987348349817793334008627621581693009342489711402104616829981592283992271750425909528333050182083198366557738485664347768635310228062492952124094332119323057228742736727151233541801227596198587374087424607835711837395066887246690978648818670101236637652525183724722775664949196376079859805141460401223909078802505177553871470873447910887939938560437563990871970588739449598010798580338805296534786597915018315
157 24358602052622298219862712152231108786919151619396359836752051510764879778070944381269804179607308630425478596471058995033490095327016569558909471071926409104069492824883496660882820172446805238743257367015602687200389600546985482779419406752221047810273456510498242809925403113511056286342317112364551798045634153162559868187790516727260194239261891584644410622372340964236030152839031406811696111889478154660949293239510745340508800492195266014932258519633231490158155067797491831792970856418598583028752578102273943256788868394295148234510276342
158 72272774706278158472884130994917402704121535100806490540388061051894380707478515354715522656616556604052968930792128916429648674926114288531036781270026889119764144995007203206311369091917257289806327377727436299038514486536484149424573663257046013481402232362292235234438081940755422017134770347948336037754327574401057815722996718579966328413496872679819051459366586358635104757095300324474378218917732373401319617747537299115774663364820587342680563751089838548672815262057525648868182645357262332773596159841739147066272605464043223928469705618703
159 214435703348670848397742464128429279410419678262132755925679466972543938922651243870035781814930170856686885339575879752936644157398978115575363587470534774990207826700628126000868202272685848611373178273818472220091910713226413076569234258249347205551766064285854963237655714182755298967526136027401734461347302016501269392881808097835749395579155279218980738172684870257918042597306454955264132855842723079911451401516620617275066625453512153598927331170374453810183065065181848593993747111989616647179179045489966868407994370048037368832809613762475935
160 636237795733124999240868728106282346517897678721457811176907220769628044085453248241622768753724192014452278046587680374378662552789606042411915544718419964129896923419517966213119230120951540631642107780507218317768868377253278736586703073125855117755938316172020531840884270788685971828191396696727816491511323901200702277036880579186771923810702253869480223907705550378507961514940914524383119097762143962547971818227031261584214305414351355394603389229203849532356150933489813450916365534975751480901777027404726807747810450502845551865135719567023454318
161 1887738498757113723620560990482728097265546630763921567668856248124774323873237989451645651525285501545816397416399831395239871109030687252652927994328401643024616519248697662715640434597790505307041342475776732815822447517426155286886922595676621856413726818481053674637722258130645726060486919416239671357574176321550522242493416046786437550403988919626288676011622039978137338036084275483525825404394378988780479010478073849155055437711996413759030588513786723023962687011696024446358475674929402906184745726494501350921932335958564775485936185017174219056908
162 5600982311312614332710887579147032578224067518013648352413121491906185317964028001324808166526682422374172275203861817505812043440403027773337328030974236948050657096642442630886494839706514234003255737544567050190290700877993668144640673011029868255854241288153081430763262804024286252407450611995248192878868205632369097475147360128517263147265791883897057341649606137510095346211869470889329230118111341118730176716935457458750909318592733793072836269585000606858214142977780599624410733540784918904768561656381275551564035982547853516306833828716160407732034807
163 16618299024092294144697141266231111364657622592272063091229892313666893498177627799146522713475700954933140686370524742890925298567323687056457534840715266076095352959542145852333698257672664169110092519432107829861890374351066039133407260305235731366195944389486588415332649153234920921132895180628583247239035578792112818244841449165315147512521125019167076765984567235920064736151940026981076826195774118508284205794119033191090148154401633485605082297860905811478937970635860674504259787960558482138831416594472105508583985169545723701376728132505098974694517611460
164 49307040641130996129924319686646077281039990591073747741172283442486283103335604887011323215768337345810731435056183265630386664647588868734739550342208651533135651449912036129060986265762027472213305689056366542423190986677780211788145439314740353921709050122252073834197655486852433549522786465523863116332739843378722427578726788490060293793589900306069106819241279791924555235948629409522436983348667160369243730461071314294419125322466330908691322433332594426064866098018013475507123303259133571849987776712465910766249046883655931053515047082060748946239326576882230
165 146295613844807268966389234762602673398437535671238087119394124912739243983357163865072604605243608025694243827590834606068847776239497565567148883425988740237535384475626258954209570947372667973381892495161729118579365238596042966754901220335981374029950462887918331806693456500561069039213789191233436537283811391386928922696896136339849945207821430271005720847131647263780145449656248231060611502333063037977400913810221249934117595654493347866150617430726862456918333587888111316941479752979158923462325106328763127584037500821671800405803058063614468141918136696652367476
166 434063905518099243950206274098596695462271277374326505701926460373811300822287436695869717542482801486459494267664635006436303112173559010305397224425606374382291011305843982983138260573263815310465294340155104533724896354626037722719448899006901981412941407430768391749780126273884200765913536304625105779194721248559831265711118430416777416063084663770022718581762651680060520765250914541712645850654959609032429276563474967371622551646629879362478077967022974288034213599480920879314611524830146303349919093574349782186902880921288247289006905992098116370283709200639664950595
167 1287881906517684785839362528587276835201131419266102481274112742109464990448069858330886148418891266015397056518813103633425809371729578281627987705407856414303312617053295898921305366475107084469558006030530899108117159934644973535365020867449427567165070224750977279226139355187187469835108854898885418081947384521324244315518284685989890603160099665922988424990349115141462935007141402159044331244590212648470378349187054453326841694684060694422553127465495398461642093584252353071627747079265224925214251482346183026910409349567123273162114906606992858839306970362566670020132959
168 3821188041783552443081785022757730107218543342897221529910676431597907218839523689098042419125284441830033502907540529458104565191994845445293028895049137354912938171230732223852938123436252197002617658804495961531400072496309690221908480953858277782086893108979974842139708827804080546131306747935529931287943362244981258244721654007380443721446337212279270252539603474573879116425198252408777692279726417240430086301714138597727189381190911082581518305982385440569478290513640462008119084517747618049949721185511491538156269507882075142741732386583388616216487415088505040238960964007
169 11337590796776301528419320326831281557913193832147594652049697091870148448885607631820351850352293635045353915999853942296971283023071040378641436799342160265313037344604686531900288046323984409448571151255239852069585468956533876444871981228058835143387660864891703126588709907038011062770783820130315716215380426630793830760415850514512256658179668713626021498464076817295297524582913972091436503415712266597935375353511056338197928782047442092449081743062204290207861621524143888135328111478817220912626396886705348273523468814129310693637974181358842032671243856638071597086962298072961
170 33639005374660850640797102442039581356884792906643153621563350041975719255905010771921116154130793097646789500692630101367468639936558153181504989478381894051093063752461211126269675276622586821289795903545561176378234442749736864284206514418506676420731861249194007724604451575865537830956178659159306787632151953470813558114841179469703786336001551671558894233582316005435164059101463880737193882028945055749402588632261653172542059539047091171271223663956723282916553565618814976193309910451297809396583831735249756744004864808194095596057930587390098942325933332007299512159106316516409592
171 99808037075937915572325624648804410024128804148674103325456770207187760472245660153960383564605747802595660015556223132133294484637357782274872073658128741303089302870495752542471950340010581494931865395281146740947283825346168670252650136432099289939396413637649156554088798304162081022421231486035630074104551734254523895132634390703775750394590996869690321430491971284353730186185469196514884586853186918645551633718122954944676169038172576155629651690840233536013195786179679765598622353674579355703297263121485392719317752342543718983439914264494113654584036663596877777807866202218909866993
172 296133733860501550163173389339486754276342631583784351603715476706655129380327163419079681137506970704744101197411671160468145450190202819717030074910738690331336692262041424924148200329389363513571314900010542989653052653797780575216216042594986613516177153385312603941320483629131537232637867204251775581546591386489834434856489110201218001511259869397910797283884036209347430492918036449408944998506734168816901624404914504069536391472876282749366138382061074586896170765091003902455250519087459633232174519642589561385449535026638173843268164427045770654695708557684217315951451666098487904754322
173 878638543541742863920001610999485712454589403042365164020922511150079455580265909962903427293130762296175272141167815911181948763007559589581101326676006622189555363771426407307117846191731279662268772430610466340419598244001803241269729263607076770692727509405918022449170339425791338101115585625027726718396993275489496667036200140064937976838309652052824946977892066490916781622402141850943296902790866233069539384672679796134162012256878298137174852161045115724254075446372836358729800000173443703931284241992110636704979602322558965456651483937085550556260698228078339624097111970350584092048448089
174 2606949502621746514643077061955593170668333270858436063119621940762340726612042035808829036824004948190484084275958536443319973795856177278340265956344833626135475727094707438075175565491988216331257521470731983012857703445133555550774768817859633459379585319438816427413664594903678112896448621847219209912757688562677440274647551883008496126092461444690734500180160545106814185461518612042571808763249854910328147625837893436477430107721864378693632303763368123585727678796227024935645692828151775247631123614444219308059602217511632281540668803608526499380117087488812525001867576537497454584036887883073
175 7734905051882571378237873148239366485852695381940623233720735763414635242328426528171936639594403358810748212139885827070307642302459280188719554713816032935153947911050118122698887099640538222846641061235566374569222817804752788185437115045094959392164493137301857400919592501650997710906883023252579654827057518169096912399147720371520711921048465218118511598866619253614835922393244506292487702969050634786306535463959185253788792094231757159794509161217450819654079069652033141010107712561762630704157054089663576265204950626420059069998735599872682407580668203432686913137322823434195973590860788776372950
176 22949718090615173331308389804262462649585459695917206511447338485546427015998208044988300811466131489312999402206001570596764201633264266108563179733990742227603332566015300812835032756028157213474557125469122007886682007087483580840237305414850798614039526426405011387327385935874695691602702103591754114986052330536900761816777234129063824567698304050604394199919650817397207606275438467141361057831154213274795574078424520971981240367412065447330827159824917124499785086697456781646516522670814876050935785420850045994699982760506036427817196695771987862468340451813952276576151863624327474188236794158407300208
177 68092569579832170609352592843582204419782234767902860844410350084620988107880082810500230218537423775023504099914813826308280621337257308761612203956383251703393059139077648462824432445715137110345103533422249772925311843019418766411719414308478365246831758163065257233824397659360691540521145339080617213849870733379171173745975436236810883760967707643497087213317981847175840434183597577396788897640065607642844711019555613380100126423691387069540615274048943362106372514003849027079581257479214240258001435237870801121698515366500626120192337575419807339457117412445509479862999923398193940720799236118692320756725
178 202032897035032828029681778393028014353765557750527218399973738318267940164659261310750590354735944374251416843166754084839831290462640899403508839274554581913544235917984083216266656422846934807612828662340372785899945758831092291152699472396484339380176069130060814433496938870023405990331281274720191820604595845402059016253529208845993996347705630979934082420672009520689777629897441522290381194977362626174546920879638662252560911966497328650455828614524688875561310127477167490089175792931823119061902961457543565726844504373052493015100760326981282559473828879762482111299984294331763553950354718114977379241527320
179 599438260829821071251632633387799040912833804982413459377036491088933634471982122482869188449086962849992349258512442951495732521892691242111592432068119459742446669152293936578217878676937266391837270539041236543960156931627009425246403882528801948040403188844470521693043667356160069795812040788150507007970648096184901935936992317608531728072720831335686393417814178591254939482449955808119747293585007276984994385494750727628048900227627382994909139700861626790098609294067363768418672086867484261868143737076209481732203346450003892246880595974535227786052977392745355702932216012600036530922215194531737647800059966274
180 1778553066456166567242810537232692899838042872037862526397367517150952125568748378028275116954324085146964664272777621996278000403063342330550411033083937623750885541712684205711779855011367749521663098211599852200020546447112591487532406524565414255677946104392827645230595915439127972832655059787711106745703749425491253117272730907561702016402576841169588119991551669206363381532063000293576631511653328855349744096784064432602454515776917196700504104683863251066508094488240318950972455226792732685258067407334309345533203595102263526146702450381460589582050128409604101636710803402450885071361441676936698024392840324264968
181 5277025536911251320025790808436398499153639159815191800745572374816895227535528863754124672671804974862267531974798398511595802985298167574348742690737086199439217293512626049532942732061146743580512202061064615948890587506947597239962785036970736688190701211246610980877385994693778154751844824392759165380328171219338130952312735305035143169180854767416826302589143114923269066028277289385418333575400659097289222494425364428262687794854749568729503376197626653886591439068918839974483400680822116510398454304684696919807593687154956010460637227828096543906657598181977208255881270505548115920839270585175591474495781320706043197
182 15657108602724834741341997077491821022720724058453177154304996246543534134772331017532723165238516872320071446142668977340358978525862190070804605762005626065694719571670929392595520175576070051301230111597732411749803116021805355974862492437309604167049617971553858982537647182070534090271430599888106218922533796901787852111901824947764611649995658566858308636854297578867347954118022152758770363158893442453970322195017859224932846382060944589238652485047267624882536389346042863472331148713525703578869905624848146349694789668333292645069708880514094650037851180244218447118667897183076861365980785613139950325102397552022317169037
183 46455156997593066753704601625183276294603388398664409354815248680964201292470754423062963056331814862781678783494781058499323990398030869580913384216549052508257809755511457710399531184601378123217953259451802396253819293119969581148475871262755235613505914758094603970642631195916794194191172364027683378796132704841058350067056460928598691531918718246177027632397110276125561448695505008091550290415580812908727361920816973089480838597544412871666830127591309712382098870886339883301729852185924434871802120163378348138909677953993674382217090017090807435030450514249482644041148627693444222328602447946313741726411930170666623112181653
184 137833981128255395507680200338385729393077056757966331063493286028715327471956537986282895807131914617307564467781726668698287682018679674353424065674841962368902487198548144278059834499525838744125993147251728064789841275791276997655392138316085525151720549655110631167112558910572465593478149124568995566950469069587867243269324809267268380800521033381720883583579500002885303294933045345112207370643186199335932117732295231579666689294501116151787961736173558284055140063440176947204281629118525414506820163830650703283416741773285864120166427489632202378882209625465025278861995467941850405338944265726943297927635175649850676539824096967
185 408957962506694338108688175767279860260797565896694554703745686656876711806790951297621040542419352534570629809358826733859243235179269849414603071054764009375715481089757563808621913193920163313843119754276636917088602081215494873548044240794608749735283129817647709048360747709436050694096654856578709917192757662728025755131266915840409836772558954270193606873929706939519187361147705217700196952140162779852604559708123899081324764369630647779239193866897610496765027433799817418125923064345242493714547305017557297904110376927204918372576588893513963670556825965856541490317666094477450402360332001752524316383665238907364262894410668065728
186 1213391746567943747011477303152668782732346927263168164522582449537090172160679138915657559177689304712596645232670379869769098472565312709901463884116046767622454507944183821988281249138973236256058035604000288704466144698824893165170941722754625828285121561030035687657977165519760219667661042808724688770598743845892696829094439660761641413592457378765763756175972064039004991767847692229585374644709169252664218710642842725736242333503174171257461034854738488469247324968549406429975232319006041030986426308223532088204053489329311790215035756758252684093353174125709056373151924042224989621658882651677865578212459291528450803925063986639770683
187 3600173283372870503153178028166599296914104982400552935249439424035976309285555804046147017169097013658799084068386543037339694045005414645173047721857897462578266353294366718639350566928473454567977791434554791291956231385544221369262923604555100877437038421761737502770705619639046717366053058788562465201930985327967836345331163621167888545346709028788172776984373920342854249659419076086974991538598580854211343929204939309398967559225300596669138840521904725124912657594775874083572664951923501368737975124350432381981172893724344777874897727263461139110864852709578395802824235563868125086715174795069159197447628642928457051273454968352642437718
188 10681832727948286893670636264696229001954454802213409491650307911529418436683333192641544874540063677638914031242186364973460654515690953099205873231724736587538840936210326927718986801445954173530098734697741803360690762645546603201606230625223374712426428807073702041808503930465542962873586483254768042158174525064377756800068024091337726425512663676758656551279891163132049080527315115835364864755845757851931526056403362305990767326073293100358318920527917241617147627666691398469623893890578934134738146366782059693687135396342931096344187699449176460468748406229228602497920918084528395503562060180167505717689397757333485463702530833789766145748295
189 31693349582598306636902675947470684931325174333439564001161094066084640869374651124692304401281115167072279969944325337794991949177187722115059034792286522803198285925966203215330092427738247179036270206851173017689403835572977745655424681787441720554761882780462251779434541690731120881527501196233876882049465904660752949983146241452286904980353420274774388557355555031637948412435619551187751348799272713679663251335377233721786560244146191106062567848109724927779906133426345147163719746300845379841213588184118789259415271887555398949175854088593065419528891290065601536944439053108052575117044183536334996572138723688221856339243135824296292638253248047
190 94035212247488314203378070539164599479337577319652344373671877475482566848025917451148786993336007123052183473662330616234500498894338787707837197664289698164528457601862115958236911576980909759680565884452733303877916098806168579331336700647511548115090882190757015878250039354438828027007261453742309465850848867341438476266421650065297712590452822610482587926943077935035270416898206225206596747323012828767833033386756732905333918158120085928547848226339645508301219125476307871425349859370480055718613598013602702548244742419604238174410778741960877525816094688393041605250932602497249208789409445720607792947560099693589269955140040353883292958948463990702
191 279005572427262332237033800490704742796567927196809825694901603605529125713412612159440325389760207744900399529388353096548973929987650166693897937517511116976220651684457312781915792809847180237140616620614940968396669030942024451434607867476989989383898790143208645281357630246442484703713021818071458018808938136445121990670373236203125081824369203926759172699011036383734062699196545452876970669900617588333489551494795299194811494346039063368433518791563498917270176815457123142874689714723025825376567498599430122103590468985633596651806345909353038873050134008981630910053137830398545284217554494655632558112105383116618140967920936063094519772789174295085364
192 827818724336888467163991091664959437518366816526162115853279570189977829134172477776620943529016287903486828691197144303869498980502926243263341331534878077667382440144109747113548861267511450069622773412796949444936579825387136853533281510787042395744979904082263375097704996027381827555561485410343300000956720072781531537511260576226875224549218745567144983333338026615805299482320709461610675620057812736765050432598908273621663874726351084268668707061286511194298224076881743732860915129794804209541414883054977547740892650757123975388183851088467602486715518353627881636482038829054724313733016539601219034656073563511463368885565674395394852171152201610156595751
193 2456165424944726087146628682394170908679933290907664783823459315754564560350680740800867453308327433713041861251947552675975930123052738336717702877577731829791395399954941223088949629428217051862729290778553431013146629417142143203959361582523544270340227676319298354175663088494757901927130072142812593541895033077580503979137099075280873933342695264285172420425125294947103610036959273957774343257775847065635715281344796457429254151924335352152354615754333732149965995338385231602211318768717724144528938761927144078513931881470349301141175386245384953511279609521909705937230017907123565077585947987191388147658616351227305855080737375475373434195484862131759918850844
194 7287523726316226908771077209325035159654690968661498906208312609222638195244478605479413607888421012675035580179380569276619826609587034502697587127255876135162424267172398472342843857047419673162292155908877539794994272602137577890489264091960858950031248574712674757222427637090961179391075237129342578289265158847747266429999668626028055817486442680407345358108717821169186395405939540701583600624860588238495153378415038313773547601298135574886835657997165048816408143790788187884775103854939167883486368774693128023807891128805518819434368585007265582063080904986985100585959499326292907355876429025919708701066985357355929337310563249055765833859505638092710704892233086
195 21622322960114584168133768130986864644559433631497609619572288460995453684804839234718398355065009978869804458455733150895282145433469832433912429815782659448605024934112554480211750841726490106091046089003271593937633234412056855630750621563460485838326672195019716891864001744322934816306877576328108455771444949089056594647736342612096251523874254153856834506882773384743734000571325537491678023588902371650182882582399322073425709863524080046480223790470649743591097202019583763013891134577047032685980937403118568377007079638220899609182127377243042608122513696306232454281233080119128776725795722442456947819464938210173791427996073897882644016527335202174676921427222795308
196 64154144500854699046318740726999594423121711230500565519450975821942224540193684400842553745059440463841271631597314854965330098251981729073948167795255648682467608564551594823219923605657298142912396868799467300539190499740267639317137758977911481979605719519103286060161707170384271503144200255321921075295242247613401359093354370552350722930706376860188526115350026085811302616872981104202382253553901220623741008331029375819369055547216293770916097285099514321321028313712303309829291481128213730958553590720014237627143678083864674403457284500238714506257766053965314403204810761947849843937348041239883900611872537440112769966007390681555580827006922860103518752327293093283915
197 190347460086903373904345124396688229422699699380407824262497214489036861326488919245619406986478485792501073222825057808708654898943605842592681624977875531886636596824369136829915116479868717175420227065503412868455611508971496986352550226935460131906057931071522674284062107068311249699040970320843539324989883913870613701211835917769769022754833521765333417501737330886575477189808175405920209534627910515611777239078376883515689565281922689268249847842107335781251056446536159336040485803144968172522428791845375450491444324369775242871694489320113692943744346063714253240537533646007567170450412337848206303941391383581144203692123915235621326701093256042013079853128176322828231015
198 564767184465417772188392883762993688967829252078170962325595215946755076037746841376441006966171950473851105470633166829679128361473145915387857573389889503884449068806578488918252554398551508915933307897634488945626917712733042617171813803660110416062785402486055220910166556587001776549078151304505471169220161428412820242806419582541343764427989879691658780817801606883057094732502252983773475347661831796674311628856278595754996905511259858986133343347890633540298124081191345038823287725863299723475545864445106211064690172570186939412720784283613037575343682978377512492368481209829675027200058784577747263073508636363516834631768637339958217891021785179579171204129935761576553006455
199 1675682840755388766028909851485222165150726491914324824390508427208332027592711872414009684820126787786534953745586322570251401507417922801882900019956833594527116310790122155084606625129191447090722148525935271574807267000615500256428933651366305878359931262137635240872456332668793224641136736361686695108617756124953284745266712037242849468131832678451718176719728455694877628619195976931810000683881816999767511665543357038338844120294317651249464442736549698123686840061489798209174854850843773080603220599407502306237970988537895200460795216380702704450644122649712950831552734016694561230393220324170663728621330355799305368421899417464643941456672208524456309777291987006262676738180433
200 4971806188526850784731180117842754378765439786655950435819414411744073716245688090900011590416696108463274457658002604916630864238967536372753995568620991095602000800141383413407726580747260190521267038623566464211160596195255579498359267022602575767854506442093477431391551970209621548682086229057456984189981501461778388838784820696481258128831689812206213999327381423633919460132145520682340626206345933091663719239093435956893899927363928363969101505364823249158226895895305227757679723837655378059876522230402178790644898736729767596954116466992557171508615080505599010485390460118857921596964777430966668729711617893259770746425647780812327592777279152739248094425533947252648703233181021552
201 14751512741594205452807082771074952782523630209733728818434077996920246014460213317502635758963559018350754117208600916650714853020918674540211405526681283331133882317095165958305644447124731667582658573663948729417668008434129889433384402083716201804768647928727210637118076487639525487443267174679971627064287185148015050890256602050596158998403362356593437296010050900943988926300884993712003131846456370521941999842449003230407510829112942477318285842691797510562591833180456389698100173432199575900237408048988309968923514088410567808789343754033831168310951432091766833555476253802278708149666337591885101489853256967799740803335813458093670152977716169648007352482721315698309421998347175089625
202 43768224245662584224400622409267979130046213904962149731309745311433467582429331566175244455003096817602116292309541894584433726010175941459744778294694822806141951991787891759766406794584104635627292681140356095515600075700755919086446433182148426432875950803855944445525371297989919064691604117987794889762367684318450451663349781997907980592832113983605274372724040998405865300610403610487329080221396703289914244350708066770799644195104579634991943200807231478835603170149107057250717523642254206341719609377851424983533308433850072525543875558357687580488873662115567736831673358384179433098941415500979970110568092837470991040396351772198423319011939582018142306707647888572560276567999111200137898
203 129861763140881764167098916685900606690865297248967073996775464337377609500427071597262410232612651080722013545671116179036665438776686720117770078434701411584595785946863837658271557931726731669044344164467582406736079536961229244448903581270349217138451441080146751266206508317121132714280685721617631786851146683314483044067352479029098516189086033013725273533541417439363141716974990386681902110282163418444803983893289356537997681081907909577448554769551320140012219373671983143280601969225578167645317785149501002891066934908214062285784462242809939446007726728949296386761018311498559114731627595759561160071659337318959440643161382552738410222954015977297301359286056123240697808242720281402750845529
204 385304129118962411788301472715321876904660473139217614659749955812870884007138163134143975855315452782727265820570189833737131047065628787292295773420596241888905748614735499524077101102313847400176198655495283968444095124223610357135118035935223870614126586581457334458204097502676043550691523982157437112039905128203289794754699225918999711629283347466893035627515175949304592790123784742038193413210396890294200121932447910073491287872929745460896480282179512400667145494677007064324397342436366293036494080337368121153435321851192172308018911134481978310490993220115416706831112125256269789896183962814792442883965226244985059731858598844900555536353661413203729561308505594574475716114742573466504956157689
205 1143210043706742300725284348858284553748959545226561710973646968135868805310812627785484748730186487921272669201155817203625452591076819644989763115311055942869875034911061498008670062814986910187352453402915183173970817033243387414814755720691355050908586365561598416180642545330047526103064516710919860694909100823243426449616593099739679562389724048763800461124267532066034214352431004700695669742145081503020582172067819267099903649611247246075545552642795375105631344385998470536377041618766711094580914410320373641940739193372449655519513248451175928861337608141479972134060444087836414357148952041602381991724234504622945284630852533989304956915837210621454809567820348778046993738005149436300630484589097582
206 3391941859072208534008993892078501608100384612325949898801135112999132097386905750918570191578038317720537116467261445474255376118576263503801137680516911906559641122379078202391771544301241002716731641282216653611279926746445627376123214368850015089896937332976134050791500441758263876721793329988906362781892542153499640283339109792030392882419462664032539299920893883049969367877380634758868381348319980470444969556724149897692451263318468556262588591642563739650092625407574685909321864869025138525319875637887601167820037761359628858420639352222574533891355675476422101826022940345410634741954258401892066466683287246560200421539038680508504472771923520858481298640068460121575357722478349933277479681851148462784
207 10064003232530711226531818788551263475452979958975603632556798387357820967491875108678453174163127866679691882619028077701736895178214067346223060824170433631768582871605205455753835338575078025113518601193974276237361407025491094363115820474956161172176314619575290879186879222663610783489289639094600236443794740830312610084737301775059661324589869307092113468874683011834776676030489246566857739531947315036368038356700786425271553369923500755073411348308589321655856349034445687517511597790300091264576130709751929825633165036422666178653819706100389953681089459112127189276038599475210090745844575454074201894027996711163508512081219089964350757715188448613902405409285632196917725229200396551332054638291313249271581
208 29860229117279937861311087179488966554868778338703440479366739511763707750948932282329451770145583246173446783511501820438701737800177661105065166161621835899574488144532099660611866714270922957703154453753394293472843746500153697392613950248144144587510350279996019552561875171955206494942637920957870645369857594584472433905560612022921845508429748942422083694677819861691311186251314218612301370187698364752489422326455926115997276693931663372018016063045415748804127699123192264701075861128555625056368204864806342585493073652394372685255126531696387007519135341626143165055169351246673529835364861022980730761166707437436947638154277122123770782057021342926947662594280441827583397415557303643282579691352226804152451336
209 88596283440604679526865483404033200103303950303349230374462082334070419847904571539575297615897292093720134931060137873857580844436315711815018529857573364850781728390264643414463531578626574273181326164369104802491269313820521977366508929078349691067429485451565511917658388692253928005481560153082585954331803915034524587089728959815525833016993775222288404127636438245452009974726931560982677799132600819262594841847245736853331222790472790865435803182486031901582475609790780731413878209931748773683032742949887674619325104933668745646092552786173833789105603698073963736746418323672547260592883206137688213597903367819337386295639115189074984040716864433851177060278518579763004275653377271199080659795290802213718183207474
210 262868091489144624963764514237698442094780621959911737995523318817212490971342159949851514155111575930752230705964343530849325701965750825391492917200226132311412521060347693778902016132098691141955138980015786557944272012083951161970366835772227319743103897323481517923090073069262269147431313701339538548665329987426964055171966977392272828360842935171860458959945583224155630236347822642995109278226417700122054587382445574455851047734408276051759330412978291965209316268164876057267610426293473137361658641193448143399921652996813754320586257467406639923700276542252479617490887580142207181349628870474760609307934749757873419418060234148306922641636616311519317817572112975337534389911481096469693752310870981624854015320775944
