1 33831
2 26702419
3 21125224557
4 16713430246949
5 13223001109687815
6 10461512493459648399
7 8276732547425415428669
8 6548221560172100787717125
9 5180692423659560643509585071
10 4098757768339496789285781750439
11 3242774106179467720203274368609813
12 2565553881943151826342219072348358621
13 2029764178951199096886817162094995727959
14 1605868678553337860642298785290031205826735
15 1270499420327313343988678387824536498533345901
16 1005168603516309060761421289836352204918648252053
17 795249415568116653209910586629317588037462805658623
18 629169704215865841676513374523944096591610103011699959
19 497774042902359617782037143144684722278956207631938468293
20 393819022319529992268835212433126765846882591080495258162509
21 311573945150717031875714962926375237112258097102994298769935271
22 246504911634299657862622156933195952922260948671764158692360748991
23 195024880628065070298707798652343177019871050557739339125231103504925
24 154295927865393221615147005983700270822890218284528803542786408712869509
25 122072800553308718277804045674261841571766639154187845658870416395457786191
26 96579143993534921721670674968661092425631284133827223235624924459957926105095
27 76409577008521697128921531898028990548119331442418426419110389936899786195993461
28 60452217913756161132155951002019624719818055289478454562867046632798110087584336445
29 47827390148811984358079817890728907222794214384071066091340870590637181132591176825079
30 37839128610799182886721629551015146913105835996445962171308400482233535006125232091264975
31 29936813394367635231493698157372436086675323750894075370124851685544194944841330557767925197
32 23684815932928561018254392883016358504020935715991641482143611548417399165432980890006345924213
33 18738484233002855294946318983830221221747507186585747463827075154488972330369701835524451610093215
34 14825143346895340182274879867799119328144543896081886850053691602155584732332474655404930604104336663
35 11729063702436645152514281174177034134434574788061327456813705587946125715615324666294836298857896204581
36 9279568643403824241281790706600352540332848100774279367580933195493477939337494007531570776698146136469805
37 7341625588558663431983095343438905810181126325100693759035420578552522642479035928996073091552728493991228999
38 5808402130943078110853784938254040053946549397851718320207760784349187493054727362514430973517506000692410121695
39 4595376719744649253701581271718739699549335114753727558065739957925743904636154742766331714331377790835928941827453
40 3635679266053564909807023546859965117908132480581323680217191720715485676688459658313973443497172883718232645245327461
41 2876404815478605753182474174548196587017975469688620884680373530483318501952169459424943079027579447346465914559192538095
42 2275697072555413501282999533111297605184760032724506959786585746556068089551941940438985599464924156678445439023352560332839
43 1800441001269696984592613210544476501338759987332999378914273048410476760872286395047709371396144322656142625312247204994742997
44 1424437302374785192594323699176090183149973998331065469604678791527512877005914666145716534045083424342598092674061708140736053789
45 1126958132460802591548447172659816370252483596255796391369590984717982655264535500365442696360126992635667525181226796315542215984023
46 891604446332717377588002973958326412551055897229134751039124860408708214671119715391227490765147490037118317084257477670484874416271855
47 705401971752416837506480731267028891226652031585946854261839295238204407023879701528585282645382589483521373991134668641623823537514223917
48 558085980614897671796299843453607392897221995880584003392914920168904048576456672523726535247722811658442823835453843900742591974050562348117
49 441535428353195300694490617139736460025915989751345131545636508656816174790730985161533487818055051246226188945923864649315094657182551024832831
50 349325267544331371541673988515309748554619246232132015044366198134656638102304898317662232511433176312260502234046160979969807654422363940039139639
51 276372256242380873114664432731551136890009858021310726168271393785780935116020398572500153462278394160022110408138314350227280357265509929406566844549
52 218654735620608861803859894320111566478688476165326183258700547645825952302923613134253646800882520394979298595297469050641477864742921426560919384034573
53 172990929188596504275217352405940138429251802435484950736436049391414724387676537616114721800749192979245390762564525481563759389578571517802436350593835239
54 136863541951631109218680639183019227168128893210239148514236994320483495838589949112567424263777147097697606779175737219256609578534418485285285980520800281599
55 108280990242699213050775215680948804729583519821796335718739431159552793623043099768564039336040384347998603663591986465978064906134011487137773413013696143419613
56 85667612285550592894613516206358020037519632038863478602671929756743683887266950089497990762817895898914996813033932525663984512754976141565320283856132530501943877
57 67776807159391885111061491203433263276296295939242971280310066657751002763451907065153154622868123589472440938675174179906128663746739147716232255002076070708134528655
58 53622313802905018476322224367478349631906342500001283760931706657352645248250194164916090003450087253660718233418369130508134076145862742589835235746596121638934938953799
59 42423841695806088403145804078273735021061468489480926506063784844822419079063636323210266004899980134224495956476432355035216935702294342139516894988434877096288037212594741
60 33564056016794094472122810103446173868553336274486952689524124695473022351553680139355530498876769730415133352798271658324031062883146893876792002124162009747849452370522677757
61 26554546011561684509405695032968002876018544173359214819335417665343366836017451541162386913043004990616349202301555024168323778585436784728523894027583852105384832344100624174647
62 21008900519273388959384623100953675941085896540085687773368042021457635531151287027572838515051664551285385884664409788531582183621314026755362593823636504734931894127910415644845071
63 16621406400115227553193144166779243042003311293419700499203415302793809426265592761777663295152937442675806526714672900630836410056623315158198474308967578968742810246239187754198869133
64 13150195578504577795668859241306642168075596583273816126730124960485322619739881695649755202054800770127512243360765909697135114031235368392927122126422942713369161214758287961036243251765
65 10403911654053686467556896736283355418817708382076097174049284687203207203866066885955612310460166611290478582353520051700392822269962432375732644042282610164199048824051223344097149328309215
66 8231161054538717001754310734046705577412869123679465620331490265038168755851120077301962809343329028508570649089595054540170412125401094449316931294474876204623202054917773222172123094343046487
67 6512167207740238705289398765153361883446007243625757848270660802594880548834634098892279025436030243159996328477595560621159447474691585378758198894364373374414149304154986634498385650582690031589
68 5152167654183253572166871450597864018974696173083497735780829581528881787288506504903684339894672403848107816295988484832207230653564938289067077619556930399039887489349779038637181613868136599032045
69 4076190105386342897676330664541186509545579142296671548719377944227025151919582912581180359761431873758584321347348382420427070841833332582441609541592783336465833545736045840661799628377449306520980359
70 3224919468946021065525866814953899472345880004333137575187799282747427370352476755784165587168978164522598289429375791798273670341446574981498654386049035215462609495122153135634453165702323075372584239647
71 2551428003184694556741481966927087722992779004096823400095618235910559094903177500419447578336796599810892407148827017017319814714500409706807660109123816621496636353012358294671318466453082036551393953344573
72 2018588345575831489147172203417622770013619685884345520772010408891531024413526784068640832237057794757947904746013208210828985283459455090333230723227442136556096265343619132274837229181424093502754607756063781
73 1597026803738349630814102694490121063712313314742351850578585065095007191239359750442010306337747354282472743407724206978551561542549564350236628803652777964961172263076676338699665093788796675719039231510429921583
74 1263504080685239304703903576527997475071082650719266322046769180795408658568759731565448893599095837683517049059771337351443884375932105664554249055663337362596657590359241265813381074678357645278970761425303596349543
75 999634169051683846623938306494028637421375073141847845231886316135314516819710924858296346964002588704850693725454049652981058283067088853655665985677373241950052519625776005035161145594441376812460765046287728103815573
76 790870791168093963015385305556500706636170156854760743742786966883457251998140940768886099602260151498603192258085383220993548580495959423093429974163666460468141047394034802472463946378446952775426847052268941453140470237
77 625705510763216042450847422763886390071104156116459312331233110932447523756879196932796233388158365167063043258641364162385742530629586486006822425066858445016234126241651026985447248876581117627165675385113699036498844506327
78 495033310841094086761348597576595384113251704134412153217953515217252184829873659900488351051147387298989760893240453338824528783719066054704446607899389800566361108786748540755042241295533225823092600480315694008596087689514543
79 391650664133325612533205259110174920987705417089600603486311627669184223864722413747048622871728938143437743025637516662400849805823796455101267360112553855898468482391708964934879443281006721908730018179677555876667445048429502445
80 309858426406608749596413448463857903722925629043916214243533503634889674617754087781586390831464231945342417923286525855182974749309518728901472122699813887039527113583007970037007837148719332674318513037281912214041404576917824837653
81 245147661443758737857787286619371682266116183331249170189381832254483431743248013395985340848861922515523068526818628395797653321023134359254339461540419955730492162892595982388882201271748516073257673109808120495843702179562795297891967
82 193951078265922479863872945108802720661512841035345480814793030522656800388701467792960823310294217633315106465589461594998582457185363107082987584747900224862498558590555048531274695476582043281855435871618503666892503096168589819538202999
83 153446378150109358955035631843158973104938845997083680615484332317664961252218251369343190402902897128747571940438362767344917397271128409361672281415881248964556016719733004755495316413779652009726209769710633548760070254363796498929775097669
84 121400670611911687891625056848248656980551410539466663821933264762495501038267229213804062352583369921868330340671138779307555839918671770916114537860168484288177225937500163254898990556594215569567444692750173384208932690027032210764828087565517
85 96047381519844458543887329358418358266541248627952243505470070723036041697248002415630602772116508394357382862039409622748105852472323869015545344680699872966472874117814818055831353073678444460801056256559848834574137075764913706174461930228430375
86 75988867691752298574724840350783219487762881488790616784487224648299232246386069879678708019925040593615938029670761211784830411295813955015686720129578944070699324327855835762879841699466990861648110087017028039121600314948984052559779906253945952319
87 60119369437277162737816646434827575119094285838645478064999870774097662802563269783388364577690672710156267095877777599621506250745469039225210616495332650396368239637961210128918862557707667828462596344413517084654744838683098776202979204984971692613533
88 47564053674247728109100021186440455519291810107237627335549002246666121840392961692385691188794845195523156079585479727122888810311274550782461142883447016377891345480809967642587247503196908426484687444068541720624046661337030137297636323927724246424546821
89 37630787267105796081812926409532598420193871323144732206250056685205083371182441540320753418489025218572189012549624857604572310842964311793651089881796229566151908483321753161815041035706279985362752026994378144578447333593140036759137556249164935580621315023
90 29771982010626396304283330996084902424423538915451718795394288560016667514322591921173762227906172960875648497721174346518406590956854350713382019329297481809547421751964119292589372177105241800072962659047527269263853157738168473983209521369056891586183162650759
91 23554407898764989583383812977481305723074266592817544726279857531286701706705902504618849497462641316401773586499565919176168347254167757025527384299273984652071196338930132573667263350481245042867984621962836437693172541982708018556218510376717368574719518435639541
92 18635310583735282933393395938473957298149890241362009447966269275533797110922554731112386767640322113201114730705381341649237848570124839232676732581495919673785517185508237779837149017463358033685003544020805472272206388207173622963359795342116002532058128638569519549
93 14743516459629819349229582874399361971908943400501089103351881410838992753462960806400257861006533851490358484264003597596939499084233821198142575203849151683213886670166779831939515258820427445336562751986581736656601169715016591709346314929469455541530620509413775303543
94 11664483756181393112215780902278176645953905368093637298899607753471019976439828090819369898962923713332032726720679499487728436172864877974123721041196066410063192447951084263540462824970468813516365883696764954648146067820502417221190428917160719614153442075287107694112847
95 9228475558783741110686485479840303543782103323704075557454203717446847537234982572906134302281103903126531767910415468964419258403549684023048806154938009836322558283642492113623165977445314227971408681099949651155816872374916185151385060503011103811325231820811910830492601165
96 7301202772384785413588850971714805937791507062107558727305095190453684802488582368905130229198759378084834546873054351570142651139884646537958886229792264787646072556257340788032174537814165729243338979595203475200021916492672866782454695325111387119350704257353830334414325007861
97 5776421206722565160250979581764390096507963647194108131692668635684551834407258718516992031293484096083864384836397563804940194819357051443666562621639523651081950646004352116255207852879252564506915567294069062226494910981594733419304933090892288589408080002872262767616223069278495
98 4570074684636587406867785444987293642224491234746231600325832522715075873847594616649313431979096442904511817880837865217074564056998133265809535914419996145147956389195781616189104220704095107184184008368243301226689593073075293508704317640439047865085422093505210153841339097786697111
99 3615661302338840031020214012844208815347994483843210040319742291760765102785023309538879436741652099507143168846473850267637122105497512292674134765737485278600121620894641918713026737111346762036001883685335550107032659528500842174542132180940734430082717845466083771790339999796886615717
100 2860567398860826931063782898656504965940894254771560815982893506685402609779587073337654499563735309355283626174459556568600197885558780582182751345297208277238417275071522536856809042985958080903758099062098291136983209124695089277417635782631284347620049997704190758442257998739629772804269
101 2263167138507196847490616276481354051278773340081075601814094120861004266275599262934039495202645557109776575812258902786633615302303968803216655393516471057171161504265351153559430020485375285304832690013483854971097787033796701650759230636430023710146346134396784296797547772728191356296929479
102 1790527815865682656786391829955091643870685395976323265032520571946048292113929051244235426735662553838179971694590651035974534277855331797799240890673689388743005560099257582342768100186826991474061685429032423419625635250651745147992310933548395262960153857498290541594925287392111127738460857951
103 1416594384409199463942736183472431687096630470337344000065528478309596795927440603206463892399965287413840611720883692645628360116781571031323102605520581681617197724706214927081895024799000573668280334386653587630017251210342939088649748976282866239487783404154384944296780898484273495935387482456829
104 1120753127741532591637889206987882298485983812491975524463784613873501179473093577725129913865662315210954648920612774275146937524271763306477314053572361035634270822497307866161877888818073767252399969920134168423024901151521499310024125330156585457309718726292384811909229796122511780419887832916799461
105 886695293421121477848917737109498288369522143897421161745782890496477475657869475330930557687086685238954912077953282932331604364574062036969527436287174501952972760442483006532374130341380573193448622214009928914765029677895129871944524727048445045818401516355824815752321192167866986923227873505943111279
106 701518045244740342701665484061070061012114572612811011513679325827442254402419559207178918223202595297876806210900143855200536015043954429723528487552748916406576584760964497476955026712240350437631680491008665873779824799791967302155318855009610872606411077315290441777887537980177120856392274401996530393255
107 555013172456610290293667592866123779005861362405759740451515123074636829467923352577254123967352613770846556523642288887427168019307755507548429080768025546682086095894949721119066952749790703107855381582555445842561520974508827212122727705743086905633987831986723179213298411486127382840877811048669854060230741
108 439104344768329498289042938100606594509502701947844182611828780011347214853903058938901774508858452027362831791882341357011094670600590145485479696011613846465725863897618446794850839192546808029027001550286574706072518055250827067257891070606083991065510119849187711489765941926811674736363088340719388796083007901
109 347401890915476685254172687601830642019918922357062985895863781216928941787619441522174950045363143844528568836337646107486979561526832111662111524634857396096763293800283185603730419655471706114188714804411701854980892972665514133891448195039905355582927840929747929921326130656030597344135872577679568869095940075031
110 274850557161586567146649045135788442781999130587677348384856423423922036199563545476960272646349448085283855375809495804434542992593490827040901253079579108664697562082875774848999578961018152983846894758565865070120041576007154233394185037774626990922752680618270492901496623375682721167192305987749358929463740095089263
111 217450827837935487107482466046999305251834132504830299864660126476284293182412159543777746729501459374078430704987563061198677632463397163918308099480323299294857889814740333191072517686791901894125497235930140798536349171505974333403506678740681827494719345445457758945220505904739059728183660382345779404105966227612657325
112 172038445239913984263496380690919741667508988446343891968977879831291012037762645176876858266198911861842312240866557512294404024084686834461522292492824455662155728553457267277078407433706186313248635878262465153531903378101641849769961276862048430370587660853583169474293491785069591156419655149630025705521155585327250521045
113 136109974539280574061428567786932472198893657476684578856095725850253712326559390558352713111181159195050435955701218829735416045895068491380110010601681226793884761148333317405511212253857968817626155163564308619602470443686199742534098499902156236442190079592027035743019174647024467669944346457807763685458645856226640141302719
114 107684797681404974701331359081962186142188344750994867703292234692334896624546479473861076621869678225277353980031343279320186380240999988706836386020110640033862736240981634826380736222394475440339025861514812708456250261539910706965198548655776646682419343315702052253918170723674602662449394320317867539984399511880656773465801143
115 85195928446365091621181170190371792275656695283208124693768449876133067180787948116330693699081188721569403221536114548567210292473144291858515080109035629699228458737548718601252741041699232082686333012518215259769423367721218094325492386214244909869927160936932070497545984729891511787668592150787064640433695656714435819547708614149
116 67403629668438638048271247952241250850794264620078429754044843586979952248409349169147600835297949867423840117009613879997104072482357258350333436625635145764223445892940952458892272890916431597447996725357135503652650137557486862231397069313966077443870635723271707308025892727838685568881609171660602462883713029670158927055139455896717
117 53327070616293757863884879246912471372312053686908835665275567770803113066114127392596283805722972905012674152944894902727483127656075384551836610200788084113120062308358618323957536240054013381755784485964286703844465626391264432905546878834225753020237956787322943487545320040992541302985574962752136398316073898687131244888201503396186983
118 42190257030724312538647063824317441652736439902824379394422074130098615083919274521163284218895427382498332370036306355217359024579628889898895922397287976567488926609846252554648455340283293333254723155514457491535387424386748952668872230278419303976617057659003659767225423904096145091012741061805917785566425307328521878018179118262402886783
119 33379253121297625098047677327135264003597156517066936405836079143724150795645834353776646560181753253927168721152071939160952046842624059352125725165314698513016095421464720786155271975716909866500787699931813748120990653539381331174584866426362792795340012994175207543583221622043915097495277644089783411532701791292152565980545883195184665400925
120 26408337311722923100835593611395825333350355963354970063769952543267336671575951447180083421666287847791793319383527601347825778568680683018350958549846345779187476074624609015487111590858637502203876912832694350021195569289042951933424417981308285880881720849481967589138936036273218405549308888210033057323458362637325973115858063555625877478209989
121 20893226011841499539907481121213894709942054037426103414884258436151250430095797853133168601560520397280959573091692301301666906299294996418808480132672731356637932662523501596328299594587124048330340004363856663159200083617097530545540895852662010136906213002817758909927537119451594964429353211235388271961811718016653415675769448294239533029370458383
122 16529889331128455057200650450893756351038367422446449627021625454904994313657437977373351936983402060253077040984632266716455976350278797533596143305468677964133350913479109084939007823135891054369936836069895560449174103775150300665866754951370275200184965215688365901337798433968133637487598206136210033615316536753766018662790611817638737853717018605767
123 13077790913882502789676360179373386187993273976129519467742150356228401237931440891446760997946304501260132744053273590879896898345452564028509708445417607039598704240944665671765368117582944260088843137841215222564678417052060867893561099063992252598531182530374257759283886218385804073790419212345991141485850285952703182159905200162537255319061776517406645
124 10346627963512931931192323525040541000954108654918419915353699118619790282161115356592566531471045331813836159453493033762442612669050548666653806137354331952452580566590990123919465735939666208575145010928233482587044798473643669252051789699129128819178388551509262537588247618021320879845998040081125741400220785425989752615531992530303396031746657710191063421
125 8185840477209939779151126796209585298664132239410500318130514179618542120129484374302899725734340133788148652446063653305773087379498793298193020913170397363408361693481976699095966220535426994198678725803659890522228322404839611013629463739934883586608579353857361148415796393511358213770145037807333610280584416230703396549016931640929430478031151477579067177143
126 6476311369716807098361878129512502613187558322001306001151913520350247845098994201229786618584085707224061201864850717355271268772484012385597654420430969834360508031007339231516098794247183079992526146894522878052005723317579585818648017010887620109351062204239302622573505090141818208772733958229044029389307341370980772709779139726781073068460964731117443973307535
127 5123799941410401938181017087538757827948475504348477451715061315708960451129852198104724021175238371621707147562998958662588572189225324181543574819014025960445509754466503140316784409946963629828147513963277492463383255724876688557062199414364530365849328397487254397849409093159799631494360637941066196706357274118129634031293187646687155598976601213041453140878078477
128 4053746699449571187737360957980241752148964505577331360784657425131342941713718121359376645143431166213881053829958800930283126832470573790722769549547867159703653011066766701994082627850513707807840906481772229755048432870325855440936405680031040120304998423394545809218883431033747709949436677703689252254841946834567980275485496328395048362726190003269124980512641776053
129 3207163138921248148989311208007220651514027175597896667910845186499941782032131282157836208165621710934359374650364114521903699434336748580944551913364840596386923985569117302824084596846545505966684518736819121001460057879331660779743821424093958588262746296615589508367747352201189284663523569736371028074870232076238930599996133124288463549614679673603320761797191926015583
130 2537379901179281936607535063437513118008603960459733300204640972214911899432590737454212521227720490620755744393467292849674700609801717950507856616206853376861648540917193562550228089300231771131970515671328389726602073143375106274942241852400374351775575264184619411965553118018194754572934879845705240834950205961035427058338641076435320443212013176647836815988136423205541335
131 2007474046073673978808158091562245783888407264614963283127672224190575796058550162621090711605347944289908419263739199034212467857677287821379961773099986911321143266646222302741048335935106614306099459404851691450781640782303183586552844060759252140660805993821120968661413769387050812477098021713426071480112822110692446286789010836080502057870041078875375038789123858730140616037
132 1588233612076154661277541594087879481408558809677469457646766753184887149551074652081027050588543201715711816827448098106225234441401429943367966079998170241862307711525756452211808908756198553381167888965278079588855400440067989069137682043564336211880804056664009537085053377248971124216701467055764100859041027341854854188007480925432459794039526337107735806028596234845761016377453
133 1256547257217139879032372623426697405364096538332728943798314870370659762089420283427300735785792272911304159682241671020690031517212218189745958126682694300554267780549406171794749518637851020307801074851342161970922702535793546622232327103717625162525172339747662816783537657742001375681545562899462354895149234169217943483936689431596834668656136501893548464446677902422613690300872199
134 994130207051813381865529902584826794150901979842753346367613828333296302326172501185075254198774523491427908081057867479608893268000297332849543025840721214631590527177965149823544639849326180606206373014493976734439235264276982565861640891939037754741796549631872279220429613158357857479347986869612548806695782283945436715183993585348387995242173460515006208847147529866662486489565964959
135 786516275370053429029559789949462708896104957594294770622041025473176348990299885550861904938934367067043661816597635140777883044875689662270469848481570802219537178930130697080350099734435955755931440735218039739260293416228809949910783287859194401419246584420390628709496621210346756797695613242636828642085703697000955940115558569874524482202793804612003317965953461623320700918286527388093
136 622260391077464059973847450521436213133705035417166427669654056217289901563834816899535047319690005535880797346350038885248039641912911290011309529616014755456124086113625979828764292236164755779152903214238864631728197762754830723091515916848914162525395932821029956329082429019637393564061539588130401997818318674463872053352281327292432270078607560884862426957352862745225310213741362594302885
137 492307669185482998914307370433244711069805374269048214199806391545767951006269650392357893803592770168927081905529487681749091847358632230399932591869574513684264862599827013890124677301346518402649933397805481570165267530400593115199670746601443605946542104592872549435854149519720310707025090565805110274327435598154469938832135059035398146698595808657113603292839542636434041153481594903289732015
138 389494244875809813771579382126228569630305873082176322963497408960354789081073838851179154720488522975659472514504685203961577688029437478301778601676556664964785742555077095974014135383357742394689053361099596395910989690642597517674602410943695170061090542660417587243981577551667243771599662029931743442971534024501101138292868720678772945207338900867374310301243985036075894314681509242752658041063
139 308152353267972912211291084324132073026845798280791575306816393828832586379809302210986065259958312504802110175961557292500848105688796166631785716032432811945879882971768092486461557687700587266037718442875121518547095094105548710388823858037235446611841890208780203403586794407974109247393967907397688446124167195528102408224476008869471291410140143733311589317171952626817523003490336553574979151181589
140 243797884240540911186199300940048224605336725996133547497069078213758447243882032476159862501845120268212914054030226580657916851619552537948758485613895165685036866566171530957041989789702017088739128284982858033391755926905573643712712013348684704008910400234549450407515481331709243927139054314493038295849034532441600743004435785347564087074744568538193940173175926677610703833351349588301664459332639069
141 192883188234089897458699150726742680512642842253189768290828166736559749332553832953465584134692903198359808748970229049973146467719190046786035024684073231611551066546397689040630451604293906229716323818569957036625802937841068563535784697785314896109654438069473661517305623415228086959865450405930631012528990750835822038384764280125828873978043589549802259296566434465471708953562896347986374305503197758295
142 152601506035386468512228383504615785574833182839561973279154036904070739513190496706362023241536908785527266415582269919970244185106490361460767175987296496775271519306712916399728941399325249437963306164748600866801728984570289760851057750156446419350980543161892077048012966078045619045565595759759027674921926948211451746795853333478302573359108369474130269951654406869475379965685875298192378412046046844380847
143 120732241402013195496702815324491758415349975414636183285841371192061848377715787298974825967490627228823578295858275134647649774520652641212338381782171779689388229735323452777235380446897151219570143464804430531957871460808058364815013544556913729956939948993623330176912049203794423694566301549365904510789846612356527718410979471282479368341541828710130286995770598443346091329406207969209152211677739018811321709
144 95518546917708172005546246832977162268144049706906388616141490672064050583339874154393874564964456432239901869867723145061841214930767011910659606125157388483281568597004452320593706346620988466042421184520348282493129827587425556736196961851889194024286654490285800343890203697107602182985835275634481019598622048675288219239256462349250673798159264678062929106463940262800127467235248765679565271556192886047011962773
145 75570474790491872597933396463446935891111118081253451556676347565185152647386145809955438710483465706143075674682432647322964827245499698082030314819455643053110213456687921800619795711684673176101099495891763747688023773671068427922215699613602916834943057357205609285891704307764304684832965291527048652374887132640370041729065827739090462484298574909080460449258765781325812491487581918033558255092330663945479271813375
146 59788353616606631877614794045909763296862324180658078268151917203211854478547157596628750565009523125113729917113077113596502158073082608378432474875484658019621991581228830422488365889993514646531510626109559661599340205284502102135151999743199479906454172424326457637544981511116379428407274721373980662294715872420697933221096680819419960732379033153681691921317121909718263446641126542556196779285815722324729509595185655
147 47302167124059862983591023999685135542019781323015354652949942686582823215102418410853648194659426662266418616229250152410758048645036263212513313393562869850445376275507524666851341194201617154031141145667766315034410469570774827891920444426954719698659961201909159482817022554442258681947330651094273909787346003295045309038043694742575675736700940874210146897117022622020667110119525087933945790033190160497606649120899814597
148 37423593045904008566540265498316822235701434107021487104457039182784863915146583660524753929162419413838824055760014015748541920813590611489782730492344070871853152424772251251984700555712354345140820806979346360142531199653194970015822655562392570910106470592033568659636615002274597909976075336797064993079459876955621649405323150733266424553959527573118527221929288284767996686053211429032873147628193423914172913974218030349389
149 29608058184570343845866997499380778960132229377777491781226530638293477880768101059535257313399200364664557555504729466253894319751841739008725234622723914658527912846048932049454659269398219022785828397546019904364909348500996736187521207038705861619587425555171541045576319252378727255307161538062693843287438886960815700773013298344619178517305589881868429939371679437620382832073529536812866986443351869958424306547009701562179751
150 23424717888141164713846076996194372594502293839373998770247084883571992651172570535425674188213371592649580995320246407595590356031349709774131806021245094534276668383239692226818463701568729960895960268818853362708334140677621435596544376727766009126733284097137842816695498600794217675896246603104948175197006042455908554413458017471151201543909926907785128554878496220859687228446955922730466623851339791049917204578427697678463492287
151 18532705006130862495729885319018140970825392755221093879622331234307229241524587344577105095634271073427024195919024454444390098968839119900118467169160575725124804292421096747940085980808267644499009631655054236697908136777552744398849530764878428430708421430082879081987943385572148855695652174351171740392353886468645275761950664853188884078157228917989992838019763120465984769535611709512052267653559038980477852887433677298132296060189
152 14662339008067465149787801252187224466035343063504304686390681756350772295423628626607718196475118263152917524728018321064534705713970133163849654442651102883830354135448944380791820026486268522628700791928242896001529767299659076693426957943250356096072636379831696193636638572185161550882140054683930818962648969736705202675278925541336769559820644856429523342269120818269645745887213475963437170891404368603262249923538564028863910221456773
153 11600259385576861157130664571686551918125114869228655375181449357717033674799664496865708542448400993949302656982933649524673758183282417203184982438072472436736930592413705914701138283783510664053943722113409293153601644352995122099558736668794828709760223090755809152558426991182919923972896033039355317962391756977193357242538259240819205791595341608447288837706825235165627241190339039938234062133021536049337806401891868594494143329567458895
154 9177663791474441665469420332261381153814760370344412924686959060111286869258158725997118960968598311286165127935241182955067252282719049722227972408937947805387731173846794920950008578309472843072412885227104290900349649364358798461425558385525258514359321685698077344837614663770015159383025623483276118672760290781368430862685103148213389361901711715502972601784720370132760936243758268652125677764065562446318792883066237290308542082351144825095
155 7261002523276977013213548131382460521651284213386645939867624004383783785808781958812454030185859078679382811822334592018198941148899981058394438802285108331563249636265983522730418990726975533440500285269892275552155876965730988677810399698824866149863836972833630041911893806671697225263856438706753196141267716476062500556442582815081556384237439937411621845375002896942823487065429992123227975858603902289153011379807755046398107446619259275640437
156 5744616368711467625730495511010464464312384345959144634563077664864370434914340997328307531435420142106795919515123983425863202930149907973122454647944713895237634090938166878869860520586265231398337193479820725949420224982830992815605356090296744907707288171318220382876705859972118766763629527197102416705354217124372286104368631081444443899812257707669297866300294758791572429664278533090359785747289363912467236637714490158647623873986576140947056957
157 4544911961933068787079726313672786231924814563915799085813441928040116566920090549438069238563546202621385571113821406780010147523829977757900395108279871177150497000719827680234082350999533403617504457756562419460156625330976400125861648408258231466037958501427805914388768654405773340320747942237761991252538754328941052299123130731740424418367394372376095287795550533098003364402765181816775440741648369319528763215930604078644343628589891706412357291511
158 3595753557057029618794570381673518414361075959678917028959488927549677551676588328172640364176198618159306943034322562396412632054434926150222961093324542458958446067600159646646149991572352893097248539537648770180375497519660682638388376037835465748372006797330973275615737036332346529924207753451601769414784449859402613618963732809208783431358431389372163245660063857786110127430560265170915572757613552819577262436787292900330798308812905423325173594155215
159 2844817182682908088164748531482935012639436504262489337378252710268902581160353201375879228555621906791419780544131959723543849747532389249651158159217706276516881528931962065301101116435537867177280353515196075235401934361490306494628334257771335547227349300220321514701421562912950910964154027596021562921410147526602227568836995860293241978293413821469294620239887967238579324381048064943947647227035833823879212109963535736889085081692507769988393180295223501
160 2250706193978343753907296787214811665234310964365491055295493707383770417162514170736649459605312225016902984684198702211579269934708919365427060281517990055590751800313830670202892542235320967397080667374301607025611465031447104142112669880596773315052834290017501058200529087678009048274511320173382734525446656523230160636251642704628830453032925197918463987232617699187509512078103736860523476860738737524683047305683596277265959214020831790833007590683589954933
161 1780669212225127981593689327386722319769980000923600018984008849109571687052447135807274642701840742597631216374475383100056318397193699142813146243409758231060074378064265995725197417603784511282887907961276715545347278939130120078968300700171645027873551494814579131980113613809585856992391366259383914030786741886663751238388137044655108919854402452151380203106797367449823705496986633673648175934363647232758857761801706912268303744281986765129937063980902710950815
162 1408794649363713031501328541983696973225866752138307120049033231651776875284654852108827644771209124530916291375877197715559416316852290177939903117348458192186616338471006202338016386908086541346462182117958715344641556966886107914889845441121917992786825170138087498858041799721344754214382652914498229070535737302366016258434409054934093960066466030025287372899156546509044025767268817774535875822191233342019762824362345886180158897828369125970953661900998045909992983
163 1114582287630917653839427403270121641721934762161237611605474780869864341424890285168689888671956926604785135998695564407040940348152566231865305021787565870515777066855562293891198636297699707315594941365209078356167695111708585925722103544744443180595090519355521062195821133516396085925456642785510313606838467028762443379573609309657104348936705382662915446504606609432986332996600344625792927060852278713525642571747516231118324236963166941358352823622691374239112401957
164 881813170188895792079987873198853630979126282234385806147981695965294601463928089734670903677667472407903480290019268142691865192072789901119757314241074091570521119825211219642779622769409849717948485050948279890963104819670315649691111883553296993823099858160727343566324790865402998267951125156437517948505888164771198979626944487205945487277862922656617381388051374877526923252732565176688848116668071508127041379701577205281859548376195742945949876354594468603305149624365
165 697655503544196661882571917202021124115122254198006583147092177723301278210514157981385727492421990034985002315556162359387132364498292890532420008755186462396047682988961591091728729965339035011317225279150602035958159307899030669713630269256834153075333494570985692593698149754192955670768115788573754239758329634257855804712791210897239464362583655376208214872259272281034702342008660127478128431517880996802679756028595139442449650471127331784953719121983251867601447893322567
166 551957283107082867522303793920457493339995755019990420908740580125226766714579493940587916157320994979015880418052100578118809141160412238724421421907283945456178047424622968456657501805605071685422626843370208647352924667485857835036847092505282210364155124090301285385592264168137547261885698545585229288651445532042706228829780839667804608165939915309123481378544573646538378651686895614967236334262877331076510836651624424231488050117830315086018129402777657664797651419812875999
167 436686646671959256129900931948824589789121786155670572732023061997393833294374609140048101575953543136296136386602709977223243852606835607822460432082845964299976837189662839539161349773095557047687833144632882542520708686339685638007070759854282928566736267340479445689969184752139081036083216493043991689904620265618524344842082548112310148150966097888022769476687507263859248171213518944458954004559030110988991372484469454296065283750486780647408039041077331865055592642330023522429
168 345489104352672560125953391318081435014539794897145753515905171521405041113404342834800778090553188219197882347863018677755373082213785357134131759652251249837216356499768893795272898027176983423017176957489343094326035577337571988487114321393048253099273989135223487923703766862026469191888193330432046810639349391613201934295031115578306617765893350239200491489425540497051838450508959073458168480371728815229077107861928187505931697054474405581990475646495469359324271773867801504909157
169 273337236519800478640085418674815200921387095016169800696142291739768560994097260599242983246421028848888582606992808437531959529029624412982406007822331237392810706607961121196386803781124192294546588280304450952175707749904022319026284755149945384588130521453170230095846159644453563170920349743621713608393326515830235348532990664335545007610311656689457677576264100086539585258358175038928602300211346423358026100560478500800657313830702214519012521689674052836886252245221506357159129327
170 216253548742928390021287927011404424569888513848322774745584517179950912624999128801958128581776309455527815922637415021272099681946614857538519415094174298810295308520876003770047738390689622377581033118641543040904720211525444796199459458981487665754664223860478376540087629289793904478184441765150854887441351035462750874246996607892035119347785115855137690429137513990302873385894965118927307280986583934056421100413597454749392562175757869188003888854787777416931739901356668353736925778215
171 171091205645237498744962343597484905181294861896041429737353245974943288968679483467543738422321104597668843500590386836021236926547738101978284093812854110340497616458522101914410728887835680314954060019478888119389836529927931221832474715356970834132404636677547557253260880258900576276591437799705378035678060289997375452381763808492358881427996846993455063879893821784897183361707133120746930313046509716344756280269823836136386186284397568688779488724116690431781170903278772781661042900235733
172 135360556251210026996445733820126317665837223852702158759251165620555823451988088580984335616073843868103654368609809755959434926734294522832687824844223897926426044345335203670568264602730214942138215330030565680343936345783757028698645224392856473626871611373400480991015799127192789936368263212325379000350163234300060719736082691160601746520996280734087850126255116435400403222737993111714190666724836604961323489676818777933070867338455194528902997500409312805073615880819487449835264767403811101
173 107091887742197456230917933028102867045730787825351031359853014317023562713151821261144184329628340521782209894445980024134400736976162999481229856235740707842004313717569455038869807136453563736809247575396275745584031582322259848142384947329015100624384813791066013292817245487195594375406111542492767429459706841592909292013355082951404496180360970315653158306274710802572313277643578416834430148161820718662156950977228622417565017865755007224756859292340377935755016279316593222923817895668707317911
174 84726841687198666589623949058517111541406439078842438866608297049027361576495597668796871667331366649490205254789279921574301283612421948276296224564637268798641841886294361495372486412891667996793049159550418853115025778526344659661845195795532454867735083705541193362771821894872822040032988575204778681752315916278534098703180368452296133741839472003835933146703395970522922170677784351086829457367394432834697202800779850692495904190135516268427432953100015880945495085607151291667134812691320578728687
175 67032506883889997169809112685667949918876703175175573857421207591556895422785663728357203645398885703532510592112625683548967510532566096862966128905578166388800045772506196871526624354587334932933226811090469707772987097298040546439277976383704233148536924476059365916156704837302239019268387346731403707350168954731589771697638109069270754825762819984836861140924795873515912532833344317194540511242642370082893366536208756197556290955529191764086161663924654419093210920199433091716936418918797862395163693
176 53033453031657838517940677382871566667550944858008711947199708518199121675548874379046968486503843478221314110202842755997973365775030214093652911497321507263202281694641882431295825614693318445679413074830558722365916401251423158937345743213303190460800493270806074591819750685839317691449869216367547551523258341461210752383791419647241987010091932129904477639348713170553995197174619824140423695185767998526731674606285734689967374738899801372797177645987775454976207387579894198463154973182188541407397897045
177 41957958477262332748374949921657715264169795678411999563709860850667100821819447688788713772585096872539631627919172718758486729756478691760546437961780815072732746091209848366044302707896527910496077253722748948968632060601917656115266500465289251371912229021568431056457006464892008065757855294963190556535160668744261973246589909224161760781530424357906394625852619009737948834848946771493527631592027419489026351394970338458090976999396099665650000108439338902141414632880027930602603828295929379506850556208703
178 33195467746155870620393225559271104692647812945031299631622911449325217590324516481149443297820362439180030772939696954716411742479148550628601915959575911078409236738721529460021595353351379837858543522625274895288745377465763598431962096708710901224935113777779519156869837481666856917617995276169842193216226114018903869848602132059968447503002395225986197700173944657999721702682214995697004365643084522315604497641290923793882881466256249352160029936043326234222431797860191471367206506837021741371562938463609399
179 26262933633513950942822949800073027435900428100899812732814543632590273754209465746804052705610319427389635459704091774364356590751548061804381960539508674781457971664118384113411225981944869566471031298082944344355983836821360801080201317606790982909478614234628704965773116422383144242521273338268932952734231426143791607470107973218272244254671920412485813313846050109981950333814368161010945014509573811169560422162424266837305707574639183035111729047156252218165405251354931687260465933206181723843639235433389720453
180 20778188405500999219925412621219188026370798860210809973500498176460887550382100243595724830194218370742932603671347750388718915764853742359105326566496079665713808135611948958266965716074086694200367605461828795160363914254521323861838635788151309418171487696317370497136258524155963912202758756168319750000458804700366862546538988631140722098268099551591700166648315226845351206776547685601052101890714413809907876834241058182459701879684275982972047749391532908188992979790654423975866496028457756098406209633574839356429
181 16438876152950577746762447977305579221681657139569978067398635663517921064235681739771577129347027963578031250014525919434533475733363018871114294081264338476506886157467430921817659604635592300827750024615574652243329288505429431569007959974650387660908781664387033010829780836810899592784005057612409244404639262176697162407326861101533370027143018845475979765088614140192867490310333469566681102649961865619309830409074216905613977079218715228287180596098330472387683084370037227856712585792240190936640581383692688661018087
182 13005784907624688501587206923412591441405302389030710734434494585302900597684525676936324368272013038114167931558882315185673672963096758780904719104163170962774090711764512406638483641127097762778427990433674990267976449824717967098774807943674794554245688854355188765382190317641203074317975080789058117648831551418011466756721686528046505646846730323215806903553158371973844301305340503439619646018183896034868210937639566582076239869373865792948632425838134635981611162890840123441326172834319269808992937971352660979188659455
183 10289659675612172937978411122544421715644329877761270002441235885987389305836596215073433976991616046775752177760802216155478723609782358378463125542048416373956331616089149465582216593747829803522661291529364807228130265831663887461591029893446922800250639625488095144069729863650251968199775048483819683604788792231622016942524197272366995315072580584519459771921496869804830968126403965557682257177617897100247855763542378790011892350324351012646418842794573802069543203583263298561326400756264726577288327690528291102000567370717
184 8140769433903860498008148723900696225037300027367799632610574001627209421716866627306770550363525802500119305238728586011534136863332478855356540284754163772213405654438121458860117361058810391198613455462477267744561800577166540181400846343637000427197523800278115133570030075134256992989232533243746622188395491788805207413733912923657869170552728242471640649042290401986615615825925592170715681801887491226043505498641238103987445478883428640822963498668037884353971461328282944553364306968674484058023157930523833906195201633808709
185 6440652953086185319028897140481249795470134877467460998178617436348093441699202892289760965128077814075911942374039275845838389936220930464557056342702461282186108091111600061550194822222596998537621764638881499451716997213113664726475603089567765594932476060171758081373985965078459954597793376680542263829675874089822734534596627850828623563725272595123292580975802311239583763697273247760958106926756063146792249379757745197265984326602661406173688038775389574980432051230426764844323343020262415064268351168490301546547809554814933903
186 5095588420590525595904731277901133173454134807175146041157457322963655338078911925645064432998154126961574222179022652517996920039050470075024889790671552327500664986567665362809891930959252610371220040829625268962895521479833633218859030446172087493957762884512998174636293842924726398987856055523027949448154395415557075636760742233349724375080808827942897142296881146953439013063927351016881046102999228343244235342486223671211132818494735725660205938793547123795659263062414515137935411852104918032374490209470556838938475412504344119623
187 4031426866372999769692790751825020009096194466175855041976140630981986435223904536665222486761836848259649994467600282403395973667573405209415759156010491779088420896966867667561686177325118381303691351351024306116202814367702252328767056303345464489704874103144192762631066121415417389277272345448253580939688997053516342372945525103392240910747526021567743378195746406545559520323140063841784157204403988772252306760545520567122269981091785150186579230984301786862962575153596751616698770891901336958086081200514080613304237918987883587116341
188 3189504574827992181431054547295592232045984912486493230454741351106252861457722052679150270780333431720878706062964918770437826188322791985886475597772934006446949545096387909829514867285797211813501021596540159669402949730089564307870531041925655793075488339106436388468052385120431027250086497479061847989185085508545507446919273658052594592465158229263111054907585525355696328149794359091796357619239179858300827359318871549281960683664421905779753036990869243338659843622901764914285035445320517833622386357291314015679290049260802571901714685
189 2523409147689958403322727634059303404871449001662664605782090842775982406944139878778087107475048792533745568393156053698363699570195734811861575111557074422021486744319127974907744026182516575430566424782875996855216563149866138192853151680540028504170003082501106820170914213303958914649186217313523447865434654624921924863618242551355674262238846586105587443616228276823223291688294956067689244168474081559169007363242952999047204493294516952126891748183944448889620606148177038451893480390269172161692146569948032329112161351767265445167112643383
190 1996420941640681707622629268326563765064348418826214590188886010302912222357301943061155630922656012244456635616630183729443172502753124525189012801302152888625387217882166058180237231668395091651081674692658133722049750432894491426674451977742672224451514434228341522129782170311983955224311923633318885234718135822304226935430163225473466732171888445229926689935920134505426024766986211102038322665695350703739567343562874559845562390595409485157302160516573958905553306463550666191078777005593796624949791136244059135854077618533571506347533246911759
191 1579488835518469586342110614656076182662012717090976221768120363525628075712722340258534116569307447060009892167684049424526698095693760491649832636407176539185595897249556901822101539696905283039818514590257969261569120679080447309985855822206988076571249131514352216603801237405667229617738223659687857323652401543827071062883905011922787054771017739347195597655771690817718448830931309887275334652776535665313787902543813197159287310077213958757905311669523974185966189407257698174143505383439033291413525538220642231384182045409904451034784733869293453
192 1249628737853875675928978904144101392068193499241227850765209646823782816986676466956321152929379446633476382013534255628504383436971460957679649894578198267928074832528050171222529446293912799519748455604625675026894213047684941613638369803170228892752975689662811144099501789178117670163397588964551558823200326808219831121551527015341858806090214630002456074283432510798195244137229465496976265907900454871559583227221543089618346349302432704819853312181433503616289881412417087687393712193494768452802205549256374422605031037650666301367743326447844311349
193 988656549736030253284663563130360500435549318468846626756841339425791477182266952800489122017334131933789364999733670240481855843268196173601418793807081779679849746669256880403383552889210099493430104010517045763779707539742513936154163106119349950165195259805881121169101420040717096844926895027747697029328176184165533294661782765838317641176732666444773261781049286453690036122819101227044002857119992409186865922504966593671448513073576785934704827507878211002208343295969980884852579656712822875077835715221806926377599398986438044617712515169309637710047
194 782185735432604962846050724786946729396813452249688306082093189944266923042569523958917220603299102550666933482812505735391898069312650317229435712258649426917657137809441522629450231228847665257718681244824941835330878734990360331082473720774304512692271286700548460794634483306173359698183291233884348361668552147370116996686407582359103556347992193810821167798713710321234544255397882236025829980794065550558877954090962214990503654498201990690896879946059352582358419426901613034316051808672022205237415432827304225510560249440084736713305739289531710170289751
195 618834240138902235030114874535731457335395051879644777456653332588359413162417623000198395715012805558177516878587838637279596602771450121575607139539084538167304121400842861404859792765259152472226178050857373525376119358382122967453131759019395375515148307579449354127622564337532567272164995908076922692889872046265802838700094706541925908447873639306707832587530294900853506440747571889136290792091239373672531066987893350539363475047109214828204545908801257909018641822390912685966526054596891935391275103865287514544398545191720632556221080499137317445435073253
196 489597034848111121647616276394329645771714921053291047724793777993526949589654747570112872539133741918845489322552487156310526004081135113196484682861854976125243719472796762803285019100140613550890313705053367322263772791304421031249238998437848693369286457643252489865648159448489520888189818707739768224694890557297796705347561376583613995215532411575748043638083043932496831787752115409409801239274814549625974671238355717839267643227451570527933325996288334517304728282204815620069864354160530449944093827320890481774085418931110133180160893682715909584113787097069
197 387349698811524709974519356417000819166560998901028409540242500333540472725062477862324285820371769314751817400428553492561366228342879886645572311740068679727813755688092347680193478166612900934991280634751620381222989934395764178946087990946581062252574959760027586133658537713868827035572873247510473362002123507756632513225610851811657824914609203166722697580214573580140586219674139381384832497452095722461760420484294322572222265383292459659325506755879639543023825244175992806615690515303356573846939709843553206586429716398596584593447139551587015781957431562133639
198 306455673727530061251507141681814224122003845465802082813149028429831756745702924318660479457007584538205866429355902094865052703597144239333247572501392597528014054845678855323572719737836551226450431516759613029204865655699432729218908621821021453174818834771312956486961629294160897108853439999042931460782766850617744170167942825020295730323318047242729415624647764562787503493102941328397424171654075924630203942711699560059501399294060867953416297273089732595208949947432867567013118451646871348934735417687638527795532995157080872678919500252616835470701081085818852127
199 242455538878555412624300518967896153936035013727413943483324189233473589601171800674371776856089081234267655089497173582638014209521188062476641894770274840530236102859964939535528214404032925249657167674247992683009765732351156141704677970905518123765477670848938754094092353177197035030127203391383858203680706234538062584198457837496131666013300031514654985989444003725235170552381578021837878984809412329259524423446179988254148168039287427894833011274335788694564041406449238497140608745508750084131126577050397240029736510229383816167102266670815016765340798796799495980861
200 191821177979417016269206563760104695995071828688660931272453026934977930512344544956269136172222081738804922808445655096797022897025181249013477756510150450791823273364001027531099299828133576655725324261876325234523928399291303832452014245873923755564616332877206915817940963418581802969425362686026427280976570359150899430001003266319808621454256529520867538491242893379074560031761651957124598409701242008538205541986755816517296268285441697547669605238751999022420684234507840017687670095653560418631192914692508739272343776608738177730812198590876778826905919816131865840608037
201 151761285766466924717057447862646920386837038956000564919939929766104375006480096932950280579488413910841707754436862341392225280815218739938203137522108111930919243295813029733102100420668320676198848895442273326238888880095503174631351210531913005607510817595746745959879904347890012452631137535899656323226340943953685332513263679897495463520352304753178586156385991770666866868823063079239350389860842400985198847230845295553211363870609305352089928983403963320896449858893788383639636099805573418570311571062146170620021207722395600583591319870382772163534004017510688062266983983
202 120067492547473478884021632201799168323694538417809084741574989415315525929676990601197549524520134848046607924922806698499848450720589733148185422816832242389269809797208841845503434090463629940054734301865493857404614609142799410315206928738505990604541517577132213476602550316232646464917112484043520910215420342006161013463813800561970433871480714621412825192964686380432973542681414460870641339417083365382563821550978973666143760778705726941403326070444764969708687438036161279663901564993635422000479199264488082851659665929608407257486504973305170818378287765815266833357413980519
203 94992624066334803062842447263817591310729792576832525360110112255564530199457685712094615487942857701600935556517509977700706807106284690758036286028577081567230042224706800951126551946257209406226615494966495011185384472622249441620111253335768619096898413169913858835548703651015387500789660095778240321163360745824641875229895358938545244659334433902588008121512464914318847647388367724586295148642650213472869283715006861483775815884744725052881111414809699829141785317792403216880966461362744973369650045163385335081922881292783670019873854995334806339153222732520530472063964383278229
204 75154385550611626871836325634185007440248175578955302145861597717974738786443382901455572427892012755847848057902834994217715929661837648483253879493409023437139094341095588001197531269403588873491370201797972701264097057515342534406877827222882787080179133607521948278500851679743511527189515155397404819734136901715083350318631093380428588813057289883525544828042488858758087578729447745907302544486703100667827435279761772142723113273081005081591550057376533137505983548382349682479093171711933793257849484209100279236063135081258972196006789879561237839488737156117769555745074727477676253
205 59459160361185201001886642162026406938185858832766388817521310149521839132734305581169721923933559433091710391466711973458987575690755213145104291478148635947802594980510703727763450907366180206304310517911898585437091730865459682190522842371798596501801785483298532110787341472825625796058790654937470388784675822777859347742841946601243645864714478548424253956546096953975648909058353753756416199208735258727582166130146416160453281464668700162655359123681365399374273977895940144839986498719175896446019506876897396353700122254332265157508734311841405110820811764189312114391278118114114809303
206 47041722514999199017119558235078200391341733079705049372833132880071611526503596603239912782099499767848584753767884354895188258543349839481069719831128212455185438968152654720529437770606545642895915195880762779936717310632545683593579206728492629603136105498813394864415652871184823630557595388471791019831783051457125537144293818210548779181276530905774664740392573837647677770864714400485293914405558730888466682782337839533317678159879500335741989562542758343048742782248010744702341038115850780956916326810788718781759840161240768539528285851121598941563932333287996217595001759049180869115695
207 37217539631164618429159161278602614501581337406375944313564933273131570546776999716109007985474994136687429992731209018906937919069068759521788788572176457476372960708781149529842316471130055940708648264467725810125936482326346096548059994031036650834507475459407959417018631126425033025125154615532469863830536709635514131695483904972627840604859038061547224929057898837375723970316232769843407036019292034470362730155205597583992801619129559385713215479918518162842124507526869292045924699835292723583290685686826704279962331172743073991107483406207222733296028593668882548756067373155945061822659309
208 29445036919208411919139127694397032517028870152247025189334077496046807304060928581703228532096702791613769172685398714767220869372532523476985961482133541419626307068926063881199977199296516020257731706557727066263483154195225256949026776137412536152908530675978362639493671797828823582947307610570292699918648415881312512831961151231602429230167874330225219265615309383819378373261093580858301880172397951791331363203521824836460540430267253022631835370222488414316743905878285766880210998969742314518887421885330481181050788337306815123305079538844119796378815885781059649887688147360381122154031802133
209 23295741947636525039006516420754110846481984464970246065967261741240511513727328561841290342100794104482892992784634826683804501325514430089296593552534649067108782954903016134595260438166503180065211599037152579691549065469775848907700760062853364176505374708828549691529720033441327169603769548823047688793640478903689229422469689844244989536181730360630907883378881181312153715032380376637374290060144083848119492706697507283971564350386985759403469976446789187534033240229770491044497001954642408699983720414579975874932413450547563183612739071485707598181509236957472080891069159191675482259733456796543
210 18430664372400504741902166539230478025638416749287649248344247057187236152472706925933457252554749226534475529409398324068590798892890851623217908353746732256119114909640089362069440290351124664776069199459315030942553132524944354438858873582786081886751741219687981620363120681846590813758624388242811958498887659680221260266229273769430696836572506096609091402254294746641263702193959895003846330284239474438329517462201266689565873888851604487306099231639397526728212624377392890537801198089955437430052374929063205922692828418410626898009866041884656122724556095326951975498389802393837900459993770248577655
