1 4376
2 161928
3 6150512
4 235994088
5 9094954742
6 351210375464
7 13574876544398
8 524918733085720
9 20301876944832818
10 785274659708798830
11 30375704525543067782
12 1175006427763697066728
13 45452565752953792429196
14 1758241698275351468753506
15 68014215318381428277750602
16 2631002448666681971318479720
17 101775447633180046224383142542
18 3936995225464207605231086511326
19 152295405321210019382735056604630
20 5891267403046659700478646292494322
21 227892839929619165355344743527036716
22 8815615301346909139934211186359134990
23 341015863276567107714941201891832729812
24 13191571468757719089369946224279644584444
25 510291680691913443727316087870178005131460
26 19739695163671658257817594415327043396230572
27 763593803301991923757197045633339113299167656
28 29538221926716487450410876965482436399083754810
29 1142631790446119869786520881008900637884959197172
30 44200609360015924135435687268472494305099703725650
31 1709819282253606180884915996017563886994502347606030
32 66141214347775828652245976136094152727640553199284312
33 2558551234516627634981084760436666726861325103649702442
34 98972848989958695427881338194977757138808861464521076278
35 3828582638895510852782969431894154343011801149447986903836
36 148101678111169404874027677676566103467274100407863246954410
37 5729041038977024766402854332818443606521876775703445449662930
38 221617416121699253289017595166468967236008123825390762624568550
39 8572862158660616704017474732968910102012168003787591837441489088
40 331625405970068766715297040271117438437670246788515871553217574018
41 12828318926569054585002616572848017176058263918357996991070229568334
42 496239924683645596885974544591758343273257830496272405861394407775776
43 19196128834933126774845588529217097136339676891341958057960946328379072
44 742566939736389833486065205055883714716819612959745330943263287471425218
45 28724836383991080174710018632256410190275053714411524324336455996228957412
46 1111167466706736118990072862222864110674518277203418592226326372371523755540
47 42983469864273431685847916114632977452705936620809946465996990383559066552466
48 1662736479361416434515007048654124306880702144072839877010495232759739941946644
49 64319902709788617163203234044398671552862862100606444485465313066728653778335622
50 2488097143442435972803006716734355788304375059110534856955307485788668960427485120
51 96247462051342317577642323174469532503782436055273523574682468921794627268871949058
52 3723156057527501998042048692675441561837151531734853390309238284064976992665740104524
53 144023444704539163237089568692110822164237640010088008542362497549918644139879455239856
54 5571282080057754484649806942523606034230733971195543369908519837768852068189539735868264
55 215514800935700731746271991418527443389394441170385035162748355975967498334133160347398172
56 8336793713714317222091514463036751822591071774250638555815154374420327844980139813667020106
57 322493532338703062767471645621154723607257960305579595383527603286824361602155464441542293264
58 12475069189874167319412686296871653802088212171875350153843682159990828632402360060907062094544
59 482575108293018559248805940240374152622317078243936795675805478278637115634255363972715029139174
60 18667530544282903111182424027163200163993610970029490024250415556748059566505529768311889298944098
61 722119087025393871721282937088750028858902794919888573064158221450221710830520762137300264694603626
62 27933848808196480387742383636875114878270073466177696389414051186250871058810579370818025404374293034
63 1080569567068845644267179110062352797922240860213442923790048927293160177769928839441924469303923279538
64 41799846390402918049968707787870688947669068841321177698073602056319127380240505081764185075611636383804
65 1616950182116280052756183601960279474694235228148211490374763251623478829647356829694662277470638312890046
66 62548744007972159703051597656525735651634077964330039153803763752232717239927190864913452815731678465158318
67 2419583126459912108323372407026755230680174715980735372444322519965576682732562881995740942198470277390122188
68 93597123310795046738529749131956670317932759513820452416114800735205514563371734645920444178176480404975565954
69 3620632577676110297474494503228992490086245662724970978675951965684162891009398993831091218699401867468671463108
70 140057512440851133230700292387589907377380925130437351263279383633660988619775877604956015436067581276807697438808
71 5417867284315741298269410772907873821131638692851023060649560879055779973952467219315184832879923600727000725335320
72 209580231712706298131323620524542538392278952232037395387720792085273060346642884318902975532692920997546400499311822
73 8107225817787654153603306039732509823298412231296626818335569127088049501872554387964644348937237112868879046738597450
74 313613120490780695423240348644694717579184138587440343621413371059308266977446392138727980272409002394198031810586130322
75 12131546789799930310384640340786164255829687713144929008760605023517733216003269903631400184536512876522275523043663040308
76 469286576029689709288114397753595561094697809516667736429170090668820714038784715106967530619246346803911363281249942621706
77 18153488113060453584716117929631546517546962612698025998094554114343063713007836461418636779977867506935724299852880001644112
78 702234300966192681770295800142890987961887673585357601979467346949535528045545182615852183571901860289123978001688919619771496
79 27164642430271829270305682643340556907334955356011842935680666522563803491066992186600297293543304421801264823516624154963173970
80 1050814233012024010965447413658156191042407637006511845693469827370634586525057543014130225013090094233415157231167023650349931254
81 40648816016445490710038574252904846582637288387207895754637627328484601475669567631638385748932264884510801437452673946731965968716
82 1572424688998220487913522616130093830594200107664529766745634503460702386512717041860308713091318725254514371739099878144660582446726
83 60826357195024601241655752404432228670422327083521081368478142358800667954338638695144794610643459580351489399651630240024212598814552
84 2352955760300268465871301346131797030861349490781948966773830015524372124781387383287155997266543888279422744792337311691003172863818504
85 91019766187528226076324305356416138902453375454506097656758664373432621580102228330635304046793999064109697452170575766076773886438622038
86 3520932257466277912299095385105879834901460525445347881636004739673573119608657598150090548556910153599010314974050354162007962625471916556
87 136200788915729442744730661484723669578599185784941373251194580807401482015238032258085584979367577403142422571634672249427756015670320395502
88 5268677027775720851290818824216385109997267893008018073506802817081864772102529720662643942169291543240081569430843587633832513274185642759554
89 203809081019249520044262576047180947144795964119236866961378160488834284455660879305988808038074612121757354813150293498292897844020353783345532
90 7883979467127668312927203250177225931642012746278463421333859731767690619236411565398975951198295797620630666379408165476283939033355584857660252
91 304977245995334266752296066534667908825361371520946517719117754015184915265548205472640385814220097572203834763409166070142703715455185189422029612
92 11797483867469395856680671806344811502932666124927817577643114311171219505733813416479101786203578997101754255170356178244166795532952161699642068660
93 456363966265633883757130118473256989066670252730297312404089939371546284516608600734928804355383275379827406097109039746872392765891816977967333013814
94 17653600720742065874911857273512701985402919762649422008314343566021843596415428919788479249653003412781751017869867587081284223905464387763824107414306
95 682897076553989332883453507923061164785913614236792976974745581284925062553087153934491751127372883456586905121200718235512273611903156920022754027358040
96 26416617467622338808407311554094115572924663290027392665421530208064490605726985310296573437743675269658147268071178434923516288156075479795042966723793832
97 1021878263049672233956858048434481395946500830521261854306843320708446043805680683108437183830964559500516909824977556702022639586293499685458242596713364426
98 39529481235562701085302258419252867086255054858249253479961811834762666877872874484262241850139734160991503234488659884347440017101190490226848930308410462446
99 1529125281605827269145840565203812992225686548769862873985340357958844502937329121222378436482134467122905085160389239860593082834286057980954887866881056418788
100 59151399253439152580626104919439566808430487631638816819615703230646913508859881221685259239021483794928633659909699345952492141329581165396767598471440912633672
101 2288163092801243366138758540054702150138451608674925465249605533663635472658004497105093385195471279830126018166122996449967539678850293174466430943818223849578928
102 88513381007691723169956050752553763292399793184433323589159319679050109810793906639539346925877412645604924589835589557914771171783927420814653619771355174604854938
103 3423977356361170912743288737295451168867555240754224940136464086041223715979710952633668917437974217165306094511412716977711239004249989951726732692560887002279399330
104 132450266879481894418476862699551039609730013681737844142211788486206557181542690073245055199136515725892034691250508926353100748181565155774497079627338138071928517564
105 5123594980514084046317375751179526299350020814523191926385503829426448204685070659390013447722565504994164152165162410217129691034332413694732392580571316361923463232276
106 198196848846181835431507245005659255732930834574646022015445434111815940213730830989301988037393437739245506541013646522067077641286722341086697456228198014631812315667684
107 7666880587156565009341356203723278818389717013360210595096567380253953949832763377556779692009124916609984111990651669584317016467664283904045148576213119951556938582470332
108 296579175097468171117090439344388583639701265585682248986218621142831559085965880510591296503589003935701026250886553972614091728603097793210978940574738407882595195622534524
109 11472619939958701448699321269576833886746470757657720732699632812591323106736397755475581019309337649898453805347174672393458989781669419402417150994281564860372805829128466252
110 443797202698004324611989327235215517693409371973740376803347587177364418520982297241339799737816125139362715650345543527475735291425878734497464083353770723757517663695877713796
111 17167478584083778946800823137620458737733707034327770851759906833663606577731036859823810528885378953969299956675383953337974769977296453553375385696229548911263104166978266855344
112 664092335740854601686289484008131820921403577670660632881365230442000819241329881801541924674644913500380236824463242272878539145103827173602085611318740335440189755577687903967838
113 25689190653694409575645538826495376860110138772566861698951922280374678641421443546226938998911035383365326057307001167041909959719876291854064157291493125934208967111904954468338044
114 993739094587869358962781050238053979456391298007811367166323812956573954697753138247632588359472456224071488532149842562647661198985473775069790883985666668884569467076319695175012352
115 38440969255304338666028309377117097901806120503372411274969828492241331343064687766849167578638124146494242946739775188573671915984385348670947395281051344724392898472175163728567353356
116 1487018197568345808746458530478918270011569388124342454592612023302655495716242910022550075179508475412586244317452999388835511145648659074722691808000782803982932523083262817383920616784
117 57522564147996678510728123494193441233614531762114467773697288084994249429023198756167754501881884013589962979552002196412717508510616090504587623085152066143446168570654772710925529115682
118 2225154602392357645548028432851070520196894617115881284260507692059686249803832943237837490188014490087955866169438301060006506362083388275045862011549679509839942322361472569917193146244130
119 86076013437247462704177760851849821645743135600216315396086842426889397607025443693156742887385957530999601394355456833621262091905667830047069759267886545320017899388281839894360556799918570
120 3329692274542807492452116995648590648226138146208936753996470588664401769552237773863531139890300722520473339177503021556095650453802343102193926138991216592133789204704496437966808125206627498
121 128803021892188017503541000410241277286856677333807612309608739507667591344689281609493292981441107158211917391099082223257801313835083934806683650566486181917678624499122830573977903408565865074
122 4982508015950942805549024997683357646613299055696847452980556612579660190029230579978684645657779251876219665815898942501222957934488682167313623890766950181628912368006743952702907620591139635614
123 192739159099815153203975267608477530850870563391388923767918832695490116640067309438930772714660858010899545280490527151907656045369024166415798855180819785254906833882555899025687307724845142207372
124 7455759896738240800248786004825011104521271804435595856472131718984699248144841329527990448727405102235887429710650704516097772485511982954895376780503170521339285476207961575585781930216000228512954
125 288412359467762849761744342224502795228750192740147867198118791604885813873256951892399614186459757075300885992842529552888710845842184455989677521963127163444530518630639192867832558530045573472511376
126 11156701697187503251436242283245588863926721259207109606489008181663562333785023906699623073131365284405916297444566180431745942310977696670277718604434132298975074532317492886674814150510620580177329050
127 431576486492213977155742026687258695974436364404441518131694179556265952342783632293848734030402971626487142376590406974614854656685909489981984871622722671792648114593642553211765656013055305898294927546
128 16694742653190957226579042220928974108150477853154003008451142484583619084681797914001787153626730162897922646266421271155142032120143669776174756243251273619881744414926811795800251455745601948386251602064
129 645805415678737858299405004396410895675773121519964228800955689376395772696773268813587065359388415612816422065708985824367874649326298030459688498860025685824766577985376484509260398576111357860149961916936
130 24981794783178137542294194714862300893363919040067428792079175231365368592461821080946926348350300257582232713272122978320308934824024584894637160815385839614872019395922777305233151551544273686980607390860002
131 966374786332368017305550546456383340299791447945189761457851160762162620771499262734821014376449358125041717400527109544386757009255368389933848115723926158883558111170674049891018648477132776177647823173620202
132 37382431317055412578058648414081476367596881610506720117640413933926561255902148982171087896382762432425141471768762891997748583792472226244528512692787095053039653502663958079529559778959938469089734820388263586
133 1446070604219735559892185264432910867162194966473182164051334511646441786591211391646207636167946543978403786678867826771101035596307823632008904627435616468714238469325600124452404578445063568354329900480056828630
134 55938581807395055439286434150545649433110061413939786920159368359182776684189700421488045820148543247742007591760332167019320491660110906351921700348084464776760686578171183980636263076233417130291741696484983042244
135 2163881158701119291488940370198677097842545104159398921851565731490322578906440532704933973803748523281991598152505212686941016175322837747618174661161343959810941063963466079576827241888101664432351554265315378044322
136 83705762958092903520038080076299703966072696832857673959803179536031418720946826914569402103359971142822744504421669911457197224845011577404307442347524485322233861622840881842124755406214813458297392318836687560483626
137 3238003493963697295750476905019547692715490305134751015622334223080908979532433604227759568631454103263971667035087793117671597154707147109464955142553337361932109499527686365994180477451071842976988423497442808625292254
138 125256210043390149237404779786943558056358427863610241814631320657981114429466782863078530257269554441659801902011425353309141327457995112214796837712642634199815480596270976383413383540322179158421911865633426290818879168
139 4845306122640573347903482888374799809285343715780639918072283433063296706564735245582843571834246778767528965710210820227681439143611122228851468943443067253984715843971775796253104476931655440114214116007047767369484657896
140 187431756189697380592020633629908740564452703014032138848308969710731167784375289329946480671285917005825362916049935523151321247527023335933297358542862926339941816236197245577805471730359811110609525252412791258572346189948
141 7250452776182655303704496195494445028813277592847598207336476213528178148506421591201909931198671061958822850840038540883852024654499336324664112177444754474568154577508867372175358211092604167346476599601350343026783909047468
142 280470431096266671967516220799622288975693795535731437002880505313633040598098730214281754195701790776368947955689585687006653111804464741087941883238695967292090315402842049131482030692792108006534428573906891012346637457166024
143 10849482804402442657592480782979066554717377984377377137334281294456602872397939532741487205119615026684439390738705503938616901585951961544364835994586130213140206531302727770544293769966337081572502294265018256643066484811076514
144 419692288641371652915947712780046680972595673543886676808522802908185812541732392350977091242307028509073819906247782400540389111066120958543628441303722319952616485317049004390052942175028537161457398144235118607734107181306653230
145 16235024315957130579257536067096138766422868285242071636789803481348669954133005769547805294201376070372331016312445259414463899459626959655538041571293504176846035336923657933950112290153424974168248771052602165045801764492515634740
146 628022057286227167296261689363035133183185035015744834603756903899023622294229637230291902065578864734118095992306516932989485377117422496218092007399541664154575779441221502865165502677709404755733870733443210323079815932270087676418
147 24293878269733455835022365336287054246825036428518939083561445938159124293895335995599219850326617306863786149660497118266742785551594547970864890937154274677261321404053217322956320818901011124281286422116601295468222493215701435612876
148 939764001180043620538339667218180524109571375226226170089001911060383450761434947125972228415686522483572981795393938254216719990467895128816765326384116116295598617301073604713356343312190001947989540782952804525710732912468357997604758
149 36353042034223328585448466353563463091595319689542011836047807867070032579199371189450600743399370771942685334416680202101786926167984701640844689048466266042145559185224287925384386079452606625181910161037152233197491285984715490506653320
150 1406250572997658121102939020434159497273222827072264889502915772952984830301488300665212484720158489408193078658239448930658635876005951432761729340496592661655308953147461468061620946855660993210799087061527047053263092309930113708198407504
151 54398217133921109889001129535689966999091778460408964296934296565593728257365847098511070365119521128447941252714672147241477679390168289238314257396527138747723354531201684631903491035286820742584077219132241640191969930565825854467666646062
152 2104294984244003728627895597794336186973280222362103391714965826486675661486081855561807342438161443272523442415744678214983520703083008439495026946321190831030183691067147976028717568978040120099226336532529314968915918516779592341148797321702
153 81400781386147066391031431634181246547199261556463412159009468850236755761164319707449787926715301563805715932777527524922903048081063128741030361423526850523216680108737640326539690928129993576260579503030809177727417147797764661069765719080654
154 3148839521021724839746611799290309366339703264583832998586824912020386013285268366442953112302974109683486512883918769863786781101717961868830275337465991806199506092503201495742359903201102547729076002928073928073117835721404660203969518754860360
155 121807065734576728567962854088769847226862063865758084009526653136158288435070972585467273869553519495682478541040240881932639511570233428233782454758240113125081807533754542379770948781327911701654226865064991828143790386355374715202971024557874332
156 4711882318490860715940334234926321238817979349960787871929980899194048933605372775298167321161452093596041483746121371736862765757814139110785347058681601197660723880237396930932193488446451944678130813539627453297567279205224853060670553504572890852
157 182270501710349396559972688465738807440486286402093754285473457024776019774635500594232094286998480745095848334338892310934688838808753574301616183266139731701360654854539094295981354096933289248324032768282656273765154646872124188787183065101767416730
158 7050799138884928743544972784141708025527746645686708144387660990183467486136041945521251022566922756011118105375849531123853699606849144110262353745874214719301401903531124675969897775097445346572739986808220466461104030914087970857551477414070296229398
159 272747197327090496417833422732389065319384751941005537175708032937267081473210560851741669803575154107749731141975758278227127106062405758655464791903278356168423530434220711959439376035318575199280625175845868506688241077150458382640346399973282489852890
160 10550723710099568937305449780305547799324207842097449139002363055527765316593617148309830810485415717479399373648989855828403215335851016760226432953244690239228620507067791507381479119553512265939576974262743975467514390087416510312827115145984207982390258
161 408135342536114206150489085611075445710543992080640378028874464066187038435043393985029032883528879348062119291609116864227272001965480660826850237589029783685527597670737943502606721493615129951002289568654584864358284519830262701866499765673214499743219640
162 15787965110641617127107299751557233985194277802155501978184886215366744876094662029951167943163747644153858744411629746414480763034170001494122759877921478175458299784156842320164424733442146367527507726114391876144979004934107558717863618947461060898724049856
163 610728394130143234548072735882339848758582212096090800408329070070355989903179284004504337843244423941352018629737629112467640914288934000538210490262419348511776267526985712305399947048004154669915582930024396487656387024345934010667757600687415968931975494060
164 23624904715895044803272974852239124332833239265214151503573339134690640536674909328129850388007890201075890413805957054234299958323549607966544051354345828651221004853375873632774777190820115061739844425304316220390732275818235707426723774819381058956063625281378
165 913885989581456808637366084432472730385467973253192202992006285023121727869352992416854116867346674129322439955832745810524094161722694528304617557735336964159291425671696343274009889587565930784311084924497427908194333593576856063629760114291191452898159752028388
166 35351998748649215867006171863726266500000732918370806421469687624843145122087504726101814806701235283831653956063908363730217552233730755916563938979562725438998275764231290907032033681705362749808664861884218197493693394453055599547831435223703878783205231329533204
167 1367527054547433058060792363307960965067274177010142403218191386386040136895836898876820316143723017943221470797704007126654875468858294364702442687957579971682783619211377894791573519945932003468928870858435440595426111421623467057227004881017171350244224330035981750
168 52900269040392936613088193257216952152599741009728213705163644368613670441400600808647874646697215626493511651676402633352367697200726006277035215491214743542111579292054562606265056326298864321773590486518432426979544598669289259147142491506733519823449960621651087640
169 2046349617172338586806512247121768096207203095145552280289174341789168089851362551448960812376105923614212546196956751049493469088319619990936163977590495530145626711360579549933591082815132289946469535189033664126932317689297495504838910463905667521141939734055512865640
170 79159271430243601559403843590760631768328124012839906910200942481311740876323096010152446675295315714157960821773708130375831242861015016647953557206577514795773758589283250759197429855490117264922272310864178860709393678130247483623054960981875233655717954263702883315234
171 3062130830813578219964666121821794337920368289702928476170767505327231053533400652745268153358074090249047633785837426789253943428259094702769623378430775551639024186989895174905016685824762592633785096159258454398332649746773567363545309515856311476389270446951733456803782
172 118452899522728711015915893837808840422675500074551540280689022294561654273163695925596896561235136672833914005697309318815642759363982051238602415327319654010320894419311317931775888083976075469732507518085454663244745692594750065550805378408354117781614865102500344605671512
173 4582132567344857840773477270587984364567912527671150516846747473297147884255063052896350920167579457810254690637910883646180976584561710950671948502419595331902053680143008073247727189613312627429572270734538259104391830359270107400028674944845505306500445964844368580959692084
174 177251371214376081878852119242071160971572639933665821672719587096519447102707273627221320666848853626103377434332210086318961867728547163937756190691527707548843555767554156879368295374501678894262292585782545711470093247906517170358850795702524519373276401828268394393258265894
175 6856643306499076827253545765605630308398237031270085419888770927939178005721623140333401069880642101236891464615945168920707297932467750032910842238101251189892652264832932410980007579800066708385398388273599580241604786304540886375488625232932769131976180109364586238306561834884
176 265236636029733177110394175154427143937977810566964524466473602288434698205831881382894355561724007402316725218445985452125565311323602655126802838305336226977838059454265114436251901074906782951228957401048078197013066163750460541754982629994894913962602448998083473402610926937870
177 10260191459235947011227093974704779777322509628575343597248082591557079374916748614824221910650935581885029092350846277120807282607950857774538265332569102685934014957174071539442124491064180774505342464100258794858136573572653956734194196538118708088858002610213621832379624907965272
178 396896636739041109332692620415309581404127134788058210771988736758126662724829600551404617337563804188421531100947677027279209771611513070854609757288970816555442892631216010231926940737171173901752087740652671793771890432756922911233337064114645576317888704424917387542767562277360244
179 15353216446361813581499155758299820793392312724970116270476406315548072372772555081295757151603710818126154629313711743964467636113800456562683451584094723879477446636842406913562028414681022199984638072150135809831217516414368290754624326958908122640542480619204248432597671397355805410
180 593910941613297710694462352150542041324264016802795421891947735360931282144962082901130195955154350686796360433430914899308199737540364816249504878625631076368771164417917558993373337012567844178166014968225127904478607420992828462339313168454451023481012667087583966242011286391654407776
181 22974352494820647144594209508062151911142969775178783540685195850194801098952187902933916630637250310012907168162471470434509989447600697000343210085505589241596912476367713877760676784578001486025428165801946209421912727447344331907558303148680538006182035729001092467295121674555074273676
182 888720573361556241297068391252281843517663618656220681772809875949681862953847910004800686721030694298466790929271215679394496905971253572878732794384544662912290694265015346066073092495715802112019271266114794765186902143941717888531132586377932208968775364879358292486066230746490520747404
183 34378520904741570384533692339187572808888522431502473478332112538908186166520777458168743419945029218419632764645842781141532185439007411078430206737811612574650938339834479396010029670056598927430407131580116152995587904209932388578416751762419489710068655415773219180377869248538327287215280
184 1329869854511548949073369566314998335638323068870235300635461387886505585396150594265367380696501213248392634964122260030762732211782649733331237456335342652795906854904584135712313664150834189324889455904411478212827284205957130594407922027936429087519289229598677338907592187678049557158880860
185 51443569513621659709545688539940007415803327223958381415882801813349827236354926183353154093913269997310004029603380871849448315111765939590201717664757692753712100104628707423720784210524571761277859631486578788746737846468240502739067643775470903316860624606714697975694199334014600848356734016
186 1989999875044044348566276210878620503500297579950088890888258307863654992458868128165892752826825776687407267753753339418283515179029073661794987085613211504902383289506823551736712855283426070463350603740767931091263193242595650544301600044958556684544956274668761874292293263387689608279677312918
187 76979485290707204289909174802556760146429914740005432476346042313783167789292704701850985486171545249270917056360175723445563866282586470542585212636969603753052337579411004475591865689995060844498949329312585705228945568784704258559283549146101416385653674093181240678409575399699308468113864185822
188 2977809812923255151058844648149134409971472295610561161447582426146239002515434868419142434956659218636563222309456348952977789355351887698570505030542893869894222956078821692594754456003187895258734641008159341530747938856142552335368816845282268237775954214474538940739116089182545696052703498092930
189 115191096023247627032692507519768384982121482387033228390170826596113871206074450290968567482227485982303350869341417027392875417668559891963417861594930694196614800436273297056851563196408237464169590666043460097322437299991564198443236313749918617824655212527641944119130771766114737204137450692485156
190 4455955697859414274840160496702038375842071838860286539216402598060339836951172601092151577995004053450144807938524053727656692893005342136177709550605276523319306930734792234434647733148827148115951082282267156052736937070553451638777051286312400147495521860693153509405209565888881887730956902543832828
191 172370451074435264682414552407998130246131353676992401033830895743040827698619529566400085297189574994714791815475813432859819121195818188994108614719888707864870925085010931635744133847182522770612734805251596154412320718048044441622484406502276714221906658257372794653229694930733124638437244741363692610
192 6667833887549050662732010846967295324161868058192712038160564538431399769838571843444502575691917358646428009423114065315056865906637358847892781860816460713832881881105906658128770578993732869124729979030842504337724224213812653319156737175297360282105511461731656227281722171361816303637859016092708796144
193 257932890903372893036621215312685925926209750123104452107186583206887943121115717672409071932647428970245411249588987536625945436770140372438062954891879450846843172514634338599710569390529253083243854370393623349138664939194600619983755002709474456425076120403442235741156807347013598862115903394821358197830
194 9977659511584803574145452855045057796539557557645478312176608215686455901572829640255816876078825948934348463467284174442009215007025383762517083430144437173317089658160441501788652952798183123240187118052590393972359338807705142867180644232446240400364602034287510784496254480856752156825136281384846433390022
195 385967407958117350073695716173832587076002326037199622862299781815314026224505286762686320383543182261601365539334552621929839350055200539280318320765512903220367653673690174593730240895025574718937078240101656198097683751905469081045716809245762046693546194744559136521456376994884632458981155025930600751496954
196 14930439331282209160244450490564201831429395369463426832904153879597921872600399293792491036513791876620232623019223669206774286188893971575387909808418106416997658246107756379798837953113454823873440636871157353880259439536838472486866128658915602980775788477629821599394701496063030122215208380701141754592976706
197 577556586459985091217284700573264029472706712537636722369597154562550967954490440413588736971517254883545069608686676726947525030067592699067040665375828564240878625842166535898092922264032599558046455824194729457645784611342075746980782024355888948077691102055899950615133390512541450670756825427436756690530346972
198 22341714343556659642742085128192476238803807438863380717580129480389837678731557487721333420929260257520135824192885400434211678326322226967993217773851239548612632018679024838786444104206652968080911084899253110683678716045366408088468005441944396426295983804224554590659957074509169592228462855735449539854298620476
199 864248129985906053181454583117288240160791816774471444416336467428638764077541978465392999841327591908705941389018973956611838595022586986230940977190610458182711495020663194102563181420380356860909229378294709398941399657050201368037066314302296532568609645229037393564267461292272661505086120335878183572591998963142
200 33431849440844200496890959488471688840883543112259713354237587353336795220513943295943607172593058566550061943002941209067849362211625652251464549692627258594983508174871131113851014852740901687744375945252558090649140041028396251182072782415031312856073141181408174729170199905685934610006213944764513050302605624794432
201 1293249609985851716734893440740615832357618665577976928716883336287777361759710481274339884814477733030240888775201619036919485943813005805264204280415450115866980943900343191710637884797613260298492238008823577100404098522512623992507757811205908124031731383315768396805686219858712040187015080281590763223235576145922752
202 50026982703662378443466566094948216722706446813819501808438148455800136539752964099610471093931000012306812685519011803145084664970526504131110875821969886958048767734902869551196024720029444546246885567794763050964527529889067333031128116835770928410595142651559646562017945739851524557445578905471602026906664422575057600
203 1935201819592982177351264639861633099232143163226797820447182860018647400744489537375094114091979765564801758760204420079644156555314568965455821842030902780328671660565341629176590218417230420845481745508302069611250217837026014599030432515274516122898345654670491624544979915723502840230070837805146867959136622933036259186
204 74859723296520629475342606853137764711906304446155516703658398921922119523946335761054394455572747029834082256244515326475510143412023429785064322540375382051495904868207230353913750817443711558814321809827633202627815235198786330315971728557565702828108030391382519577199733920308445473026693999271497611389842419070212115242
205 2895810718703375358583306197330173999267540284670954557564553427475070573452626665622754636719201546747434981736337236267930424903487793554759495574973052164095022476199846554664720990920405680575670642859363619302734414587713136168418801525024542219403646073183298690082992833854857740447508786106098953312874377911399501073292
206 112019111870630108578840674887035821523272957168258895285975909555641766585353924441489081936885071188212865404456692994292892642071971351239941274401215358605055587173218538135273687336870353407465902942443295116745818491895456127240869435290260056630491441901903357132567853389576701653862804101585603560505938992119470800841654
207 4333253324617620844316515439337160929886039136022926499344910337517033001633935251612609069926527663225222916992268968326350019154986267163038569491896013120261979926225306613490403625681140330981162502706699578890110173492661569895699798136065745581441495287593923321008350218919479388039036451725675701995607133872498890014521310
208 167623935431617726589099513127752723685464274449743471689882347620223805366679508620620100284037394604754731515267050063401837495989810508971882904038972885850634442854794954320363275210960014517017399392894535320768252271602247492307392413717088630123281419158711656986583924854638915029009474267204413255351085602520087831220756316
209 6484223659382429631590801796363022003345444930129489710139953754929682688493166460041039746578717662900978937069438239996269649529409915536068795351160333671424051164289934243630751453944602975561643670411981148275110659949736200462426191805354200987627353314774678894394017839466061878618700413893194127412452756562537443283395940488
210 250830266910462859899111071106065169971236120517240934819700698942569929039383947782985676727439796880338875232319735888712074423703456218834256316795527539823567116742815573122472378116102407246068488836756915075821886166527413300309452005793386075916209685288734802424228991209814541289943353527285516727897963611333168854687453012940
