1 2705
2 95564
3 3750866
4 146904738
5 5847666690
6 230158920084
7 9140244711946
8 360781344241798
9 14301931856599428
10 565213648367033108
11 22386943865650199360
12 885281331841518959834
13 35048405220530170120114
14 1386422603216938041604464
15 54875873681420061221506174
16 2171107972469934434166802046
17 85924111062716631974500759310
18 3399793663151979968756451693636
19 134542404761849336856110990757274
20 5323731130305395954528831261319578
21 210672950800863795620870697260355012
22 8336346256020321091807386082832708120
23 329883953495250976351105500290710747576
24 13053691612627931653851710656070121779606
25 516553206022056856870697943611296726210988
26 20440424144851520223001039496215103613164540
27 808853159087104167783064656204407469409643844
28 32007069723060803612485516259444504293795643866
29 1266556886477313208827941079331445417195876513826
30 50118913562684442986822898768027618782327538553208
31 1983261205503463534514925674570105189390729490307798
32 78479682143013446788995787778420119728252211516050054
33 3105526483180975846677794994414131973506675681266597622
34 122888925723664661823594334628576298836104705729800038860
35 4862847066253366354173146326478969461011162988536864367434
36 192427980150540982937675880176774727266746857920873731757250
37 7614581049475104906898675761761872186299226304767818466301932
38 301317027696675441728877295475453283183694533048129933399029376
39 11923436146211451078114777752798264482361545400004049135223514768
40 471823011093555597449198626996936486761395108636340896458187801550
41 18670538936905711418690594670321496163461102306889985597242206314420
42 738813046020219574145440262807652143550744946355056127239144314630516
43 29235618240672439298303711353738119122602198049057690538318034225197604
44 1156884468652088577715428721179983153839574591805783253693891986399067154
45 45779148675056491387793691222541420151332413342434831570632607507736668314
46 1811529556228206660108803036528930266291521856195033001229869822748863095184
47 71684150515740683868579486913095264915257316086482980427980085981180031784526
48 2836618017106964369848009499974892604369538663231496341741571458325132149794222
49 112247990410255208839664186619447118868476967584604217926365362502099263950174430
50 4441772280343581173916042265838324875026043535511343503443335133399296411466669876
51 175765650684061625986954069410690418496208681645499540538476357447633529469287099914
52 6955233613565885968292271406836801473560015704276023418010887253513131747808477128394
53 275225987187941830458796337752580010782532743492402237859545838280486241378404503276276
54 10890984848985668663255346598878061656353491783890715514638406300305007605458034026978216
55 430967846912161076859487094617043931734136179648169730388871719772057645354844666774702280
56 17053855780633743071379190362500135097551385275718238379007531363001166306855646762901578438
57 674839200273493019399743860020578764599110204268068987113959139372641405687817408541927581724
58 26704104449782609969614910510824530906355731486883848949617192524561084989454211569440410562732
59 1056709797515916696847922625682921943213484599522747156957647408857020095292400155113896857173284
60 41815129881152574169457173976072600304814268831229941595805291048744335617049037476282413819297290
61 1654669135610044530857682362718015418292591233930562649846255411450632028135139882658913068720247634
62 65477016472739608254925976173255543294668474129535035233572752348190226891610764207118392509944058216
63 2590995138693649232998822956421181498623385296436938625446745639357047476032543635090335907686669895238
64 102528431654266595156905150165485483290296697888774787769686789220747602353291946718333236399188271198486
65 4057159020072714555900730845805983299079122638709142255464876073433433908122206599394931175469020979001510
66 160546094854715490514200966835419166585936654994085836266255483939308223213063020945679480760272956319489628
67 6352979620992255176677500269007418779539473961953758598181152521670473529098953963205679497989811847653330986
68 251394156305390212623052892807434859892000538512953152650035947390264859335581404359870998374229031081733395858
69 9947933976738037545606821396924193088228406535859358059875935102690313141361067863918063935595901758916751157116
70 393650321308743598342105682731976621217677099839162277999949513063327122408610058630696492525010086389391442749840
71 15577161632728223846017733274885678933038560720642620211356771367528939966671459089929680059631893952790005117995392
72 616404843070960152729097353509116447318947570426245338904192129913476561653268159490564125877866509816282105773982590
73 24391794828921261696896637068692596776859436853728176916777874009344065860830877206700328395801414796544076351007455204
74 965209247887823697138660517560514703380838869219676534716696696593681535705342090901427439678098764734519767587949661476
75 38194355878435161713391631278762276421545597857660759979226475072282635558043118288632645414448150966222932877366696433220
76 1511391259625087776536963090993238169925045617191374290655679761759709996003543524218101236106456603280376171160977580928450
77 59807358630248281524574536801962100530935953365822052363080542022788671424676872014396700613806241382572767912226906099269450
78 2366640751391136312078528186407429019249358770336836819704987375312955179858138430371824627500990310054916199053945439250979584
79 93650490080575306652492729894289340792391440852860156937209746109413311680340588489257100999540496979702644658311346093305131966
80 3705849435396576880826382116042383737066468112817156162578941540760765702863342333445213412227042763437476748537548992700001353406
81 146644401177357359740936991534530053961715616831122211262291006300651999498644893971212152030559228654938140894352827369237964737870
82 5802874825744558531809251805226968532096786347315004055934426473252550576787426889105364194009488772750438093150024524042264905175364
83 229625924842079369842141318244824321978116995199070915068083681395109926476306575878229850137380324758082290439708097151736757598019370
84 9086541919816563427454802166885597718384431439001180869567479638249000725099034778504981193449045057891182879511972062466890600867398170
85 359564122027471010596054075378157987703476035827401333310865365007859026940979255911320729623063730464253606136034669120467500626528768900
86 14228334496253646426673064042134674805065193033706006014821362340450801741594025824233806876630570964854247533221444175061360807368515909432
87 563030319587393014315888643235646520231246373872138056863048940860227131490211540226012318296656527504584057138517953768391763517222807903032
88 22279708201837886287238770036789775534692965416412272287360348447479259581007096373311559636346069364986339696189827084727864056619134625435638
89 881631735077459494865062207566822992680505124810270695766658913784358919722169969865443316766283396949627749168672587697477224703086423268787468
90 34887104860357408144816140430952775739971422676377582232222368711248919385689899950436424509058930335875081285270589856937316252565748374821051100
91 1380519821499674769997573918631761684273946467561324179991849816688105824863798911547124797320475082754782938903711676392503086439500920474989855236
92 54628636717835076108332695667268741597918149816993753538867336293300474570086914147348250613369613013911532267273628098218667436809870031084061036090
93 2161713220754298099916810013679916492081146488564136296123054432968647587189770555116699208639391082901914179256813198627275853249816167036701392983426
94 85541289871842469895941709557879714469061927315546078018920467718312038515517866647364450653842565027536045333067379803710700045722162817949783885113688
95 3384959763712471345988444137177979347742421312816924041694858315570174497501800942099249824654877921784874398436241039705787026113437380213308653949998902
96 133946455788995228941126340615647941729485064561955288150755908200820682740288258993611698389897945484379065348219929131936806766161444480084806481132970662
97 5300403629836851039898015869569720182675668240863077073294036376694550804913733091640668197947945996447855940577760535143837754957121379704397257685018401750
98 209742605533694262146004386782720641758169892116489948574088336061989796223727045714228314710693503268241465379468309290155827099691454404964413674869460242924
99 8299737840421219567654551180265055540537242922001511964108498527300550338468105766429227796603027508315031912324046388289699154501903722689070222392490828941194
100 328429448296586904732326086240628554663517261627817625560740994181396208563136794055119709103982917019621558966745888850481460336361428571084302087901236200296290
101 12996302363078757796691485773659658125984446780918543825872573239372958685286960277340515888307364753010894762050648373160273423956127730845638878010728744729634060
102 514277498526985003296940574282587089364658297900334065428048956143237251802570638505807321017834346938194024831825655759949273891173305674321536558539051286344511392
103 20350507252165747443117675199274264591111888391811713885003452158805112417639729242518835834434783331167316588488489913663269549623687325598476539344863161973329005168
104 805291202914101151639773313554765768948046968372147054366335427054242815906047518681905785702997049888028677726948705110012584983978813100115144901250049845956006691374
105 31866228858832296734038461154023692394339076110559163252827434067600829512101654605349777000255916657848804882142934987640763552897396302709837306043288321414923324210068
106 1260980547172068165957842945445444305895551917183242509127259378668115295503000566233143818186618415997063937959400477527439926271665138318016879142353714587760063608149460
107 49898340572096015110957390044732848542517575989382800984399477068108371482570857020028832417131383370502490636171003419962539019178663647086850609295679922765656776904803044
108 1974530374344569001056932156665387318120678274576278909071275853699236722781815399351755378610048096778749464433742747253735927927543125371939927812032627395160834668259664498
109 78134265679158902570201664177465192119515762506351172127669435759117751298919700801062743472332611317037485117059441568811563867994657458639367152559794234035121779889610668282
110 3091855943339381113242303242969105553003351517813247655966997427345937706942485050077159427398846664538924657692266969936168469704314094334442771924529689915100995039956457832304
111 122348026071139253133613730991687960138702053602597287416683375362608538187938669003872867608412858458026952193099530966315582020967412195743164032959487760487907326554233917750062
112 4841441437707072528407776115825902928398407891528555448982206146676530172687224720357150722931316847971917190629724017959127650281723968620123915793082022983082414409581553774852302
113 191580983751370025989411411997648334087138432050709038014248383105127535972095409595727474699240871316422245683565732028703120582356517573081411041774637991593486899454287359203386174
114 7581063162157246656641795290920833322007494236052687598892479958575960379400148016079734823838525034213511133467292908327813742014599537873067029269115384404999047823704419843773043284
115 299990727384531644498054818460080987374616314278722226591963968453035022914425802261359326285968338075945532768948461438860826096537284342524328188273793372390461144735534026674933523402
116 11870951948524831012908360984085341760294384178399150897188276137164206143860450701013992700413259041952864204268025072605837218387713040358967890066699803643734703666444013625723785769066
117 469746186466467707858153306718512782286123953903712587240757672006997995957533875426896653305656021138545347653299349590511919437917983255983149232452331787935097401619569695107265817931796
118 18588355900742266541460206347665996862446036068832410748028632406561328404967597625473942456240342011546949525320295467161622335261735524131366363684086136753843075460805249728204680283815368
119 735561000913681469394929505736119372310845939413618822760130451019846121048551435889678781720532074731449782365375118587801752958882198683531768086655866042529621032710038614982852322048430504
120 29106930648101686627074138586194088634950750613015169201581475668389289140072257464610689797061769630065132471037687849408803381765960071073055072999118873948064226642110486624319591233747321894
121 1151792184062273688067646646271520610794483306930145697693928148457865752245806190584520528289967181275106260531524416960976752470558827472253095294501620293407784197429388055645344778073301319036
122 45577640985428437655938145736553901779821811764228381243727855692168486698506837800434513822756274597922359369064794198427247114077188070290484822762773220263215382677564987919447320064850720627212
123 1803555699145369492244045899988275390846444614325432781163841098641666101315547366722509505909914112551904562295482790216045407774748435786495986998028819386218676663659516654107233279567151521029476
124 71368616049253071064230593398408888589089078068649324646980293078741972804804328669966304730867003433018861652946771721446252246423292363918327310495312329554280570946873924354550692957878659624142186
125 2824131996144778004916869362812643561912288742327572627397336356363707348743186593217521381482722816996623613882334812480017005670114098445130736386711767949199471743945796411953404159572549960741822130
126 111753904911711688329551839062619451768503996699625183468412639646343301021719290909033933144799434186218365053994738818206531173493660781540049835785034872210032777065815995890175076991673728625179117640
127 4422220802733208194313776000383887004751061449475817513483669078917395744986537404939860429290675560405797426885437533600826245573887935675691057790960458853118474529491980170611794885505595900367107548198
128 174991977627771365328008443757603003530639555328322135600077508548880210921341525641142089778071986219549262677509711875988611103265425981297818388384120772302556851033045511004223842820888131185670511097142
129 6924618557072502996173850855427223296432198775472429869899469712242709262717492322133038368775646217651262002744570196853048156876613831216286748592855488394267833818847476697986769736265073035164533742959750
130 274014516613721132022160672505699967136645381776877403477938811743659241674266331055639380256385503302774839141463830377229231776913957385229606012195228042502395112983243127575810995611910561160896232938736764
131 10843045677709392560625767909870722979014468163733100747163826168400625374345823070271425099643113288452013780799403336686686901959632858398172391659649221347852483589584097484063291672288992337590288372026215530
132 429070842748938515630592450844016216457036836064538873183084159520460022426486764809555243768065730838245645469808769643167223438504361170708474746527769978655178866166961453829723840689219557766712417590736271410
133 16978789315233804741752951418220760260896846246380007086673801767170567386601250749381469943046025390355343182475121160004923458498201470317309356354771179488759558110359992262766405054832653623510679090355428415132
134 671868740285803981705654333321282978953378812421120708423730846657222497374815798360058575896972771443195696671632731634648138422795165786815593608333984469118773390980391887013191919827544571329231083350741817826480
135 26586560195326686542019068019880262022443051013284134836452471403995652549812863918088042817295565830761276614990481568029287767955685966260748956928319659923842611343910479309620202437484326153779850579379959541131616
136 1052058446295695924048104224336976674847420366543390454062244431487682935690649914757237202907981208309728471180322162581823536372607835794642843524773960378990339893098076509446734516999871570859312907370619207427973086
137 41631070973095223842591880436555791189552202783683101252791756459162472338969201422450121781213171143409389126802700768908619360917522564073843795343966542336488929533366974526429303828044604154947444325345336072571339460
138 1647385728872107227455824242387192000945811373447909829172180491606550052986338127348491798307611430666398573666491364479251887769241344554925098113934594799349094322497060698871655294805600039389167499628203390898752443268
139 65188804329472431127454426981719620734281177652725903059242370326439166707500363333424731318739853805516339452538778833952029261760306090927089420294825770547146867159622335977625486379312540120432820650571841832068123461636
140 2579590277752220672260600733908071847012792801017125511953492813294501652678575820246429497585422498475042888541170505513347998054294169967432668860358607896141016714943697471385241148692232362673865521286410043573051224185378
141 102077129186818323565513358233944802098338925655960642073757131946858865123020614922587338192306304068992522818705599825353460357307050442243791161847895450836343618842480150463918457633538956777614292572817588115271977629425066
142 4039300501667983269573741481509647592665831901520932175546884267488668196639607871466326885767251336597887970632882751367845869031443532794433300250111774041967727096893073316557627161586501359433405926001115745021257189355816672
143 159839414301261254055188187027356405020779198941587321775975178443544166237877890193209124022485951392345921759750533614935020783686709381174057949283090957675962303862832190526905001579228484360226839599693012457073344928729383070
144 6325015520291253557710300505891147239440732039136382823459971637511292290870639131035432138102409204173268722052479539819976088157803750847306656231307581370526485788410467463240707958280526061521829571502166621609242034006636868574
145 250287587118677027781248534829296850137234137500309965042119363538312343893858953921009428028326908063451538475921852693738985733724530153124136013193358253522160970711407525093577265550520639597458419453849195532368193958610785139374
146 9904145857780397213684437959000186484982652076765288125623141949411051222813264005268858732445238520376178740295799191933704858985513915842084905661621334674498997188053931536497818237591551567587564485955094501706510798804948981240420
147 391917578899655885499572536416469726734863411105450948736680767759375223032082128706463873471815557795904178447642145423097562257241334202047062792674355430395262958261185700572096361798517656101586573311276851211567406069826798868457450
148 15508595173798350868173805898492780680523112172647507737824253630989776895206870038366442404700562772719194631576568528955833229186183396695822787933377773473988943546825373620506337902962848459852919665863669937203016036747768047914609082
149 613691595411549121884666362556719526919222748995422706678219154948145170433203348385903922010891169751955033707512350024654172082580496981141620110675485448319531823368807897418435596347811595442862302350175074321759054079914668181891963044
150 24284428735045233517498473527108815101739700227406626433142915261318847483228361402804069704100301687735789404139421118914155845404220982153034372598498151576498308215540353204317199883228910433651743623882721254413827660375837109993114773336
151 960960657432514006904723881908229259591010272646385251359970888340324483802788247592962346448092090056872146306486076615377974902067863455186004205653708882517733781251720739187632784544093264986943394368210993327099748076345281826755944708120
152 38026234638185713834576631095419037423130682786054801738232784244266101456878044618263339787854614758814664539672680898074540061992610776632039555741023593751960750170094723980013748109026588750689111166658068720245792529002253919607845745454934
153 1504738523449804978458284283213101434678193184685840947995049540053414377430635671750411584353364310054418329242013783620051895800187515480283528556429310638594959005272500791455577188331553574191133032113004974203323737473965615748447437464172908
154 59544102788451350306259857212257146405410777696508998291978176323756825644384339385190218555461985713927916368297480399176057253039177189510624409591921726820515633036744241387025478029626633805515795296636430277569414137106456060397925187204345404
155 2356223437912088888728434082931623568544037327679063939454188453160213985281798821439343281088826783240196215402657222989141414837062743674127868396423910476748939426157959156528714436754222898829547793282143984818643625641348271785408460768249682756
156 93238265913430464408917565491757120382395801932857098634869262238778054261118456856265732179619860092050032827240656189109080323627046958349136703633070343206619489726167225478577809149472067603305117328129971617587396152979718443290680465225972235162
157 3689537286942105596944513823522705604779202245693644125260432728165760062268347746723981538352546606518331159914126519785371539176429301921155250054742075800776144770231420688151699722734994351209102966241345058901693621378287491985001355830149054594786
158 145998912124504452612420784231965999031913114369625517110857782718946519850575494202643389651651048862709178142348790395412702093813943030787320979297389443687530933401997261785811009090248037790674573259730352161020127047340439365288489500978392151688760
159 5777332137820795643855430705339621159231605723799361385804941270262397546829598607326812326058829074023254045790090675890254251989344335647232492079230036487732676377639715516910443508007394788636935368934188819645200391878887691741631858790469464299362582
160 228615173531110956721378073133673731227328981921964386821056772239249141650336701900200461169134089412260846661002389712427870492510057950197457398133162038554995611042252221136403988624437921678771620401986550849558158782127086560587342965643146062649657542
161 9046545416094814823473021624270018376386132016575733040461243273578665561786375256950684155205330703565128089309270394281275800361739876163219972362533679470289756582162990926901182590837235141405442423030883967107362468421271563065989437277476251891067226806
162 357981417862139241913266090614708943194264460709717555745708418807850771170948785440585486088145360258902246283800297918196113424276755917246733140180100099467612745083702936933930710835738756813012143229212591370459753975078877954161860812334034842398528282124
163 14165705210144984458368736276662502299396703078796452170357388232151567397706209973889800189459932383776474021828744759888801407247338786496413562232800334130301713729807229791347415616548750097346200201659421900463902132938926386386310111488445756625074971540170
164 560552012166192614050326042879212263927582664567043906353277654982190386902011111543422687109376556107629322237990987711675386880008208241082638724598002007669471384313477448506657822033477908976719620021450551599897798950525113629002479948612631226184871194347522
165 22181638942940515948421773847864993739470525975556276343094559690453297230810191573253992321708833620811196582997036125911557591625461148369847966501908146307944895737137023737281289061469674948941632844690892804733225896603196347710484665327376374851881763689849900
166 877751030263181914213249526559426190814077241443910213673066206865438278232325286768889646245812089452771513619029852172160542436310084213559473348808191004541104324760858346351122385161166439303091055389547787352664416436858327701682749158529819912331807876928268480
167 34733541245980751711144556682423747673400616087217470741191398604329786923910996775572277493196585374754871249517564294887117388906633228733114143824865624308557652560800650206508585082566164301387227027287089932286268452599903251498053481204599365670037952666133299792
168 1374443146053064195083568317627702739526141966327028281709373784471508175149610276640364527585292433729890401269318649284366557627462601446810614919778547721242667008295418769394080348387362410686268222677988106372958713664323613824551940735085873423385582842109685124238
169 54388176211397515899294559958221594274085298721065250403552103712931060202244769074604608107802921497628098665551048107189138531246253714466761579464942490309006373229983119048959416526219743950935620498387957860216591467515302603798028937749680306011525305290389471405428
170 2152197942924459091867284333597688026541497581123067025407192394000346859826271004940010953382033962424740972354236184756766022583672060538323519434490787703473531645777472686246010649066202892141056889012028579421936427007732726906737683592530029378500333906981572701324852
171 85164760214143870597636031040009157584083455838857014116151963819543187729605860737701427525845538753579735781900872684010020590429508481010945515909423913948401667153304682891643403546482819311012034209621489882629353891121778822729961322662034041550212262855721919360762276
172 3370060084936713525598324441562930465297694158429874648982203524827445023963709189560587921889753845228266749372731350261564075313984767779087662905363034070734263371017958268930475226995833535688237709937854047328329807770988821595273474514813292015581180342717437716754033874
173 133356859662683188251670601627350272461361293278569778591028105581002131248095908660560954517555621497862907397025768105854828037836036867586305000395998901332578766771332955192067264653522266452743567104264467790577021855184009763699785794222515106716621669947117042266881396058
174 5277072684425608915873283696892326252009534154645102876846121619768781830769585928483922402082690930965573268891070005274951101122658411814734539267178431492442794865058100273227993579898636768630078108540756861464607947512259140504515824594092035983447011061064935267367798606160
175 208819375224860484165214191638815954478711532979322218575857381473757722955093058681476934602646838829091801975199765486110772010775946287655349532602905043309836624406115302238402049014937881180415642978152475300594942548256894038663822541565965257811384946436246540435080555003918
176 8263204635781397741127469531762733666908767166315321284208459067447703707781896474241770813864537426628087301551717347805759816325997461000432309123610293131503980486494427287793330292837554081572423140273782407397266428779618373592469343931605798765504325416513674096184963726151662
177 326983790557142739457392527486156157208292589592510606903979036096028694764636426941446745147800789689771070193376844547258884582118926853400511689608159420558207232485676366749867459881868264159945356236585172038280908199211569248661460166955613739235746937085323356245371836043449246
178 12939096149711510665536582513695002742944910403781183482933200672621863224236269571035995753111063456062982635128409552296617548552697766403078801624707706921297329337065617839992443652361414660252121357676579053773576670917367644918102225203017412416450406328271846431261776376163557748
179 512013787858457679565468841587578587660367961026576053767320689829026473600047279418040776414688862166624419027211378203181037310189890437681453007347855351658524213953782090391575499641944596763269622531902854326419012317331236827706046883524138983871798766357226937109892559844122245002
180 20260929814870474309130782280987882218109926284179488481399032894949248071606308617464212066424402115514597080574649368960462852810784984932378808315773613878521125197546988886259371001442322212270494815329764698481210120576454283786083964434301051716947362549399785511772307045144924202506
181 801746528506744776190109558675748673618251055315519798363779898175728335621282950765949062805631006068362087599187545483696354485202055504990106613550458359073273636618313553906920007138936714415866697931603783620498565109097714363020756256857576725064177124652335891778347633829643520189748
182 31725962324830541901293266467376092595157654602289090758766857253691180556918724373137062385182368830061779163417300376242580019953031852500193192293745690774056766157835107862893742394142192338949120306518466160021566276936987918033011105654874314123473183915250750214797254221533833907842024
183 1255430051329619655965870213627015084004031222944131128294377734307581525337510611767643836454689176179140980739831480992205189306424950539249507721354985628031876580350452953707256878202270452213693323181238305164934023814752936700613820052740899204105392649880235753434335894656020339109321352
184 49678701551881449585612214936374603550660198030521647831860720794662639160477728250453276171585821312962255559143937836880529646161267414687718437839558378008701427512135465169832676837319026997277617440783364309610519588597970788255101739785562553331687044586354124420296630016437131500623217030
185 1965839024856136062284030271745789363611450610690371247696319587237342235443622040165247566005705804494251760487588082491365499521454400567738700496347429249631045306105823100971995385453124370592916032462697094731397460139562069260723221974020526560082116320708570472075818038744322364951753572572
186 77790339741698932073730873224677627760498262628166517786223276565401703082553645357115997866491941724529833888695337962522557331334081826780518957651620818942968022043052992306500648394643893337603407694594932997658482924489684790676622673246795315915293355456371739903734566647486807171744432428908
187 3078246428428590650487345025200766038099670722453276049128964532551531215333505585403376757990053358058497493738161757382661569544772998685033031106979477066794819181343914991675873602589794650213122772379922850232313964626569011638385876672160426137930896461433924919730999035589051571529331874867108
188 121809483100303894164914948849983390106627436349753099488977322976050814096967206990795828321343348082548260113001550648130039828465548072251747125893361585984192323052791452922863209685108943340396632496759731272308298493576284037087417722868402763920254305936085725194127615442121228722082567062882506
189 4820130719923426816563130703898681709195263240571982193012307629069465539483114791822817834603076426208624351046953472729428156487863076173543076636930216242789563402647097756405051831205825373533326648883968614369371017383453213715469127617701513790768433010910008512641462866145567361359425911541163538
190 190737695997099004351152409723571686635174610363737952474079584611342186085459357155529286249834544735989340085555371511274701702705562739900300075057311133858024099476178372023154156332662297003712883935477998176395416403115840122683697456148791811147361953829382579317962866012392591970264595625692183336
191 7547693369373955164554603797521174192804773126224901886566665821775824098987697298110385427830164813128176069429332624065720505631058074219551734748663060596157334312670618245963316900179323853502249589755716146160535998916735655157767065747424556323499634925028786586715991417161440595006107194032572187142
192 298670249214701686897675912557572414392505301982582497169607480848841494176191769825278536872332824172220267370843525864570474037176298390684465579870123962466162797579950176677830142091956468805212843004910570388397258055494810397285295925913754835616329012476952311763752256512782896854832242695322441219414
193 11818699223782993880384210049105619308328032080017930810417973906225548704306409153457561468485830666649151633721136786946744862235500402236539511296064949465564300342371873842732991512435489151821961278778956618811175728958491635811415875172491779399029353668379862402982982186538503081358009082833702451107430
194 467678490608006226966839599896325325296159796768056739306573797600850496472416247580734148510928105540345569268811903162184423870766504653471300474677912178513268171021144615577122595366329956697573810667315863995544900860771351340702065437193845806477585681480128014576622442038770387171663456965386091371599516
195 18506534977829214954699978206621030186991996772682067102121464852708561196874660006353559950298119997907320431672677489449273205187119830979458637213157636955091415868355595234874100695674409470451111002838850364471821696314249149850200832855829469910391023137527490495134726965979733959585508390881715760718876330
196 732323260024978013008590916257336883588949974023034733705722585889026627024399686123913463790089634376648435434572815672313203081630019884555549883347419448858980517755504778342760272404017862645161519983423428076721442838513478866532585545471879944461548076040191470565722186765068829103988949850087078061521696466
197 28978809799678574231614873913664360372105698137804258501818745984354789250583332674386031256772937836977167974622912271195777588106562255452034834030843796045991858399495599653961139238165491708289469426806110199239699954476169566226878719649628557497989496600628161192762902216731163076696657679471566834543726400956
198 1146722305908055034210148807456864920880398461233112224031813488642339192700748322873497386696220064483301276461324142177221221355773701587926504440598759836100287552675875024218359432454384642188420661828396028461581220146016703586161681161954649732691853191125160829117563126884238627464227382196638531039217840032720
199 45377020517994921009634408261481959775870107759767575409028014857617046214026662669699305830659282813425820698544940254661131798023316710533982308097500625882424759435744735477707592657452009560720863431493030199987861603826236869407916237335688102663667937787024748614360134738507276582111571254371844467395652449521984
200 1795616934005668489187624070013794321397161684233899501826947015559378315223785234743797087094946749606594294446215356120435617100936247429855899841130901888116760887209893979855596042772994869388610331423390789352165432065756445703846812767944767122646419744157435095575013687182873077632238359105158505311603581866047550
201 71054470674408815342639086790294866904152553863549987100491080115714985341310921923536068793327654837342068584267680059131964240346060908245393847709894342599144009315456995444215130785280760558568391015691829099257092586393194888459850543567789463116297034668281035666401562580853118592756543411327733427159102198321109924
202 2811700929751024632242804082524683039204156941532696284664695643192144507006742632455921042395756206101991844691914287060128335195588965291495849251196144590552120044692949864018228342316997316715076974243225448528494835278391998338558715403932832951848859432347800945916642712552519447794876080075556883344745944985874017764
203 111261994401291101278890897974092798750258946484840013116837906269269924764986885182969888925188523054705107146953107268868198948850001460359327642714489438455549707685061454270744438151081204138063109270190140978997824226798157473073665301771987632226904955906157107502152996325009185381624646642594236676669959383704039697348
204 4402755380974714834499984905390185057741150372073745034342804956312142451588047405957657536254210429800307507097203310671335771259085946390604246502861514403919972142169537966121872214902790666749042479077183912985497413146486496481852335946472515615656113343294911595533852900983773700976486292135201679418709740690375449703042
205 174221710198616289510116065463726906122758390321076898066565721978584376648384975340473611084977030796465323270207850455573786579690490886879820179478799849479240154743472375554661309746995672478553401635901886889156548934641807604749432502478075542894453445197285170045742878722098319610631638709486484503204401336299805518710794
206 6894138256168758663735220003346409552773367323227311979602728366620035517086780036396831027445722426129929367869441240523852105586820326490095730960001351475093859029512141239415138645122872572100567864260995893925914404350343019242872949519075255954563109544800628587596394192007497237468521101026033417360522276266638758700637888
207 272808378708861396946343373604513158424540836597205388200619830520283080770784687938315784266572977862113703899992291635967352413250483564458478631689579920276698317460658416007152497237501934044014889943323380196980123583650798867537760427033670197925675686840812156631370996671305141973689708428311335539791402898903012699568641406
208 10795317518786895793130837721720999903708682877150824023357295596721554661716295953394996544077547635376424448227537301766698770325512599116092146209799414706775925914676572643766044933418332510746462916356026092883429388187817007338636650337337977485818973654333688224415605934171165836375970219130003687439303861792770980749346434302
209 427182188769196439868652912883612199743466568477155485352380800619207485796293596074624285873828080749987859128032260309818826370929115544876550399990655712167066888088230538062578730092416575781800578292575573069254939503842066496601275110090847174194921831518165819845099855244460250841297804162818457743920718472115409992256768724494
210 16904053269768739428070403517190763314795999963308408248117046104885925517221424404612611759200660081608820592403665614872833951499299044343926278510116041534383007611762473532279580199488213678025511430998886514383504027675414576885561105958278358317185965005430356493604448838791505916592622874166890926620070640222789487796052059983748
