1 14
2 106
3 861
4 7010
5 56970
6 463064
7 3764188
8 30597928
9 248720792
10 2021775088
11 16434387520
12 133590069408
13 1085912510000
14 8827048192048
15 71752354780224
16 583252782273232
17 4741082144156272
18 38538795836723584
19 313269996043880464
20 2546475267084910640
21 20699512777361344896
22 168259961036502331344
23 1367733375781162927728
24 11117883159499294621568
25 90373846348292252493200
26 734621149243357111579056
27 5971508956648812762773376
28 48540556252790786847967312
29 394571224532271120573798384
30 3207347901373604204997480320
31 26071542780749094450495644688
32 211927537601183104457423405360
33 1722693649984698693625384402816
34 14003245851335915634018550385872
35 113828070576970113519368148971888
36 925273310833116751313423965353856
37 7521261630813333758213677527514768
38 61138018201573048476776847096478896
39 496972110942466068433732218441643904
40 4039733153278038477058880370366358864
41 32837746002980454063290570218582230768
42 266927918662463831063220299245060521856
43 2169774799860136340423850736129065467152
44 17637430755459362492302023062441123734576
45 143369239827873364957981030716072483065728
46 1165404372882365840528421301597234091741648
47 9473213040425775326519033991002681859823728
48 77004829737627353807947181652060074439845760
49 625948532732930557486183427989057038015938448
50 5088142743325296781243105989643189223158110128
51 41359944504414797125036166231254813728522471296
52 336202244257459557332301264163215493541427950160
53 2732884446488736644644278283270497563837230024176
54 22214775556764701974550031944728806387347388985216
55 180577065258461295961494702950416667954247275701776
56 1467855320619207685971954373474206251564593109415728
57 11931743597594872190144554273795724108688022045269888
58 96989467067292163259349102959765055087074879220147920
59 788397491536236818920984551762892931046900104603938672
60 6408640272550207323388146250136586999971389658957076352
61 52093862022472809656991190354336684554796173102426706064
62 423454952221329310198955574936344105118154870074409181872
63 3442134823550111300994112168962727511399043302778972297088
64 27980053324074835613471539051589141921419767377244693106512
65 227441231721025259214602499128066296255840918066840256918768
66 1848799689108081791898860986033521870789973979985670624173952
67 15028322985159798979343470968190326076375914312895550185021200
68 122160606731408312292580072945778520407573810289348631432608304
69 993005929651778809378271592456903953952300714281824227978719104
70 8071839218117362531935257032863161118114245281114792201139473360
71 65613493754247291771929979062379138900715457948184556963698636400
72 533351872640837435545214334250231239202059019679623932842219308928
73 4335453026094562175890703391871297381270861051351101784674004300176
74 35241561726230116949855283447514885112741847146103259400028345966000
75 286467795966981016103817151582738144484033181976062546832690176173952
76 2328608441467002104086453124720613635103555252764910552325769054272592
77 18928540485215244710294098433400752442086158468335650703669556646728688
78 153864272979579752552231715685028857980927780367684240982243239148048256
79 1250715263441793362327222537300911334002830969311276013192261564914493456
80 10166678982156440387186788585836700841418986362618948350639152820136013104
81 82641800693936934644547960361282289590035674263486790339052217811916013440
82 671769732665225142198314297476221268006784082954970317901577730192649584848
83 5460609158268451012081263031572026676233677959757060079793438792032699198832
84 44387609219996127213048596453944828454056075056939320435046764433935988668288
85 360813197788330803801846321991972931502708530505653988052477753222483302687376
86 2932939304142420390020268126216366514720251999381266462103820484809532527904944
87 23840959849893910874076978018415125029856827253209017593435954205711214220113792
88 193795816286231954555621839671185762116897832791964897138442453210227114884741456
89 1575306474508998821439379774595195813546500789628434391516922445650432246501171952
90 12805180917655719621437966492759884698573718816335277139419913920667393317992218496
91 104089369901816839135085896132593254017839991346902075598589427019477928326427230480
92 846110413919928695003107697785067469254454046618812262615645268435845241596863434800
93 6877770834995296313637862928439138472140194495235842349025368551998219566507530178432
94 55907279807087286747687896080817099868225601977382498985027209966335483136957583885776
95 454453050329073299389297332738255617501278828545998540743725111764167270868697147036784
96 3694108811339771548806822964496826514012551594349846120380026145536149821683647374649216
97 30028272227761783639728397448433387613800698829978874574323070722546525236551722510705552
98 244090572052625604383637284837598172323640361082153368117666529588179420642340172641805232
99 1984137046349767282385728621985739539774328925499499310694534825974285355872289928496793472
100 16128438659436668978864110213398768233289718286880396041225225483377574159967545999065712208
101 131103108058875343504327307368875508333843994133925723762345828691813886948360937829239710192
102 1065696767407830727220635941996343548162402061502660462864817656132204980999576092693742366592
103 8662720639341970526035300068248420197726219849424172166063133331522451405513697404185337408016
104 70416586753672032866928309161299457746256957564568215284331663743784793175788566566104053932848
105 572394735612075816764914001206037020052083260921363536863011124221017681728096928811572614160256
106 4652820428552408722241850412373636534822240412959409475868301236169848442444468225322393432447696
107 37821343547482299284667662435297281689571332137557186916282692386793252030689541002866109165235056
108 307438047460113475954468532132450795309761558622087669682086825384407307436319010961986216141363072
109 2499069154098807637421714262831869137252994662051951636045229439371075641405445970350365538937812112
110 20314163092576859109759738290475170685936176238456181699371271274688849111359009468055031649394519728
111 165127572190223574443976236320066756603388824193284409384893852412807622116623097037542717092115945344
112 1342271152061458336968477705514085366109659801923444640720282342859586876590437526065097027093369922384
113 10910908588790263187167666415935012820375603875917405858509163468446437852908809425748106954709403586800
114 88691413839970767499540786568570818385967909747078445188485747186181533714753186242546780522733081567104
115 720945173806566747049981244433995263786406277341008168758058314853199530016994288632322872299461668610832
116 5860341166426849781430664061447424004674475368190113730069326659373717783403844074226749963720935461561904
117 47636907541226945273918227795267651175528832605307750614655718655389616447026755926456739595732482979164032
118 387225742605531676847527207608720595737884589934715952670635785056853682253589717010453788369324801574633424
119 3147638742221835872586818697276549701494827257450297213594831907430158041990535546886815630952121705252942448
120 25586185424735050733060325110828864124277281984997835649980254758038112623194003358074641879306532035035547520
121 207982217211757279814001625834028131418208222279224343872169080017952309149439544236349807634836562284631496080
122 1690623356246802292020856806418069701022298669444263951719343715822233068622582176676070167591170874338798954928
123 13742556315654216876517053516961561492218424345560211790500438038224510783396931077599129849407328675194348496768
124 111709005670070469038404635103323896287028926686755837879016711040666205009229871350456645747204410612124869333072
125 908048085171828951629295565375951341411707674235458423804132278710802466047940997800002751262849332648216155860976
126 7381243079179445863172398258622144160227498682159497521124051741007152615589780108168156959812252253553483266625408
127 59999850540541314941410239405390872015837843388985683998615223004500149384938658496057553012717241792069386093472784
128 487720296739976327925571111725626061465333021296476072870995289047081454337531807368674025697717310245170550730004784
129 3964528006472339217259112784389977675856876252985453999015200833521380505745483344199328755827664711559408282762936192
130 32226426538248363924142799939408530814639771047332578119457701345900591215355352566861891940810155440556741487505732816
131 261958691105128509425239829596773574157475155617743445911150011591394896016308166183870707016024112733488533578187532656
132 2129381480260207462107648422193130352495918125240447324004096808306954004270224560111396929099117338811237815630442887040
133 17309085907195474192801181929047597943342425114130742958522411103667794827735754153972461795558204498624859817922466973328
134 140700225732244897323363493574123001557711724689061874782405729168627215663694114623612489414136149683026417361686003127472
135 1143708779726787429287449644958744787827016141593594551331202643574133937232276856077371831755371733433711010183543108646784
136 9296856248926123741373092749280221874836211934097848520523134734909261493831079455768712625033255890079533778674273017875792
137 75571279721961861386202945668483681484294029053355640024890755493461173333940311554384064013648351986016674826086671155396336
138 614295646388496276901726258550384527722562497510152382688049309485201833779240432086763098063105808443878012505310226468568960
139 4993420020942104816359089154303609631666877342010253282033311988313508852628141059538726841970572009629262505130503369484977424
140 40589972681942787587821858735846579724451202639267554086094644314651322114906285333415352597304575026169840007091875509289172016
141 329943380571062100373331220934811575471589376585371788926419242772455650207236969652911504148603585085135966056168111046284152704
142 2682008072183066754091467854300157689522421882275908867419463119030056593426995813136253087225784987661140331675975689033851779536
143 21801217187037610304182976818587942809715577943879419177523745921508014761232063844620414823124684515625504723393596861762867941488
144 177215376704482136995052103865779931837786293945263707334474001755200337864807208068270794355963276154642069038092154542498237065088
145 1440529190231828469375696718062565134162594527012124415792378785187195267601293034832325400795913492971244544308569005817471861426064
146 11709617903926975332643655796541463077384037037657562342987106971092850419030610306894288313212781778148888666875148172689219431591856
147 95183875749092483913656577358154010901640803799502076597297744848848085408222842218811246411972251351976956411497340006901715873957760
148 773720396083999919067248100418004101709975040050650603648421964441313184552562080600448133466096296777483674639953005962808309505317456
149 6289334686206969143054093118609472740022814805105740643843433042801277646675264626158753567702449646987245934950752747488475241703063024
150 51124063673812856040746437011557233914820549225425338497757798778156404995742393717357297347437810957124713593043896354192457802636521344
151 415571760277929773984946370803002330097122396802081079822489353246061289512572111531955194775358807903877502514998947517583530551582944784
152 3378054785362430758931025329438986393342134966680782156848761919077758042209469296545295310156595472533001203486195769876812365063644221232
153 27459166439216895348569986809448659460724929495310738331933639555719623715805667235581879125252036176059991511367635533344724522723723681664
154 223207102739666891467768367164037826620137975471060254032474530094749542586883087311965297498026983837666379206547713038656450310433270714064
155 1814381759319605257545402429898966303165006666438223005122175928569334444403255667945750895836391849925764394479289353974345537631343889295216
156 14748550239421555997777995702424965732094865344091690817947520243754353249484329724935159520320438213404502896397471246977879026380671890708352
157 119886420290243507960487138880381248263372437667458547297565973236266123265435513679969071021829319267259275171620466820203032482711470169004176
158 974519768837470183430090936398743729071980040254569475698771650058471136614596838926817877167351719301750817235349778211761194584001161015360176
159 7921570913168078519920046518621731701025059534191172831227592447382274908734058737247218000749807070810505662744584797829106597726970833706604416
160 64392009006865171978342331872032740657663770170613723099629819542656651542070073229049042497537000773041409248164894877503191649819806409659299664
161 523422799516663154340672009205563466989477403742701471222525173433948473975520039742430479082398185841628256321292609312191083636580683633020857584
162 4254742650204490591682362969226013937570529210385979153933736703340638173641904673894969971187892993556765642690777368744462082028505361145464381312
163 34585491950647879245904861112458569541648473318630900507082126729910472841623222450357237017168008516878908693360846081350181429615868436376542258960
164 281134806922068441525611046840808609656131164183667115968584897993114022870560430431607013795930986587855193031360363357607020156970433141070987530800
165 2285258216823720222781060738365690855132471519466509567284002475002576205076417684984727988229550958117904166936148597967217415168366232757975282855808
166 18576159866992202638124969018759485132352737220441493627418536952475085731843337941492396270976836921581474037074584725898720544409937279329289675977680
167 150999879516315504721259241049138137958607527126555055120114698161084624638284965061231077472667185484535839027594656061548002754173497173352310210227824
168 1227431491610739671481895233781865766061707927001410415839699471764828089728168004234101348079973369704693821572622177817476002253830068078838156000626560
169 9977412375583907494528556999441931868330594821068929956067755063369284882035568234750816125325454040612124517389368432874985377469162742648001393323424144
170 81103310769563678217029312151496417919212243488585148773309253495681092603588736812844908195065530376936811158455992839028718915088388963058616204457162160
171 659263822139001709244447389152394858367907765835880833145342124873725759465562261132803330427111465083667796639997651787957832010619331022336064557529835392
172 5358952465161657517323940543230297707818035676681951034220006791183444824582291915547642172459685404337575908288687944945701545512271217051600131708512560208
173 43561273286139937287937542990331434981275084150046835528637213665040339085238538645715546321911891960952453997432400359354736163024108034548524250784141282288
174 354096167608481786249993998939343268939106174123033209060428356410675342774787596321453668327317234948933234481121922836518669543790622756842755393298532945792
175 2878338635590525306498775142964403346844226584008844236348653820892366940477815732926861776001895971629128398377452328391050649132031942855908344750438290354192
176 23397127839840188650007557944702176704853248641615334775645687884827434645581180589352127704215068269593277258703580121069573012079099276488386847257494833710384
177 190188042638531987830678589492213025514654749591354783460671014070380959535524631490723768146069436174492458778075067320504538040922834861966425491005739276058496
178 1545979994223219434160701533547797066601450282865415357747002557678303499336297345572445995146834165838437526263883695972814572912213134524208693175065363602499792
179 12566794996049883123200563030116861914282017002751061513940354194819305441213806536188716869169422677783825346550501490945846305737056914967268428862459771758585200
180 102151604201122772545828491107118430087232056141415445485265199100600661743380541379484274262790083018732071641890603473080704759877266647460075061049230625525413760
181 830358913640499302486404838557390420515912717105604222580342657865840645683842856990887446016528498105436638528507070256181686126904501202473890930794214059408222864
182 6749731742878020951308442208468109361306110834969208303648730690241232178020825828950793660208869437778783924144528693266734526393444424512799918121671221927384228016
183 54866489481125396305112815642048084095658882708509487246206928212740752004949541449586950094683014542250054697100582323602576159487932987399967401041719329876307605376
184 445992786477595208229256434821775575256480685607753177656620555159966637219809381025228088182291870826325089971270784931207071822846596224932570760571645752801006149968
185 3625337933429778626140423289266755805878081940425258539052097867725147641265674333391430388595680153380018468287958054808695962539607667142327602664217940803907133348592
186 29469254952232619848230300904451555843004957754040227062082490059622959866519216110778098526332223525329964259387533134775935397494812337857959050942728459732007552991104
187 239546492874967754606914417236652560633289812855674101695314389543282736219562754224309832249235029456473740513871262084808063699136254439484412439995001493742198742305040
188 1947199626923368169117529657931956426906543209955665244997025746631981928422188063194712538813331061469740983292249739549052602378042665451918755292553420082641185173907504
189 15828185758785196616943580153097638485465741701951837464620332087093937119878889925156512159115784319574930234577359947159347431593598493668438492623700139545513344537677696
190 128662444749158812924645024025051736552309288668311130583312602781582538364690453095474823071961620260683224029075071669132321679571521101211125260918583286389216965365853648
191 1045857367427109047236194012086916980357165678193766854257543116393663749764541120527607266136781036136019424898433700437838472493193756041360633653226722723791185469313502320
192 8501452270194906956969712843629973171641327799898642865246805840806008231228912743550248684636576179351637925329623455279868320084029796302676946065080613420791460840864671616
193 69105685873976803599202413978285144346205585840097477075858708606969578580725878689643944633734161929103279250118437402879039476524958386764806197671192980063630197588070771600
194 561738826300940972318850091390888121802510343261850426690410274189683620881929278416108431407738035800419337538780703087466773526683425533994888669623109735260036719481198263216
195 4566201825265233348425556298575188449062318857337626429489041525950629181899764578837777681645070627717263608321816339565332045867434254487211080077755043457434405925543903774592
196 37117247611945285117598921524700237717640776968774479276975135050954899997987394987352110835925514298687382397698766721587239855937055759710346388324929973646348363098157756657232
197 301714668559669540900446366999234791799449669500930990353976346561762421947009478467344666022515217036906265398422711260568809861691756499346408844387909345211374056912098790939120
198 2452545570614316985436140819554658783941019858843426096336866997024337113504800171876101167985955825965716133136318427819798772797685271596114958472016494858554373504276067500928896
199 19935987218169787121524555992218133809547679262751436873806412143950013449287003647222721020249337068274085765301922355333320551184700912097122047232982597069821580788613016759153168
200 162053497037968151398413681353807715293673609168859344828964334004081199808918171042800620736948545805937226444845885071923186762417387563172632863884432772092906167121593025042627376
201 1317282942391736777240957631626901008026461125681072517217851625574633861724107251162418925969395079803275798525041173604139977626514377893079780210375626556183633205182956249623748480
202 10707787132231258360330539806657643682111928376861677518070775044101835963225454250754364033815284018926447080838291436349415904110712344613523702387161579976549324760375894492879995600
203 87040302109279441785646816548617692772688903857958941176177900372401173863165417421315931743585546884678414679685037991335170511000952300342893470541278139612085258351154292326220882800
204 707523795319973535870034441658125704267408872095992739961833881374574185918678447444186657267903775953899929888132054321754185809951098309651405531716553105698239007871400201386178189184
205 5751242916361746888532012576689320169494583349833705088331644891740387300170500467291723406339878415134255478484139547318490092250322649281106023989831618097303523996303446487893535620240
206 46750081483891835244392482419735078786802644217240952833291204931135913876548758079100179109044578552708140513359552305754148220099343162573147483543557733315147866746361816047286875293360
207 380017006851298897589741283682551082638823293253925370681263504443173275641761250719428637647038782641518619137744743145064652969312679370480386790319988411966787234854099753766867981768576
208 3089041150569522259789927518399237019073329556860131853752766949118785332795390189433587372756437456379444063915851664500304488696708550712770861676195044797115518338669295588298032754150224
209 25109863658406588893440919837624926093570933007442226728710465850498998895209878494756407680312306867136956608755599451180319795252119687250438584943847153973431363834433719541969170014898416
210 204110344346666453363260879286658206244543500518793231528293452178993423122114931424372664628625643345543744416266866317652272795871816848379484531179575771757005251073884824089108013932027776
