1 7878
2 103194
3 1967814
4 38532894
5 759076386
6 14970344658
7 295275611838
8 5823726851622
9 114855474850530
10 2265100634575482
11 44669845159506126
12 880919674587106662
13 17372218977042484098
14 342588405720989078730
15 6755991862350269715438
16 133230931616589748849662
17 2627366908919218523417874
18 51812700276069365028613386
19 1021766448260496997203020286
20 20149626409001236977262085814
21 397358338340463747875614239858
22 7836058103333111310364394456706
23 154530053660436317789214154881486
24 3047391545134749230217721724257518
25 60095722158103994396892536709162018
26 1185110529856529964743911903202880258
27 23370830979535714802937761728031839710
28 460881686811168221786406082103832835518
29 9088762367484012346904439288237272509650
30 179233854820474429236800212537740551945514
31 3534559867288221538232736793243934212545726
32 69702866495661686550657280357482219714190302
33 1374567069120422793203181675160700323725798498
34 27106986017022260330276791528613774921221489938
35 534560086167955413435210897384343183868278267614
36 10541728451156865631169224276812126071586885630438
37 207886899177000426032058332733274761342880392476226
38 4099608811734912906145484027573692086314640713829402
39 80845846831898321423044414093342018826268263165322414
40 1594310884309396944408717418640311404928654153438720998
41 31440417726232188944867278463185979359596825591976685634
42 620017009560732328646734417892016167182322058040509691434
43 12226971520922882858703931734939849381863226535024789229550
44 241120534224310583215374049249328507752668788389215365759454
45 4754988749677332375657181003944068436609181758708752241988338
46 93770188765937272355338827571134973849877669408030418535014762
47 1849183828625465203721227701014495822539542165402471997797374718
48 36466609239588627094887369222266608991672112495239875407642410934
49 719135420095750799216172017432901262555117341405675157119577503954
50 14181624319347443835855693597674149719744518281528855130952382663362
51 279667031709171180404584796492342224760764961381868745560880240509678
52 5515140357957064821654168691724616662431973867646951098273558997551694
53 108760667934565487290882479469024382449316741547128046709056606124393026
54 2144801785961166097066348188570841025836338602118543096108102429817093890
55 42296307924753139651443522744895656489595500253478747974938390606201536094
56 834099298021531202988508160095080836878828524584678733387240214381336215774
57 16448755768416673975565120531348600575448991467765243904674733587909124711954
58 324375727171558653436182091414506688231310447446348686486291465764186626874250
59 6396812856818634207357151124625978569260063046316767069512748069667795091295838
60 126147585338647938017693683629054212045364013005779346982848986984966275394217726
61 2487678417824728913251278521913644109582018061037433501478541022649094038851119010
62 49057965666941365451390366406155332895050502516626695470755717640620634010459957906
63 967441763426659408554476694581570529856313144043645720346972142372456116767445337598
64 19078319960845576531100189951704693437891811761251294468630830850006475639113858259174
65 376231734341487128218431045630044249847138595815855744898971300353518469408812758792354
66 7419433064132846547339218505470238838140380009426836353296935612222671485639310252865530
67 146314045224009086634639233025333076609635034941495486961177684246308915872995257062664078
68 2885368685823629521580079906695531894267587268360223032790166959736906429926040867212138150
69 56900569185858639559317833481155557448637713308700127089953936644984045841133157921727148034
70 1122100891155436624307339070924723292092572842601997005990068631920710443525787142421133944010
71 22128256851334778674228802306215302091574055006849336069653696051913697669678457505715378433262
72 436377651188243735344856253702980508458195689702326316936936344098288623938551736486082828761342
73 8605533446936740369568366299329359272634478411319161054546610452758936209143080398947149044129746
74 169704396420615836238296245614646652043975494742473549653033271864235239533028024728022152016466954
75 3346635318085614078723586175785961443615747149755873945857517614999215074741988230569705491810370302
76 65996922816888305258548483882251695472635605250074993233549495309311661235301209353682568383196617974
77 1301484448502699631461236405708346229787310092441264062829741910982626714130036390508504882946005318194
78 25665768908560762001972026598773821029610082430638383197125439279440198173381447379262398294263918336066
79 506138735983734576540192984044524346585285358406198044290521526286869070880859513709625238383048621345038
80 9981248602989076258947852268220745266902146882460171626484245963807604122815469425935191402525276588380910
81 196834023147900253175959891723140264480342250997581485421805220204810608468353279953295295583336123025468770
82 3881641887667802310864534980892717173876863324604111689695631230866301079296812227104260890692458445304732482
83 76547456090839902600624906716791913985653985421311144769032118464320859068995026526835293965706633046783752158
84 1509544982136314543423124502171782152943369961126823720101768329451463959881972696757627301815792353825205015614
85 29768801857879262933408435089787466104512437951959550389237452631812603745211776756441082596521151449917044377170
86 587052108112437895180603097875549613028212162661492489706982162601478623906695031774947052752930213304803667492138
87 11576891111861799764055860001176089718864047877115434814050163829927134358556619640176833073681357449685221946594558
88 228300701017557862320106963009601746142990132896897038951376377896728542633190657950113725627700761237745603118890334
89 4502176757256050059487427695820350133020130364361309458324148388916058420296966673451393959229796193382913828024952802
90 88784640008695084193185003929100254978984283943799250917977306896615330326429240955948543124586848211806114137101888594
91 1750866908716811685069817661276375538964533733348962882835567934547366946382883481093163285400478432916811709101821620254
92 34527762141507161407694743357031240422192510097033145858253872730033611756257315520163782017688129767113728611939210653734
93 680900617040171783359544006059472870471963508567607450127133356418050791044890178281541225098548992169145991838003816654338
94 13427619443900892307570862924520314838339536594660872103272456820911248559941039643575055447295023332829610118074958559681818
95 264797768452584483106466320280366801859176974149930184628541265242737324662950998355136636226736324072655299667944188146830702
96 5221912824563817587068736332364730009355240294278894786108464233878070258379559528868915588313524973268906291176374641741116070
97 102978109319780116783937414398455065818773271524356301609427263623313826708724561660235656163598442905187536657399386522234064578
98 2030767528173427450355519796466707974901304095373054723304175605325203903573417497114095454708721439673125466103923922127817373610
99 40047508938790237136415088460777685656103236142943320386454614262218470573277344424771558516049714436675524046277620328630497853166
100 789752125712303219296371050795291401571391181188364668968377060660117622517861326148603377658756531090748668454409592512730785087070
101 15574212643797531836214050376718844270476582122059315037241370419695785914772454343057028244058173462726692922907284711683589099337650
102 307129403742286408203017212679106811586230309462945680903387821221406571766528776127693944490923937071843051175972846328216358742678506
103 6056708791674224110551419300964501889364919707775682844995470006548455293353017488318058596642461553237591241166905428095348621439538686
104 119440603667909656914755471609053063013302081040704195510916229649566612083003265038644655011835813247208417660866455650532838667671542646
105 2355414185368351277372180257861616762176821356453980638168421461940832333995503496570665222269084385358411929905877527188315997492042908818
106 46449664638835374097837605807967357616539679074197691398506466140161961314309814372713881751950409515927341833692044011480456825792019908098
107 916005073953845499728132781822323491876560084438282172001621600636823678771517315017923792219968186392431668217805266735281671925507419951150
108 18063968858187815091969221871708543582609106992885044300031551303682446557387127333551516057338238125957652342118466862648276312539825408490446
109 356228344348691607056439329144233270999806089940534032626447218731588102902975022241849280239859646752648153972234169237143162148819078397049218
110 7024958596509700115069285247171402564303496265263860059147135175232233901360494632915235900095983754690955114596096534012443570948143745456895682
111 138534858513026108830611761971256788396428852577522999653774420920854939208908258242855734191083290653062417841334525750927790450325143207915255390
112 2731960161695404550210338422358853616971550257013000094269008757486983291767668079955540340214796152525039606792226732383052276842897571732397628638
113 53875294674581816703387645451588995112398410003226584025600114097843604458854095190244088061010949224793704155615773524466544079411789004057592693138
114 1062441325817780593416815380969692921779376752483296896013082167935083345144644809140293350358020879999223957552150002225757474648592973160525137971466
115 20951747505485084216265472309886143445692436840802498020559209807965854153005582707698027687804431944850752512106969813432244177439199625899671222707358
116 413176438892484510311760271183636803131364081902723340915721855822439800860617047915879503541268408096679829422048956110662354079847906575246059377282046
117 8147996705820482924053201965081533838724342283957859687390268179253720511036602497632442099988023689012701801361602211590360872102946868254622108712288546
118 160681597663261728255797284682487095985527141458291061125692133745079804178820194112503553360218908679047059304220546519877171948552769804056193365536522578
119 3168702290855731362142689338772481872823551967048363564968267964688447797432022891660820480908859620281208755178468629241328494519132789979703608975741051198
120 62488015765915312767575340860026015487463039075945493303716584780356377424450749552604735948561486475294996842104521369022552051797151367792442656442181561510
121 1232287465322838410696534887138224118957142357794547974391652504768416685153349430163641635516818874523429166244218767346652608347034250770846984116945973322338
122 24301178051169352888966571452379716259279422380255112526914255967971691589739745076111572471774663977693925010223659042827111713715242673502297742123856514757242
123 479228484661995442490926496882855540930107035663137885129846901066321541851804705655366505147395685816031881265679053931015307100653821509261103221534935868308046
124 9450568199938823618097628371559009926972754331700156422836814478737084709814962676714955666299785199496646417800017777092074402202583381743624324127396299337815270
125 186368803525292203426243275405596801187884082434820291721459686607920816982015668015602333833894691889594247611239049651604702147346785848136538469458930023430586498
126 3675263771724731532182985356018649814368040498822572511700710111970581960366380322801965464422297897813566657516057012681367625153264253012226329870358989889882412490
127 72477601059016195806404833002962870148952715069182649398016473394353326253403916152211228172201917498470291240202702099753368924548209132687877380433788958583745096174
128 1429285891174219352114540018295111011248845938899678984153236685775570680146330873622330058843398297986432505860493325665418757803915321621685173905670750661836840816382
129 28186062022751667091148823355299030892922949933003917960625221116233323401274384155536363897047835866792161774509089236789726322496464232420604881554886697560720938151570
130 555839875882162287384520523784988041302278273967699317870067739481806922977961263139866224705374784319832865554159892692997398345865370569525144887178839544722818763784202
131 10961374007170921734456465203909981229860883418972061397288523386398562431955665632144193779102046773857384050640858219427917800417899599329852150253875435362674424894011390
132 216162469334161986433815154132008825010598064583195727105380623562785813917770940199772647848772104945126448766785678443661193138580305657138515233327851744756092223492442166
133 4262806206418490191397350959266218678929628567230013890845594153980361147540681189584486919995915355956461676256821084624020104826363355397327778086764082226044006467769818098
134 84064161597770019821750716527602615140270196442509527388413419797485288960218201885016145517000591153756057657106772151077839018567403292753436103207148027970940256367906257666
135 1657777276972048257811997729237657832155557935477120919070781141001723438718374164526873572621497035760963829224531565105083428861863190362819084791796458944165056884042274745422
136 32691999156484321768379104130427918470556142022647746138177276093096352298347088497187562935600352372427472664848709976183517275974785567113853802434172790402439428264409792647662
137 644698671946866151362747277944622660298631414681969893408614026940771779140302143421249654865964164192053106870277036062160379857005368822804780198258067381552724672697589072374434
138 12713703301549645293518242247107763619497446714322634324617265076435949079115111441127400120438298036125564405456198148241961812607866070346491986667576568548334258800703778832988290
139 250719070277774699832293278486961260500581531679114556362122014096896564829298518862502149088770531454210552432465007133990513936981349677449386033600524880913275819673323630530149854
140 4944275535617529755196909941149703900147044546055421023014780494511575135923295587731764960926056076444649815583322124692370851156590011144769779856923635716940164342736247414657193918
141 97502996262000115218456614783346902736662617175422137708113397788563685418255482850047352101146011626789732466906657318990259701669286605881614413959363021045645150998912250981933661138
142 1922796213840097923609604876120682079767766684736317762864922681440604389094069970622249251405386506877325581857959126383817072191392142290465215314116844196227391517001470476556995606058
143 37918273506418444354987864023648758964048583481994921358471352141636907061186122294538837715987069647461304295965682756447360775911622467054349731518412895460251476062259088451983470788926
144 747762792207746530416569929749621582434155768745685561701212309128024793577021143782632841686222253417668773984349066188979130778632896317169192345494235097327364076229055833139308099481566
145 14746166998233135876844585805233076005264597828827510755769630317398766021993746044439254908699356604771108634479107465879884345080232262330879577487215615156929614526023607394698435662165858
146 290800028305456733965048953091694398452326326142064960514922959700866904176180301711986196121786958701987345103395623402885640424761390893566879793733967494544223842982121996768526717958213778
147 5734687290099647651036761066279430653773798798718424991219052266305759395989264973537924693044513808988758559473154914321676288840755061193616783582343469604937162035047438671047112247677332830
148 113090217036314288100606948061354249325270752009061700033538752194291163463717758945888815107573719011732433536754072707583241151931278074879663650468701842058751892122288351759598429135729281894
149 2230182142869456798645069808677616342967305763205674716766208167832450886055571170014449870769381752329693800312836910631766606431835567842882642339591860400876112479990842136180151691287375839682
150 43980041074434390144108278641937082087972028502582012791614277312823058559976587352974573126018036699811239271717542088249263894968315030926067305615860965192931943655750071834034515286745574407962
151 867303156871414603950340268485263898181377249166916508328594085419340803972433231100801940613616426241027009748216035183227594610323790544036163479753154912557713278215617223788900517653497181430318
152 17103548508425206029612404649274737832897421169106522478016027284780565684509259514006293867891028225002964075361491593372204446146217614500221596774940086618330026209010847056452371060521448230566502
153 337288489338941105636445493758224700427388189988119449793349592598276072550362326626586198631812898038872205122449304682345894835496479469306608127306801023042274816845342014079690601918320781489858882
154 6651457443729006791454843490908169412791717069720997509104445844858663551762466568203391849322622155173167687476093786060738820569990057267118596023112688374490330806853515183466739575489415057379481130
155 131169273557033115774730776883393756968893811469079826835873455239663589992772458861775890266223827636409998761517386880822290985028344771783853000774236545799503830014260053098584919706764264873560334830
156 2586708021668396211848309697392833597099156273612027763395121827423589823137041310866566741068603235936473442679297613061096895899087484203568346572316299558531269959613724033320832649443660003023191259102
157 51010867163599251264617705583691716452424995781548114887333188093235551492694672965889013229793297957710377303870830494123071396890408089499510521980197023748648213027984327791979212408049514678931553437810
158 1005953724573846157754211225631395918859988649985769597218930728551140903901831803180282761263715635707467241662698887941042707270804280807136134203657729610906797429280304292509842621063823959334603704686442
159 19837790499395861330403783551223934551782656397336412003254325593865337636519825842622330249433568643524948745145417792110083574845561821273520539285628935653875563762736109593604466601176464575581444305018110
160 391208782555714302947665924659960743823333827944797126360663951391135146513983020882315988569412594101499014416287778665498465298875713386852608409334302562098523088968592305010952730432466782106110802728525878
161 7714786157933513621225228579495003707763821426320508982299522792109777530520132944893031954288591339159837850120440814622511614570953139274468013316785330884085005784944068722193609475833037106411907432660792402
162 152138520699407490787642491823923170469770629020864063108481014450525016817348916834185558485151388487458551343431206408443547212888320356702653604209016306947776040871406407732879875530808447554497289498080267842
163 3000229560063914339128159071298584469151269461815436834642636407023622694995571038709097694829302163519877516616334469285729068937563193437386091601012327368788157435903330204217618342032730092659740818296683217262
164 59165669363027829041309406937004538196593766188357375086178041266739809374293309802826196760785346774073074294078508309566483280203321155952558068225420164563502930016931325391362823664120502164902131448984420037198
165 1166769529162480677015698351408722640862118497592302251054120119178660619443322856798133259331602987858800955001998589907621719175411537529956125831478158418904672228576797401753824132936744641504568977233271215731906
166 23009139401923756187453596062287635235593676510153416512135337376165247655474460029056724466947710161414843315949861903131730529734449535104249894889466529402451214222901668807084107732904984901661005999029122469533570
167 453748990511591313084121893899810063117256712244909204214927769070533074953750532301407328669380560344801720214792724706808213229246894595798766234015287157375906590313700053882705029158504231004440710195519522050499166
168 8948102873116332860453920969845056523435364570783417692616410827996435538735664512556365578564833482172855580422202225318990195780449261326030455799998202857690078721163224111757391134003571605706718919508488811742949854
169 176459995949737254291128443015453080222083880493393484169785183505906547298841239368048579701768587614405912284000578526578486690230455477952356357889522144689979901022390198612278224562981978380641288888696110894505986322
170 3479858313222196044985262525191558233788910105242571948643674107026657315952428319391980084047325920998919908391844315368805183584588972309952875436168389187324843125354076625100897691762191028242735751029037679241610521482
171 68624131010129144081014003796257400066315160211498038407011416115291333297668360658686919045532546765496076961467141574468088874389883842851046171660126730128993801195022485095511878368191888506865223467111139312818506497758
172 1353293994471513371497283940810925347148663657567637830795551463805262978754324294455607471600300728876036409647762461150657315544899554882910263880199587990204721097952333995902315898452235825999478537989908666714624226514430
173 26687472883297323002970811234510491604126942760020627674332865546319516649647154551121288800393723703165233829638261468255999603958250882988350917184922577979584438109422523208860887988639511185357154629299776656080416484261538
174 526287127413777994661778271857265330601832096151882978307691830746900868096688921991995218436766421021613051266350979121210405537802300798322659915135338719309121767646244628135356055262465223820505417025837153092908706704986386
175 10378582554168937640897255389015197167476079565618412894841232806237165426611276918812435594860693629120748763302513366919077127926726659219929612136787616774171098096597469822440194121869327572522806352518179490001791379685079166
176 204669599963466430711267190369173491022197844923115312810197359386568582345459296352739926507694078902648746504308203474873649390690752394449142436721355626760044476637564162487423761780867275473577156797668828614712272674743368038
177 4036162446130841675397131918150460659523335361374214574858304072898143757450929945494230846177122687192514328175949205408829179057854982033184134320543255917730181274953994273381893121235122128727579365635688810839694282459066419234
178 79594660342643834100801992969173143486787892605816272518657402123407064714733525132162610894418739704664907817012835042986580095460064658145661794686104265775000444567852261449182815563751644958489628787434824469814866194005736995322
179 1569637010307653294564715144674289432086602706626442106111016972499963973379066079428885547258770303891521848958406303125403000484606980836190570706497632266362131608090933508314918996140080730578101730184925631023178972729917968632078
180 30953839535483986442178999654701198827353901695524927663839224051256318816566715643846797879995701601004570081966897461116468845644616377455638907291446171655073842618558823605529932728185321954279836390583151808934362212633426075611174
181 610421502357856169107751467183206317162823301664479148573512474125431775701426732260862195690367333958006616755144650588913917328200039742612272793436882725104431634116811971225658877183064910761819378658544763501699895171348783506611458
182 12037744465066281784806472911503468120457386742795829426795452328825689094691823969332729732394108362096596600742078234644343009762922813052401286796557280815585524174620579726477014335500197350912322584864582517404783614452011242290520010
183 237388904628203641821317995884613397027271487870486516883103985957946036568765661113278044316009941684792571287629961794309841989935394961582305584535282825250196553628589408472186104590248867805583990160862936152103970688458776460389116654
184 4681399593097947765396386766566108797268364857028800784435089226061229650385405465567376333341619867600981652737268723126508937287032472015492320880119976927035143917328938610485031533728254094005706551783846880891460221403863661178117928446
185 92318982576635131367607687107816605673310092750208668081931350648995433429213579308114600388296163824690860754061537116861277095436659740787192044770875682104980012388843568477087900142461579855277717947635472911368512609466829966693587761490
186 1820565489976693950123710040506498837980298863159036706799522384290468438856160610839468130236406418078298859006259380816992639515483548167764370398742839094548292860286445452358959364217737476169512586304882527039273453839137956000507615734026
187 35902244704036967483785777896691540347510634689981558050249857338965174542062404602813535997717699528178201931998922268767473140420060329265899501829394000791722833852258879941953385497045192810047424374327191263132586701570420797047849752381694
188 708005936553840367799112162415488244088858434058212650617777421845452004492600282205720608721925556020397830574983233917891315703393731111107565661101124839620170383839043674590937207607095459581166469384828484357882205017289007941979241343742070
189 13962146665974785142298923434331075002998384892273046440603741899400261332112968328794019770766214416093109557444722099525923517512699301114920608639385513403195867660924000337171617131833315923357250844062629476950305111289364759346028940373062066
190 275338848811144768676462875521359017634220577449306575392480337410389802287469549753909823787668482999328997194005370899973751539863804885134821953371844277073972013553136621021566472422859120200640683392840070684383796408496428142616531376230753986
191 5429786943106399560026006451915549262191999678522224417032446583206626494692339899353781417253060630790060702721643022233795473442178973455798698629131801775487630994806584032369291215339933607485403857335652731897832931607958185782612423961108579214
192 107077466092519616659662237001609168466658019991235229697960878218254709207142737076176084370877820300764279965185797432285881625462024008481119382671592484996481885429982262937257144489770208092172193756067795528366627745671875705132997700670610385390
193 2111608404700164681538702149111890661859274190330029379422516686814743364348293698757595689325760943528066280091255135872888769463866981757065308591338941415785656948682108434701678374452884695552685556634134364998723851185938064841127031573917888216034
194 41641721806787044524570742896149889249098716215748434217276848837351886142301556019411271694210346967933684821518971081392993080785393423647838741589470349317921290372635968951071495404330326884605175861554621975741932438933317502580047961076042274880194
195 821190610519503794142827009016981189021226794140302867812430024429574210129492709003280330012316057737984839343420944358682734857354699710979082208414774577881318169533403616095618249704902292913506163208742927200210057127634590392718645443122971626866654
196 16194191535458667717678874822791109008252252305353443927160257801163735185779886899279623550867232116079453452983171044781852549809798660091400728993920634755601370913499866726626048283746308035650061784193818898064226958253531086682736648444741999250384958
197 319355623563711601433240692912496026112368420419566956615908361616503405641549311259458867054772618560270855127426204359193195497631184218880717331096664024441941868411428919213966982476923207733558076778116180050443370726868267900824848178961321620963552594
198 6297814502098172475999990091197238037227429550657547382085045811298343372996776222552618017087491807243439162968811633471205264772783917883685168975664828194550458474315134375303117370399042078136125435080674492978628211202322183781776058266063640960956669994
199 124195300086598821489393624232342918735268811703306920833423281219568431346612667310764178126756929107178646110815868743980885160877467844616462691694378512965238742223209160625373509950265524376807027392520578889735925705097285140589921963035740917744002007422
200 2449178609255882987629137629459508980754243291121366661604967764766100794000106297901186828687946630191666719346159913900716922891229142196809266689176141926521330792358679525102167076499331661983270515245864378249149836014016256737075598315739914356923212798814
201 48298734781863465436646201323365035499086507362163416708137561210763911341637516406627206928393987215616279947098578582017838693300923840532367361529662097713130253921798457125573214605394430590612572630753283190353382571900326697061696090205374463544636490775266
202 952469441270163799613011845809151427424342344942210799095635239258290243867466213168290317384414488824615406837437309421888027860615644886865192796417681569418782974043243168940525767880026457749849893581534480107108124129265983551049260648032474923863935820442066
203 18783060066702981742908520917611155682903274446130444522560022508832398097013075473031339206919456373773096994120455662733051983486325502031314709934363498169703588262600937416131852101393158252928765745644398569687127222765126830405014882442495702900190901414950558
204 370409096798834821577022438984883211797888111456371515009810397887279588447998082838794871074938809342786945550236610186193782712557897530372731834491597916736791534537849652536887946244321809593860799975072573625959433001976944939956530281105157817499720117360030630
205 7304608434626169634314347123702064686033362129133737826755300672432679431040225959242157138304913408064146533109439978391845621107865539972788132880340026702836133563982392822867370643199636366158150704655337381990249782135459334992582485291540232084516444380184127874
206 144049659806788049422685688967981047361956557063223229610454933592109523065539608362506729077428317735022360387497146308688817847796293477645840743836827379696503003540174078107675131190879283444116921226948457600876787575653691363525914278005823759380115088682029263386
207 2840714143154931981932719670640069748380704257570120597753352023480298966997214273061248342178955963538140246187439612382875068558588302630636037387026760576208228459536244164450978486913348630854464767646614756829268971374632050026232936858224638936501818916829045687022
208 56019964600709130624520100796998934314294006582630737136168925354160537268602115011212815647579171677192664587881571968022693170380717793716726929909466815112951802624342510132364237080294033712400472047788793702085009948520050368919468811909242964147599278486404515394342
209 1104735033416400080466517600129865771842388873887740915726619074999225417289952682556589014387391430380168192013679485508567365038399265908428470494530163175491300096951775843378521683790296889491261840039921844596434541649713785563737461247776803674688351769322252554100674
210 21785795524085097827043062745796413825434096704970775600090672654224521551605938482527954812420242155124872553430161138709914196506024943702860178208966389755204163523956713766631492622644822919854266860584756993781914746648041412120729414428436851607563411942013583026244010
