1 22
2 484
3 5302
4 66946
5 820820
6 10150118
7 125165018
8 1545006848
9 19064074106
10 235267721766
11 2903258039792
12 35827609743354
13 442126584439650
14 5456029684316684
15 67329644638468630
16 830875800786510138
17 10253351022098657044
18 126530600384767481782
19 1561440002091400759438
20 19268816361956572046548
21 237785174046130636085754
22 2934367529979599417559614
23 36211310612718561595022704
24 446862570266668678452893530
25 5514469189631648135087012386
26 68050833673855736023671267136
27 839775471474554890738920310370
28 10363177119522556969008023912290
29 127885897669581637098299136585972
30 1578164942482277548227448718977582
31 19475209003219879812741881173813198
32 240332144954734831554889195623371732
33 2965798204732597893685567035100608046
34 36599178161755626730629224319901722562
35 451649016436266605363838789892556334928
36 5573535917836641780581707896604049934370
37 68779741562436635995585841955157228874610
38 848770496706831955153054785401272429272320
39 10474179456257328701873389786714190093385698
40 129255712477688440512229436644910537697905030
41 1595069024536713637847404291347090971840544912
42 19683812376769651397016106901911705740926330662
43 242906396979532175952936654664910627218464721358
44 2997565540871166336700382715962142278561806307036
45 36991200246469331792052716777022914820165827028766
46 456486731321549980128796549492861141325083587354578
47 5633235323109637258129197477542690537424344538431380
48 69516456948618565496902721349438114186828592783783014
49 857861869690453337181185483777927794505096817992491730
50 10586370764159388302917028516429568657231054442098302088
51 130640199682365960475447535439376424712649644205744031858
52 1612154170041828008198027839991743072757864395989508932294
53 19894650148288760941949918282091203601201874364117708956000
54 245508222400675797524903980863358593104428006222438276387786
55 3029673144140420306685339871300858413037045070682455995410138
56 37387421368500909618699839250161605679548042446396110517266356
57 461376264066409083530475685036806982578480115947791835135272174
58 5693574182230691455844605157267084844666193492768213717728532682
59 70261063460121810960347960428397452259890350763647020073327312708
60 867050622428729275218429802385502908132551692299914557250224225494
61 10699763778564696168035241717489731738662857070651734501131434012806
62 132039516442992481133541630376186210718623118363763383226013272837788
63 1629422318409163785741805219837521273675766352596846825895681223222402
64 20107746250920170980320421220260293670619625310916054398736675879560494
65 248137916563055902816973760807631452704176358320198119953768092342247232
66 3062124659218653840954462121349272459688101052190801370227260743027892378
67 37787886504689853065211406132669627428325162073737159695664719643210215898
68 466318169703671512665612768891494404390473293400305434711715058491124336680
69 5754559344534766358039738340364217308244565366241130223733995859596303440666
70 71013645620576538993023807833414404275667678679178772038170179952477194320930
71 876337797978262274956972238143739651706346540367719680488868675635355871745908
72 10814371371223719988823873327619465752032585337918001595169524385716762758462606
73 133453821602299738080562390980050570981633812417665176293692009394359382455224662
74 1646875429823816920436233870314379971953984537521989771850044454896353197509710908
75 20323124874159796005506876620151017028109619776351618431625665455093962339106785686
76 250795777975070401487396820817095981696276669167999811212898691865138929016026279986
77 3094923769823127419340165729614435471659029296205784343198089254302402610203306207184
78 38192641113632805257349127246286448699415357795723845793517642344670605783312369040626
79 471313009211246981758085622268168372941896516789220636136765842588119461253225366490346
80 5816197732721602519531937786820791581022142733413972895162418738502938558723143160968664
81 71774288858964654230975662049322374961224299446476383158032877090140755419698892661547322
82 885724450568070317432641193083199705305348752265588233163422786594278680261114142361936198
83 10930206551759161273135223608107868525432166410030716676457440480484511510809288883666795600
84 134883275704419934887863010418659159416942407673979959245072398689721275773196890349217841526
85 1664515485466869782215020669080955389378160066420148010856393241499953647720960843483981032774
86 20540810466602718667238056719728447986122883303287884827965153558423392441583378132522650285956
87 253482108342508246629622832486298612840862073733305497004307587615516549908415284019711463769078
88 3128074199128231230285329944211230744118395964964515533968055983210183140592946232541764703590114
89 38601731140843731491380379907597906170159788157721893798219033585468317114958423223123011294795476
90 476361349575806622371446940677305892402382540678102137268530355184788603054159073103991640909314806
91 5878496343641544974411491195260683668232117713347072721442901158875875863817317918551521069184428826
92 72543079519317230808468039077298596244757354281151730064415297238211781608335751185836479109249506544
93 895211645719257112165973859935196801219387268777532698943097979799836495132812170805481382342486995690
94 11047282469142736149968100068889644130109561226737011155294001058131658637865648694573653486755938139318
95 136328041013109828357021480369410968926774111113896512794998125395751738996256782326645623433656823517280
96 1682344487740283927792969875985238323882598138841818964078827081190547971338152305146813625091502507885978
97 20760827738718459622097472897362529364962699916131924533179099241080798675358445958446967804622114306776754
98 256197212602797414291675434616517681252525371119703721924898789740166876204291921693882147901823473575217036
99 3161579710188119421513998346579007767363661576245138334705713593288756028425667778031254686478672422270867862
100 39015203023969400929129029826874590461206982398897692451521678749476766786419979596537641448273206934620716442
101 481463763857144187553787576287948067026645553074144942978649618460874235540240145940226897191625146432290893780
102 5941462249089787151112017067605006525654181625606740147270194516701484729301167794230065118206210149502605887110
103 73320104870515811213742162449041528231258079036404501369210463416350210447041740794688499457535621836050627781998
104 904800460365964184351171040689387414105901995185075645133792449846244249384485876141363493056062932152953668490820
105 11165612413187774218902826308334063362252855961357103370285249265049938385156118621531909996718013262998753249305322
106 137788281530170016496833585614266584345213833745379345274388037317905303556245545548378750295652835056177821329907182
107 1700364460494201742836504225294861720784342017379645915305144384133017565538393814127888450440135361261109332412571904
108 20983201665655973937185009509604100702147017358240347501961333864459169308690875050346954194620755304316027908815973402
109 258941398959619720814993902953246357311298190718574172370062928535124713966812741804628816541734837875404316105842551890
110 3195444106363871282069780689727764583035565338950947131696106333718383558088173424087401972845993829843112214733203510784
111 39433103698060732497457772011694976275964847072497215353198423303169614767550314937769629680699749937290771771350988742274
112 486620831253226643418625766456960546013113793218298565309602499056050292516911437038903135516222175009499606636213778743650
113 6005102596609122113879777012134634759424216884111332641479604759866541294110055777319993847883594066415002849885314340034740
114 74105453116198689076301807185392144455802782970183798404060014257676152303160549731953029699876232331835311183691168135080574
115 914491982977618507238522003462067049820390097542894345677469616497949761846328549055232278801402252310276267225461049974128750
116 11285209816057804963795074900174102756147275966217457846572549550009597522401524212705576711523189932534381604490783912316116548
117 139264163014061519664632487868404682969092227184025761889388037696354481657284620972296445378129607628097656646677940682778497662
118 1718577449256682763493121381937913981511250327604208079648245338924904627346528918022715406788758388739049167564610167295550427250
119 21207957490078692445414061001150600333449598163166142404649474363031720087907181704784137932006864341655729245537180939734215384800
120 261714978917896407319881946598158212020550651565018251995867607381632699577542167906814650173132927799790068454580224137673353495874
121 3229671231755227844500335160733635421139330048632298007516095213970899730016046673280816390035662248140483372667543885425635157585026
122 39855480600900603367309774918040906877967290303875374564342569747120561096359755266747269774063712204733183461780097120182201961819744
123 491833137165941532342106743018842760259250094940931991911221044358432409487450750874795629038546455007381930621563307240563189546911714
124 6069424610301292254563279891085914317678331476625538382907290923037693590470370873503135933541098615894371381828811034773686132145718406
125 74899213404773300392286795098227076322760509922202469390525205802639728255537399683550792052209869371148137998549759070353624985941434032
126 924287313682489556588714985380489509933982715781023534228234850804146705201782021826927881193724592413753970673004270563502694068532113046
127 11406088253791302977147177924632977363411116171181888942297360867340750877871827158647624247325616381704215740651267049444139464161599584494
128 140755852998721768123703434976732289508762595586723547392496527956160858327953281773142299190881316760320157072131646638733675144460473304972
129 1736985521465900755681650458203344647090036619605018181060518355487333342746727735049271081554960167406432534460697564408802133469300444682478
130 21435120725029929870724683620798014968501255592509546562465363631298780563793281390655416651152990261545604681256886804385535202571910360054274
131 264518267319148462708425349183688255462503710334679358284204170101160178487644142239303254517831633994670231901763521049204888186311460570375300
132 3264264971636952915549167429855043447296282685574228517678313099456948106389708136272510423192358621184881457774496711320345286741065754315808582
133 40282381678388724795784502445826904289779312191808742965519342036063253960720081443534749874626984367503195965978274996813946619091915381872218658
134 497101273267548571055070304533646431340200272601790746205442331524914020184388661415933907357950981716272994576870052011128991195816870897470793288
135 6134435591647029534671568727503822892786147731795265582164146149760573995703827679570227630726812123773641662959794787059922286205023353180731509074
136 75701475839535859739441421043529832723010453483283392628752948204402614097532152723940738930397763757341210013203892537124877866395318515931296508582
137 934187564392569812715347440962782060467752304446458966114073846384568827271279181896094955778541254865350944726496661404531557120818077657187702912672
138 11528261447842765075837040934756266650874872159123842805499964997509587884883190305110624271419262865635956818183148981325664435796836998737600496811706
139 142263520812582131904069462850072548271724300183682208470974542290986549255082162705106861885231158070631468917184642474494932040285694587096935840775898
140 1755590766704827909876892140208422608398360814842089745486623628472150410806752700102853499670070666005781997177287234981031396428803853416257539076119876
141 21664717156828984988561504955393671937151001726244797121099132168065485052825936221038175557692649871800256691030924821192840736140733581892179134739591166
142 267351582377235699093993883649988051776847813654338145083229244698958123915713817064581379518609955704746862161153687792692666227291145117352456442342026042
143 3299229252899868068655631978685577970833545706214204498853462830107268072827078355642798971169669674924341376933378163815737382176969898041381141674653284276
144 40713855389984196592695358844634592110753367465284397458213796960902824508828590813585621861617757098196832772549584383256401866477894652657017678890220830454
145 502425837567843026849410409165251959468139691506509984077966727397131746632363464771184887969725901489800326549765387772074605778019398855968145489635029997046
146 6200142920334879364152983942742193041098971342378611305931201952137745618300967180712052557820996450862002831206772648502188647516756527114731600832822250815132
147 76512331488899390207045639308099334315395843760043507510039519857804951353968107350630798420926879988307814593533191575893664025108108298480976308157751788550178
148 944193858929792885862431290050892366899037718219754269713971926961762409767286005379296096441607068060891382057160105491112872138790506668043821655744681958967854
149 11651743266640294242791142857875330598474224708117902518866038354808886114211441057083206327284968252321259413286989721551439747506175123685453322269985569937967264
150 143787337597789151731896214396673436963982556894590150237770053192615954060743178637479116307572034495739198913792705369394422579308807433230391565818655144930261098
151 1774395296938432791445878762482707839340233470890169616711911270173569783228303456684628835265751365024381761645124913640010356533100214901771491981710216863279611130
152 21896772847998261570955937132354507295893668304544840781826546561745377090973305052812799743626902309001264014841252925684571369681151096585519154316987109730615504376
153 270215245714478636560332363984178393016730003321629333838245647181126597592701268693233773238904906417580984354364894780578639931090907429852702152587747965156862405578
154 3334568044496611662126423176861285863258431945523440044985982987806382425555005427150344203331290184320748081421598004205364635575917694570926087125057301057738533656434
155 41149950714206358020416579781228109883302526263188403181072871785948413021082205072860743015596442019569094290014748949310770225292575496385396862314740849973388684921380
156 507807434482038495915282164030446884734038005968543196869926104542247490328019948545897664511617102734414849792014764110157946780996015739563595286178084290404494227038766
157 6266554055098902200416259912150945869528700870043106629627151731850950957075089153825996964149441438034332428498846564185531962843782415226522110090509252191377630352424966
158 77331872396731308070434368530008435203476029468509814094738684849255081010345791051161762412431839795932169453017201133908129764761406527377920247618999888855534201701954044
159 954307333153603592503322262735157833414441689795209279073237167278641894258761695140096251249451343247096962220556498834247990325669545711639646955672540206183156273939912278
160 11776547727159867202952071881191055879294361886900088589842650335470370490605670738963928381395691912275719546054980875922180537107323713904370275495764695906539874665218095794
161 145327476329631652915787397579139731595807290733316467561594898168242800010829862222031659613600770003366608943736276932482823238184974680769085276176254989105943583130626426544
162 1793401246753418971940676033050065032289336857617284477197466550989333807321639570423459712947146761366102170449019730512299276333736060646959852103436226600356718219761695178082
163 22131314140221742386860856566512857897147699259969274802628623408277444421262007650802182919504127697651457244437250191826049038983146805380017377548635492689218555319625657972778
164 273109582398167297607652416989795237901532022075618827239397689432839890205449769544762211040744982370463521130966146694587188305335185928773541732578821794452676580105223723625672
165 3370285357892172483087219580555792641434166097361381421135915870037914689302081913298181228964582645246815233127204156017545113927805534595606440922324647505897803926241362001458762
166 41590717154194559553316824158241379989169906833143721871733790926278648016703295519702521770878199800410073371924301521312683828185961471116884007619030903738755039331904641144657110
167 513246674899376789488279274066532479132982079810548285011469658628589184572604133214602989241410348025644481325635169682658434665171239359766863011213398663482532773875291321223219104
168 6333676534565347958865718465870286497649416641461330206634742441755793309140653076273121170991333444184108081411105091946860161995018262328520032373998391539803173595461432674105827638
169 78160191592801735675781491310189049362403506676995649155116355388764366108874898066634837670732168824893996212439718784615297540097959114302216152171067396188919908475724663662937385974
170 964529135089894463613524982360728464617554073089870281102786250696983986178381747131078506768550930784055004781807134005679437507324819220606355133009905638697801578746109689907013511108
171 11902688996516464335725325066210005713845602980719163765785811272303395014332531565466173276293090945314681745354566991758223994105920589343594554299610379502722466449369267274675020024822
172 146884111836175947448941742133562259970359105726012994350411662154530125575646862843008754752149462891213177193040354127806482847311874047336263750630650730632512672859830569127326243985506
173 1812610773600531555156757146747777460302579962736620721361166320229257744532288908098599500643161896864409415779561930076912991227759851997376764637611828766580547419395102878163955492165396
174 22368367657335152087412064105215835451333603379769573350991024076720236851857195104319845113595341298032362413143546181208674521076023884174247670509746010918908594828714071129529074488850406
175 276034920977461055562993266940478995308659856725792286749306657091792164853124213126136550486903158026634187750618584427933592084066638779875505279991509824322105280319524709294642348989335898
176 3406385247519249159312366578103252712798952831265944774791624382724997926608020511385845576646829517250590623779164884268219794088017828058840638101143259531349254031472224329177228811246283840
177 42036204743327486611448386784217988765860670968426986237148382184185631556268494040648370830072291075318607066274520211710837994778142017733953171955877611190958364972517619345074168045318340698
178 518744176252472716022978954630615291592387773234746288301017345252702545586142600257389409963392229405369397554172100244952434748702999301966794673510945656832370195141127288007176881091415543270
179 6401517978108399344766467043326860130709914863165324910097957154669112601156386939580626603514232478578253695128238437799584611235852587426385749200923917828479973695493217004294291054276927283088
180 78997383103343728570081703010433807806908676697410102286926287976882537110005737738790261829642109911716969065191601540701343916675786731543281633676109732866652643968179148382232538548506401069786
181 974860425061323321079657289271718334909057808831335017863367276804919205091281877456028622745107479295229012388997102680891408089097508558331007046257779737225947305577148029095273583105719600384194
182 12030181393572242540209664915839487208299100856041330184449759704978080322353942119439528665110553690652292183902642633620357382751195250017125627962759256509242276270224127658510075933614319558653420
183 148457420818111353207170504497924016054555827458940545537253456058265803200719127323840219402753701114434034064280502727797822245392315792528376677859201862645937073902874613887823654534447111139052950
184 1832026058039459103259250777237078974699812185585491518592534703031130543486226562481307946995589785844204847050677483964585039794813161343441733380555382979941893172391265321045055584437275764484327770
185 22607960308348148402938525403565777775502773443290194227646139561599149313742087664767428985802717619490394035024980541063827508179507203875376434905874302779987630243693108622939717477732780695324291988
186 278991593520683725622412066075313028037160584511800306414240106398620830503238197686743642330442223120837758799891825443823075868845042840483716883539952194915300389422268721025311391567010591880934658678
187 3442871811238487028825073439948024179747981241264937321635770892727098500364645955655089540152214304040775869741184164265970577969758814270639769862721742719454691306092622181973439137220497282269253609486
188 42486464050902673143173078770584516246750082958180540274841608840222156408153608886960113546208581451016749141320062461752942509312921199809288261648431495397989638455598647326347400120178687322684892183892
189 524300562587401631030600683919686056772951441467203300220420782706676279472625583053421049433969164561932147221329295417000020085177262271194018851075351036181367905175552377502502180463762096546430273917466
190 6470086086715081245709510255460571335146394560084360215055013988434839597738009775392017709805433787773352905162731944585528826752024885968281119212421346968507617306223272897926066234815583495918969266114174
191 79843541961726615615152095931523272308646320625538551759815015607655164146850913784519312935081758995714510700063723623488229776438491567866625359021073136438354539789694736363725262104050311875409159945948944
192 985302375819026715178105701252712617824731470898634471891503501302063337125546482040997053746312713117222157837549636134130705208184600875628678104656687680570016748243197340268414852509425054039940113720983738
193 12159039390561933604137459691149223534709026226238909714461511879062143152014884555407718533648014708448805182787548041422004650692656805748283614172152955319178640277301738938343829644069895662784963678894175362
194 150047581868808282996812942134857064514758128278197612060565728244714458635886623183152342259389458622731240461311624933086243190424447211960177005738351960862962684843805891979995109768832439671755971597481312480
195 1851649303986358762894885618888813956889648909330907455365206357946264111698624034782919401590835944714069081731921267262824086023799339886128829265654103146695313175805348705379765040503403209321294645039726009058
196 22850119290498884714220940732972687943787615028789746432514360396177564693417438527470292258371326902426195808936727664566158623129987120473298769671275321218891646806561554403833972684584453247575770711043805698562
197 281979935653018132058331015803205938820514907184124464522936979394753766369957190310574071756477600375606234967812012088475470187193029369687335189569447101730063929320229938927633284117228641306626684939883482280884
198 3479749190803644710822743666639392874871458351138181099777275926511718144302945043800551212910853015351275802550520436390752437805022871034076216105019287958563672998898164568388393583329148391570321173482424836602926
199 42941546187876849763825969916079552747747082897802702383186243195267993814556995311698805955415565800368150901583078966229766169291899181138550224444307862400429661595719678955259481510240974102930123535226577378916238
200 529916464634537710533419506013141520014316356745973518338057122248481409319625941500967481156659107797637911225257071977470853357352217890463036595555228286476099922807784022050992634136433522935569320458674484138530452
201 6539388643859434364427399566241722421194006967866908417671174426159201207835210043822678004797477054332678336353587747168772816981050538291708235950130817403100337699159604808500886316454857673340302930971279646647209294
202 80698764219243663664438325604513357933394072412137076390612972897412017786449719736028314766801101130557481341391806979756263355785402795550513513779340876420810558113151773173778329010837540090655476992006208917421321794
203 995856172675744174507364640347423210035835461174460124413294006481455302075968418562228918476520006648049722918861975263940178510512699829128682389438390387748545415264543789960067094957068364351352785093724124453863404976
204 12289277614735652582795743591539872019878820663504646077387004497769234543764049141362087064065509390896151383145578312865777011797440697824074123090438496980610616567142367497870486965824562882826979789656090445210942611330
205 151654775494591180336345781045892216768194075384472225741959919538797672061034606637924645575058846130899773561614515478789800306593530441877633931679960044699230443012262839708830453388115127394464960245220106116065696149458
206 1871482738964032688978668889800224699414465857117920896480648903372844851385555821218431435000638563761462062138509026522062158459603777061780818218006642516956081911778705022233541547324307911314821116885676523616724576476960
207 23094872092341290735118308282203383130238863575577849242766631746484033169839962529630196775941813465557868305255042408125148307358882668321926090904397869462002425773729802497810154385978140819644308190935881688517280571758306
208 285000286594604430471702621933063416433748604787391437044248767827521255604267044448203903141282751369130915550495177827356502912405892955458898244480432664666306631069053297578488832783472064024458629658950493847917580331656550
209 3517021572331743181074600946853719072623631042802022570177745847889456581262388258854158985238929946780996346414381890676150088946728632196154160285848783987078399066025731911155800149743603484701002376190094970562143035155601744
210 43401502812667778063121934038276956216214642391779731392670410945929295661250005898713631900300356857161113718302199660642595002633659622593858180259235164582582152049196350489278744766019539811636931974317791667725175121945033894
