1 61
2 3721
3 79353
4 2464241
5 77937497
6 2320163321
7 68168506265
8 2020945709121
9 60380821140105
10 1805255994953521
11 53870184420454537
12 1606029526149186945
13 47888299964589797753
14 1428391142485388208081
15 42609054655547072314217
16 1270959714747561175447617
17 37908920544145780866256665
18 1130706603090937859255531185
19 33725908443088816218985224329
20 1005957846167801458284749500705
21 30005122606667460941408440129017
22 894973463186986175732619571787025
23 26694679055144384073680550294474089
24 796231601525777662954347353197595649
25 23749487313131951575232443924374099161
26 708384534606534184130292833753611447281
27 21129239739444759341116184016915636690249
28 630229396158762543873495948376675643457249
29 18798077919326246621611770865049178210448057
30 560697009629248395459825143226077100513624785
31 16724110772788599175284859748572475916190358825
32 498836048115560650942782159565388361550727929793
33 14878961629677919188958161297114608590064514478233
34 443800122328698724691472320251066072431307434644913
35 13237385348088729745561625068608508254914425677710601
36 394836238366896861492641902695047254780974593049021601
37 11776922029511995333371940179206307265079182855375045241
38 351274475343080370232488763849716535527620182681474137233
39 10477589706084170229417109920535061023994524647482704783593
40 312518824328179314120974530572151025334668673516277798825345
41 9321611009805399599583985999434905211171896846674405072719961
42 278039033344305552631869608139750218047275508548921325220351857
43 8293169923255953552751082390673947913701476166539879699076481225
44 247363352363380518208060431375165541175786975635962296550205176417
45 7378195389544118604910381667112051160199845467399503254191534926393
46 220072078932473388950096266797345232728308686630233251512003117962833
47 6564168793130464111569840268962465447239768437450519037246639116002473
48 195791815816511706191850990319662233209037368558650999341467628573995841
49 5839952680808921639211098859696525981608473039426860167052017736205269017
50 174190362206198171070166643660452773750212471023220626529411598704459868465
51 5195638379954167611991375823021967120509357078612325899193937431271864489097
52 154972168570945174285406016783655174757816427869390262191507168194003106553889
53 4622410428762989213377930044029178696312860692091955531383483755308250107695609
54 137874292971226418642572503918321701834444035005465236314950704487949382723037201
55 4112425963741753259776139121387574127414334567189294690046289518245025307485010025
56 122662803505993294374314736823343824902904654384223965799420212169800984513103862017
57 3658707414214442387985082937449365527940461076094556352800132470030362638710887217113
58 109129577673264945697922933061417786324626641891331743914795388546332857875683756186353
59 3255047035703507478606804134638213773630078229218546552535414434789662237810311280453705
60 97089454853062100196830695360481875812195628645617835754500653796742067839634283386699233
61 2895921976017615730278217722239444209905731420565481459243279882370987615315271990655127993
62 86377702953157276878471016977075234513502086201977648301320071259268530187204966503695309265
63 2576418711986213357075133209676831116368736119733334557977031773637968286324850475859897902121
64 76847764556467276583887339485892398051826560929484134709079823621717711219759879364477383218881
65 2292165822989811237617653312362488046007351304691615857312675823228231905374717188116350648645529
66 68369251733040760307093364390957880583366572955484384984212770394067950660210357557802048551224497
67 2039274181498288001481734728505778617733326592287467769559128469922249636767147790157909489848964105
68 60826162081802773813764929352743192922978056765704083232071778860989774600575160174106474047852067745
69 1814283742308462900260902374107597505520357161853413830027285294247892771968781110805720159048004577657
70 54115291594068027102001249655080408441094269317818638126812201334683113040211434217794803960472325546897
71 1614116202455125516172132136372296785901939979885041347634738845994972628179353468064136675908985056038889
72 48144822623735977918091832635433397042250045673425797385077180007882413130929129914832935901631803314277505
73 1436032884091838417212449628678338223080386118457926584756789808477728048187623636871697456261263890406494041
74 42833067644877741900432235212669664850765732735290631337645213742816120304040416450013849012517905355066297969
75 1277597264098124898196638861074850952870139998249229879790962508995905616074445436812498117962435126009472473033
76 38107351608896720927995839876192986624827350832642313156792205886225350225342623201527833362403450092867141112161
77 1136641637745829314855796843927319856910004986236441144871957620078379897494771223025814237007387284131848290812217
78 33903017609754213147331918873303625414311226995826526299008077461672748410729393104214944765382504898966655883683153
79 1011237460319336988994186617791945759397976983499046485329874446313662234116047978210660304212458907139985230635766697
80 30162542252843321686245309273795853556818259787016571027290149851012495235568891151121066623937168915610039665766769217
81 899668960905840163816960401061415285979653619721846866780319390520862607301475538125158538209385308220664158688254557977
82 26834748624051884563136181442117499023695768151675348086018788591768609950199535405315343687061347546837785849291563053105
83 800409667341431105513779204911463692655157867078696568162749231305444331140304555254585014731436517056447109660225409817481
84 23874106090913896629734175489768329891351823980578802691947776591595652604413615520819360553606859629146558598327325896761121
85 712101521129027554199741024360865523225255235021738260431939302021745779575042337290690825743028352796905152713595393852616953
86 21240107355779267783345034750862469582500833816492085663588331159396049213409963235148166943878761012562790051585309174575187729
87 633536296579943577924499523572102054848637613183635768540886319631313675688052928024797493914197852826374220403359142494712639337
88 18896714237888306012953330468456961242350901587353520641680575080255609860740534899400629090586170479537278085309280521681855893505
89 563639069957140645094758114703412441496275716775164120328469527222165193095739809237286559466897981661883433069207108579878770716377
90 16811864601581232331365232414013410888095397095633491461119378330632885952176586758474709934027043366253684396598597652413409071614449
91 501453512446168896299222075476815054532016518114958715633842681096056150871037252066066497515997497661944073488770106531070872798967625
92 14957033684470044979108457632139703717492263118928281215446441517069039851745800814188165085563356094536098744829956188791555431218367713
93 446128805733287539854642685113891110780841924678764612507054800334305701784491804997895717287804484069330779545929038453023189554771294393
94 13306843823696412433919137358338922913159105736220531228080829918984052913550618787241844676132172972913540488062423861787208024426600267985
95 396908001170647715947307247143654019367233779724120355171440923361914022496716938753584695281083028417298600631017145306235484845712163506985
96 11838717240578397879108561917801531187812442160139425749047916080215551310485968011140477069933756601462507736900943364258012556852641378629057
97 353117663259475267646264080559940673655432779981338399642673681130282029612482336242720672718852777753575782199245635471299874168323883015419545
98 10532567133070588888487331179987183328003897514219655255580047152655408122251802253293455321631927200189378296718670508312738628305786249407644593
99 314158655754137121193745114814691646252255083526690896080367765613325708254661134234096085436219203462113576900914786477431339837766602930052918025
100 9370522849586946766230807290530954673834330104910731243218280129553519989662229770850090380085852658407312603426439558259709439795677323126431470241
101 279497944323231514529109249082233448296785210230532458783597909444931768345268220244686177902327850548381454859452267728429832419569783711565350617209
102 8336685384034437145100684214060717283189119193042119670158034490623521328848170440092594894546340004030941390394669984043967051553953219387836654842513
103 248661303612302210613288805860693500225364088853255261903201752832299966077052952474289966605086522665784224388083176325102275122253377903214059601444585
104 7416909846758122930273236431827517755209011239832273119265753106282224736565133936132911427417440262721919423065519666886660347468003923943841227674893185
105 221226828926734636188289998395127838423007758620378601727044526862682191857913258212247126123485530400687014933789242483861101274454121677004100225289524825
106 6598611935180876103929472387025549388507917313940372872384180515874588243799938652050870008018230161829209944338366805478773138868481269375306674511690585457
107 196819163762147195535102090266003696763161295014204358251946050954335263095311588558943238302462459964386176671128580867664387937267987579157530017517197647561
108 5870595756282956092455716324710522406381475740106878157602410548936268935315538304242831188074931717782436192153131245082840907091773500290000135345952696488033
109 175104364203764818892321635567933509732077102519776523068108486319244778699792580743355844365770958050757086705870457088556390189292585176044072946833261914939449
110 5222900645201035797413523297519288942691104487019846370870124316269370868606228141509665861334814436477806070378661891193195201303573261056309256077424736995558481
111 155785329929857296290804211889002075879780792615649288302828914015448095403367268542056359082358640348770112648921659935369550590362096290941401203025678059045096105
112 4646664884129792887485986125384808338866802233726657272909552901177396121125695576226544678179388085727838584267634134635840692113465824924166848856696130474755791169
113 138597739306560904829161360651069495336668758061455545396620533183056161566279282808943132045097475369778339750391262874880531905778784243894926833248163767476854060569
114 4134004456937904986406928801928659369725849666518586628718561646021319987447306861705440954471151016425589622339730696766131140191991972047613478321220997505886245560113
115 123306432958343794224054364462157287377146123906737789142419185331187620365714219123637076296904987255492787546275010472707404739833111225150141294350127875157507876432521
116 3677905180627847659049740985774568350150577249827725479986480801971891949715438914766279078889969299760195844161648322774873943856367843339415956549957437333493120685338145
117 109702196334387014341031498776405232999829672787754213838554850331028595926049028832905523666673781949726629576566897624541432519433159747647957461309836494809215799490959353
118 3272126737789906419928018267370669575942545013383703273885885124420984040301187149800230799121150205530939064174056581431555454148966715920482942408290610245708902234140749329
119 97598897250186415118853628283850383883702104705876575972502646775328634956180093007829276102699344922847433815025776828748425994758462764616351173323389431564655729490440230505
120 2911117297029358658510520979864571915155429555782024325420298198084772000875244057008449949199480150247502638356645986305352356256130276194549657506714945455261199303054987882241
121 86830939240426024448299527271483667588619814701526828607155476444684337911498767053206882797046283927325575617285900366251218729686393512663157240102070983037301636449541717110233
122 2589937553209666800788489896819652485005145905411392102075549210882119440205180027474694686403896491038424901055024620603119419616797281375331991474415662286288542160580914676287729
123 77250995880080553164157156286783176156379544789547944127125368367322391880666296516360087746904576855324542854245753078738421785069352150792944830969198221953418580424028633041178185
124 2304193148235767440882195414925099714428065051608595234869649757464743865149224128412184271681963614036363079841611099097970245874583147730043307177816859563878855807991156066005984225
125 68727995074891726951684002091697028672346670256308831584866887360670982048945533014073962057250435037760058467529155342547907221263248594303341529762886578983378784261508713136981823417
126 2049974547763486459062391225288015910505332103282091050376836209990753738422663021575536775992994883345026726522676472865162402647351006699975448204146762104275204666695775040355330740177
127 61145325742426092683534282449333712536039362412808836081654497245865927296192843323142866802529905316057696704910091528205149757217243530166414783599735183518084596527243297614989228407337
128 1823803551232553760615154555324933308609624939249881177338746987479844063280976917466044901903236877219625995200527805325724762689644582788913598746106603715165095671768198361990066422703297
129 54399242347653846124089281818997561565911755217742510775721173456274586790525745241145230110101588468575585774975285120191450634270412257168461423841573494379468307298365048373169658827947417
130 1622585703377346439157469798862826504206006731657263435597228697532118211690440846946669069339393735644130905237596785710194323079410548695044140068643748629785194011559472343947410152423426737
131 48397445464019517505499174572462620709475328249470567582418936076144582905313061771836859519130209364370498548372223127096759608327963789605741116942461661708406334062893916865616290190923837961
132 1443567956113081899989403229629139227715325030132880807483987546547168851459370727330083967883611480467523741008807201884443279914417490422405774499332103364509931171327357883914486097873475490209
133 43057818939343438096703237626200973038223549019325958166860066097332060361998364105192694396431113988645300215031692942215777760053489221793810648171429257868199136168448377637119009773496468479865
134 1284301001530440787284258474847345020282453560216900469034063161367270852944937447836730145857604483397517563432477112935657163502844306927797962971055603432504386489016848239689530310929850304745873
135 38307306388548913049863082296927254813662699571110322842319532864547683542499533556491322200813030649403434689621391378730026877784716008652041460868316081340908045980097925509565143864829190361871849
136 1142605760641368267591281084770843866653238072184236633502898554613323067113691046411969633372062389089603670353503689650256685160308243754902987515804077012217200067739156808935255485709452676956516993
137 34080911641469608435319102291810780901225061605840276562548772061616763922551001896755163656959390172086588878117517859112237082330362957593513192475180071664168745619159022510704386763131593484495637849
138 1016543569377490178273282624541299525997112123197111693106031811926864107737283074957967313263426928802969310236864155281190687621812684927132909660498305840436041347323285598595913584591385599850414605425
139 30320809469936129617820145051072273900254796356593711430875730869564787189127248708781021343792417615950711784520960202530546140153336947760787073195357876843070228581895450553936240249076378299560944315849
140 904389653928124221729704493529719502008144373887914874051336489141742104099279547703645040333465255132164848675963837087141558256588290382740750299033232524440807125974056435461050958630025893636400949665633
141 26975554427173913919067829569372629328968231675438613318727377081058925692588654379629701115112046292929804047814869984204401355177818315304251843458462377537890998400292473237714231090785679261667977048606521
142 804609532509373535426019282624147135046372263927945174578860580282897178806452793992864288579435799604865767505404221508447604604024248807732666529036796612003830078845251269205291119836933749243652793443183441
143 23999376974910129155181502034052347738559978472693653444026792404646456271600204789264099224915969729187352576126116227800511982839005283869073216469502225317565124914268055154942460491864101457165573062723187113
144 715838020695009015458078939810923226375469570477873026423862421199473242806957379937760003709782685449493440924603434471878019694308013013511568942140323789817054734881572922302113866358058711809413256093675583553
145 21351557267851410046373135926163681073291870063496567558899835830862729593135976436746762031622776148019888612261412807256261318039870284553593512984896617368078105597899818929090391724393407769108939272526039856409
146 636860553061591425456796603133425068856064918154851287484106009097419221823683189734917974758482974726684615814017935962318430750412995005507622246854059075733177620906361338968032067500153317601968303798318156570161
147 18995868027696812522071939373014961417474736904327020407933015670579625329996997537451698147251070171649387565741848345891323471721187271548132408436876222098539756202815209782280470790007201740089120500102282100261257
148 566596565591928724801130008725785487657467028207794018272982017823124677883344726541130033433924961139871246984464708557341956308139823449638023088589834608004281028570075917386325731990597961483523272352711522431632673
149 16900078884128404834290782933451327140410940831610295815458982793612072363245383711779466835671785107276135323636409138812795294637264658535721697115796301145807120389153316408606646851504593912200778444880928185700347641
150 504084711476110993820477752071170435419117402213088465512849167994260054028849361408776461881543811767967956042080998496074234571992157608803862050707454310248797159243190653557365202214703306326205599769926751997853777169
151 15035515401208670110427017788289750627923607880035117741911866703227387511162196929419439241459735495537687186538585314633287501229619345196144099928299451626933237549321894474239117197291677153453140759709808273823999706473
152 448469708033778786297704679032696785037386441266965216530278064919944742894854064603368350910435286821653853467877531392894736279727071364895175197497220135880831298721959043269721196927479166686434107078922398786393246506497
153 13376666755815687673153916515785449140882174726432781937760977909928972046777729547250244515179956127273507931887152729608820484945097476169312981542526860459619381211258764896362327578320313579158122030572287606843079374959833
154 398990634798163837183659325705975160296356293779289219491317220014101944336763429936995398811207000319962361618790210312050673507964188404143529061452443169209427827009038589603604713093928133922548087829191636063765234662526961
155 11900836700400733105344741850121098317553810591767108392146121170925094964570292107728615474510574432073788331217685148209787054662419384978012910292816934971859478585127360299517158558401771081784673207744352944659620879766656329
156 354970522657131781301509303425527156700927155011841139329575976539188037831150203332423618277142327686564343283846506511452279958148954272552415054821685481691193707747296389960424528303635984717567155205749256052386700281243820769
157 10587833034565915191810180117422826052174076442287368241515091431395784691536888524403979141188799469257755008721612885061163082155831675576284243447580065119066520212380692636321193140465611896783307628345989816148932504721245793977
158 315807091610605343795772366553896248083386974432297275321808224833447188591073477674440016671864188626570080552431897875918634366005604465710238920429384993901878093134896138143946533925382847971067064996337074875164021837902493576913
159 9419691336834366790370479087420495273785209463257626441035672113808928136875374539213218499681287472134555078882221263779230949608389264932126718333394317351896436161593522552349509137651048829612951710054333217982318608012587684262185
160 280964510419032955376133537486663906683578997586312350843216695836498707365561385442831218193040044252035850099026115132890016642470003204223522610835334043911851706733368723095354318930884443865111943652528702297195368636304526735530945
161 8380429176730990747156570588021538679659399034118087580622508386183238172665292064902090638382170052403916509453059678613562431736084406601143116514603985994014562336252123745471462290234412783109643222619227888288415272653576661881533593
162 249966065399007341597550356156653105173299074655928110296219995875305537472149018235637881017852175926896674059398953456949710886668710813827365483725259583891947383238064623123823883240294175405013130469373372024251204995367447443169409457
163 7455827444321173087318865073150572727630112639698885178672595480920931417082426796431663220269897512821454417355759366469263858409229562091617888722390629851158230432040709444366240292306880710515597894519773313333879658790806636445575233801
164 222387638061024383876379419181546653477333044204231892983445329449071148624199020581457260430511886372510863217451285934939257771544892567376268728818658562564831286927320366331142156603304921968111757666563812234350404085298903616321621057697
165 6633235805373980213931649279676234782587445437075014779086451070725943676999961374923669009764778460017335656314681573141461320414263271013333217897942839998262960539802437392666114085800701341578352379221077310927158611168993361690716513977977
166 197851902350892388524909914616504074223324459331943588461379288202474024243946325616602031687993618816840285436227929030870865701910664389881879478626983502664712716020822180246501475243499542743178253535131638021818301669400236873921047794956433
167 5901399620401411368873294053070642815009153587730466617532690382263312431490573178707605943101860881766401028180737291676751784480743330511970491125581968790528532257109065145124074232333633413443804540982075841918182460195395093069191567887293673
168 176023162101867155232071701010854860462229872767046813724920516186696534414649662885514689373606077392698308550134466021038839477069226802840481017005535946888207423432908150714894625505450875758507120308954098836345213979163024624727727398384701825
169 5250305959492482063765347207280953382121257510442148085627859127346168699478117653191340754770447007308594570725332040630869829652719612277180944631685918319101270155876175877458730833816060796495517175380657633210942216316508508853608145826200013913
170 156602758063905221995454085878259519345533705556181891034206908302507548838736547720978074945800748224308078745695724915912532493713892184224666109024326680246697554933511271228334257061899879838779228213336844403162676953132624118961936048743931052913
171 4671046606128202092028687834467259034505367913668282988238781374922569271611803429679148440080121549116586487258048692405564016416408102231100232050395851135892838879731873921796419067836369882669284468708087402623564152422778228915662506174536038843593
172 139324981669340722892185906557663304895394137635855307050333012286457561231058143431935169728801250515842295026113249197983197387300332745231291527595975272952813510281601612693862195350538970439448055835372264417725433121532639941955994715807245867382369
173 4155696175605523278186895253183903384609382834714000598843235854813897580995630615107711976778263661657838366586461157124793208504071659765722676855026421158051863832209723764121456400860035603273348070041288174990531475287549335689945050931525137003388473
174 123953439627422502804750000911030365229364632763308039296374025265849748977453636344154512892007165117049004124103618782688835257657687020430451078730448804987541054484344838225587530883185155113762389801652885904884199657343331864944755329121801176744704593
175 3697203680495322148566992237617634680910457231804833862675054400354594778787299517899151629169734610460004395944851888241874144945190465973164660839220907038576308670162549978833732305664248904571752046187128724049659892677345490661776450001805142848982393001
176 110277819608356090536984706199391968844161741941090142412389505008711795183453916104089584755111653990827584464025914327316403659680201939119787287803359923478824356303932786754949440327123470512533366385522170009074703840958186006690706574515846733026506303297
177 3289296059540832724201673107132467780477645218805505858438613054866560766432498453310239196927852684561444765276135132359859619272538995626503817047640929948165877898496226209154092606269193504436560022239254609768337743278378929434962816361981943269848995118105
178 98111012765172815155487970011857982663767907538269118140516181651175445618344887854724556518457779648652505473608569495839944348515588740664867916745006910867434122521112388859570144312252637412517695680354842993678094007192180200220907140920647254758149468497201
179 2926392350085874206283260444424659640849097502853376749414551613510487724318867645239655391118975031112933283930686763901148819239712893043150522432806712025616647220593619511112431756597895024239663021916521309324823544626584362559459914880502838265457095924320393
180 87286553723977770226953448249980166205126148207134117268942261501097503247651160410339965278254136681073334798889252151124817443548994101885218856352541965191561308942524280541123276337473710883022660365437804751360545051397344576366482934994601442808734997538702369
181 2603527329746225486353074480107736576736750484619336919012249485694806889532040799908040203422340713891069243839749747949899520367785725964246415705580226909148035492754145340224861059918459133688056411507123929110250091091763151398040382066511178265181649409700580857
182 77656343016707797763240637860699503325146414007483353674749334956745690741231102778874164670684517228608171115073827536651451741590838723157685662876352175944349969486069207117829933274152828615982140271433449746923669210949904575858620314494412636910470351149159226385
183 2316283582595000332750204117566374322713614064161000315981017911222791958986098113813516760760823534952119627260820889322733804108235386141387787813330385772405425705549867511945151519296026823779902614320415409085102751567349235738737300179041509228708538278734085160041
184 69088620794888719192448612253658990482382095170704731791074081867681398722178037906466408928609598065323184835275398212639000303012024572024229621203457308684888485484420277779113225187564890635653307324446856524703268528833410825867969034215169275094690966534501686727937
185 2060731060396470180718603067225893938193219529766019861383239204181379595372832492655832730574995305586449844595619850624910394031353942602214694369874871003360191673595451674239860531460812900594495344953269103602168300381665199569329684736265186122409660716845529455700953
186 61466164100889552807242410571853018993543106922622708248761380838521026243168210042116764033081189691508422870906961858834676740464873666326701483013857926952922102317882076797726206036001988631218831449219303430134594699773216235600991801036003326635448011398275628320554737
187 1833373311969493854928715243924746897441949139593674573599089133046342144551406415407924295946450669036712177161196224195504276337900531909271995445591331263416926868487267696450625576988127349521918241469736580524886196686134715114672034431704829682731476396926170942403798089
188 54684683031869010453596574968550003263549607729049756446641126841018261555424886679458845363881316898789812465953251079976390718396361990210607681699966231650333521292190401658047996587002223542788483981423041062813437256973691905802828452790464924737779614851251776247472337377
189 1631099644994582004567103371550996481030046684476761481032983462351298828798738816244026038599531215597444880190465900667553869125845201661573200962025250181348386773794834537783583790338856461841372481398050974237451295179921794722484787122995052843136492444487422558331256001977
190 48651393852845040079454204770022584819458676372647179492466290294887020898860254913429501608076679313382667918299715374285323711939663862336932097944211748344053090013513417012581362867009915710787052157699487358821075565107966125204563961629445614837366288234828469434909530002897
191 1451142565745890060046522172708614420661457526159898728336793469314821723849165436840898680026251554580221005936459843902815928152767015122415345862937492900695192134371430208398377912451191174233545568103102805388377970932795189914887992759131683688852729769300291923006206928230441
192 43283749536323322691900289448314347095063894097121037624457117326892236923389357801204049380691944684102885380365393177359665155267031015836827451130278845168960213655858038675160528616278295996667920068635885815276971646694791996894760547248844941292521926646102030505241637486639809
193 1291039914441621807724881426630879026065139591038727141548452986606768081903107275607227249560334653862856328536087139295156343722815936720292358879969992152753460132250589511640466216295767537387417864911579395343109310892207696904264636569354251897616666901822271224166647517966529433
194 38508310359819460049475878541571177778030263390358846323545004566797306533209497542008535859792127648956921634441021086932392521867862947101224758342076862588506087072575944845607227903605299431864764200435122476210028427792640421301668520428624890909829179189939385676793428854782212273
195 1148601178151438177809537543637362081813976856924457157294736033168868967391898138590693017553376620021723178961711095952152915159657432854494904878183446002413062591209701063744934863547281582436332637020037579580175389420068273063735778887056371295260377755713372550523830280547200653321
196 34259739108871591489869644655154595080350432640332943767080173502026921696366494740098661873810609457369846747734466678313234520258078892585840411006085436571389119907223137498070740074061625488825313061819409954888716510373182003507404491766221755359411904944716401351612365218535818426273
197 1021877520356499547435443143922277650889141499973433841950605718179230710655285119796095773907027572389340172654478639931820752779858984510857139718653883743720888832197842061438658711834049494101408364651939635152680466748324363509293779149730049840904148232967319213894705069378516556471673
198 30479907137983513195482751201883973814271326740867797965201698953699165165261867226723551487332183452034628251832184869882227749462331095492515682376577299464893452548015018999921920471881458910995210462156089618793123303097173680940692299279382747354141861699691529884682201919340870008326033
199 909135117108743189394839135751329035639391440691454850648208754458077175587497104242450271169516924529684682826674422283986864894667728035852511843394545684684320516094096639891180579404531216015518358314738958871711006648043369377037477075136805354152062951089822862781681460461430529648692201
200 27117099058688584504241314236806761271491854737232054319428437463080670219092614760346193188226398184368331190659548401691280090183991865739669100535248329543655288295935540807805931018403348153929442148815242822311804574811999923199330653370373224420136213013052757309720053807058908246634479745
201 808831434976649797441429031220667015201148156337429778870016285072655698438524822841252730629741852805230445698594897747370533842085945462700472443945457951307240022194983232399111783991332051886225957161041413127548300325534235953589226559882573167113729756462839855517125150770359438419597038425
202 24125305173333860600603019911406832415685887908489620916801775150388653173716999063350791985800364726266709719847884807989637918684991232919094923351815754029979035324723158331184066330940290877385165531891701667031840656151361016604867386734715556758278526371072701351090759079744475753334069856881
203 719594126214063634020042233619832933976495008228778659410879488626931737701083148734125019963519272496435627688708204902798221207648572224591552081179966781945252492973147616950524981276152030938966425536969509334644570733472487931613616086408501916958975265696088142393236241322757810426533242047433
204 21463591973714507822713255567509670836361353473027348101859162483155976408398824386760112406812156580650009106686985827689420827005144862242075502483571456827212384043185820663774521656540366902453252358550100416631588667455379964968592718881157439335201989228837742044320414405608852209063830180017505
205 640202252397287941188667580154761494567794689066803823307100485791424929174957087544833589779584985557245085057704075287474023740285032629249882779272080166102191632206077421281376801373790389234908574683087246723115078827298030993287394395170760332696138953462387696649364753283793937757508701670423865
206 19095542091766210227759885998475296739297633046580340144858983226981213216047264738209246001535874420654030781888341919476756120904720619318300625425014124692231466626608100527248938752824573424197188699092935716787665252794028530567006313411384321104540013200904740948385961269277236773909779019685910865
207 569569579633612294657691395167943217261353413500933774740860623774353716479771028002804729613247134326377326818271295928361340767063014792896717585305253644640988982476958861139787580109201379890239951754735022078960674142122175593840537030708531616968643602325740881194275729626142398895231640028922288041
208 16988756039761325391204488432812741516302899673476486154949999501706170889451059246873052190944048674455554930204418587713615525465732394042631758741290338902750197229598151172015725942642956624374040987500690538174111828451210887106341166800476926585112563673857807424563826025307375957641105832181732105793
209 506729716787519534240321251388562885945304772982074708773251968125069294463367033851218196124094546109281364055393571460483862130819886667841242201823371391379462327057773428229760421742347727300847703034549530747951758640978400433204124313173678219215526829247195370979679920689133754712301433452711945876249
210 15114408922854082147213241821729598668965163577603119436035691518552224475235997604751174502646214477049647433460707924651774344715118423686811530932503609142373975716362584489983138442397763433710913823946897378629072891060380851358332558957596667543280809018399645774204997712937724979419881278829992189039665
