1 25
2 625
3 12468
4 244325
5 4827482
6 95527856
7 1889730415
8 37378616643
9 739356161720
10 14624722337624
11 289281704602147
12 5722081129193560
13 113184543292907805
14 2238825594019420023
15 44284668170957511026
16 875964535518579342377
17 17326851505348856128431
18 342730522911119829969772
19 6779316557514977240942449
20 134096994317678018662729088
21 2652480339740205796403370891
22 52466887782005840894618422323
23 1037811391954511117258246466470
24 20528232773107653330441418555760
25 406054842001171707090815121505292
26 8031891324255149358764887482008853
27 158873313581752959656926395310450128
28 3142563656485537226006634139399480967
29 62160888524440456007690471139145129546
30 1229561747833985604563322653447050610828
31 24321114572584419847381183772665825709160
32 481079226069616005821766661218416236112371
33 9515897022935970323115273881062874298010126
34 188227408801098436596996289992714856123524827
35 3723196808307267021783171791722469819785049946
36 73645993225342241322553206295190550294606017324
37 1456740698220846491180560470004956849985133498389
38 28814785012943896483327824944175528896869760653693
39 569965427859764046826703970996454201446135587716467
40 11274093796272753408646793841004893185066077781986176
41 223005088930462490877376146685245270533172879739380932
42 4411110159942502828140198197987337900782049890139497513
43 87253133713084630385296455605398316077870287673876915296
44 1725894177816828708075092165306374830119759684420654865075
45 34138724722678178796372885747988688051663432984538606562152
46 675274614556634317194081581844203593830340110699564012353084
47 13357142329388050682518545952685438141357917524785049579624943
48 264208438110280504475251612597261893052395656159981452513858482
49 5226125247994721895672222921168848690780053660656707968799681845
50 103374386159187368497169046659441049613834276614609300568407739046
51 2044777575487525233037110312480820053841230206010295752499958903389
52 40446337710563000463840319620011199060097686286325754833217063455871
53 800041165263107114400393307763721598231399311641628298187313010264081
54 15825063586619614158856654613594083725059547214369289718801740202481366
55 313024689721053320391562671133341997559527565478798820159751543158305402
56 6191725918738764883777330224996507199561631765804475104990997758768894907
57 122474268361850921657143025103171952440338417775477187768545995279046850763
58 2422579198051150106062290284688178253398505612701947779505814756733973273350
59 47919371549054572096647585044369789517445894681870695513149924217257845991628
60 947860103605107252192427772346126344956665953433818778006450434586714009580928
61 18748968255699306054285778595899750271418037213539774224939018204990449865080706
62 370860435328197308967041446388169366699148904357302628678427707070233237156373452
63 7335734991711419629477975503714990116238170416304420736853122995104298418788392149
64 145103124362664588044991450920539033928002271757632966632887859546704192654149905403
65 2870185022168421398133892092676196727227045577666824670513646962961543598628122570672
66 56773154249183008870643237189007856427944793290691316843047122134153295877466619590232
67 1122990684749100148592504493496866459006412594881350929057650878363007610804236373501147
68 22213105731242698099759653604355091917480135888475598659527831543704321121591635437058825
69 439382154214046858871154819283524718842541431947066780168577514066807303210308272218252292
70 8691115946485706597760450710592068421146976094952200327717543024786343764724556733028159590
71 171912982060852443771951147124500728098052516407854607463566140688145918534275246220168367530
72 3400492362894468347374415652416878234019076429363590857056241942370696792080470034982829315092
73 67262798722265773588897751388790570886980218269782250442807706521393760134913484629219296068364
74 1330479121588442116022020532462474429920453886612905200988882848566589575326931348380211603006219
75 26317291676963445797903271137855556915051329528987775521109393793238877149030846331426389515206255
76 520564231315019290206069745667401928106944280234700385862661680875778732129982026972753671356003137
77 10296922732433084246746822690006599260516755593372309799413750000066731245930634954594050591415593768
78 203676340746383778298607407646811281166611752183904011108326375951701752126796187683940443120744525787
79 4028781496939005209157759315124949210630755901919373169806108907779924557057754097961666561210238912438
80 79690553603812574135833243159403962072103221147504187750357271751626150325569743134799804156950599035006
81 1576303986331148397600918545631212181561854918165840568787259228451788734342786553340677969311629708799565
82 31179784114394633039993532455233864973342407121835629851453726960553632221691471016327611682446964177489770
83 616745847152873666568879899371231621559997961615456685287141799910490151519400954356543182957374125130868304
84 12199425069293842858778058477076022113197192936264249938994322654026379783909702393619324887155140868047730711
85 241308429895962279879540757687315043979003572218031932338171009954723807896723873014408086634879270104997461117
86 4773155948588087058433029415636331339701907803746874275271038645406526784354669197967161659696727253752696704034
87 94414512246275489781009321867914109796637627275466389051854898459282301325048681525344900668541633625927880919535
88 1867548477090701445639887232962933983787356650479047768043444257602374132211879006053096654718660108646916336019375
89 36940690909742894987323091316251762830304479219605225644440577445417541476637119987220727845770610868478054499552272
90 730698378986649434744411279304235577711349710751078767894318864137304218800684112658746158446194434754394194150189960
91 14453441662968431483518668668300477108680896959933870147836787684520266440708906773085953858479542153002664894301493927
92 285893580596883326396722234790958803925748033396039708730987655263559177832699564525739022268185633227398058161231462856
93 5655064124686822309349345644599024735859286366219044113498396707678393702947850757785120764975749101831196954429201432755
94 111858930821577753032566127386865148897363444274610426740273377318392188888159058725778319106757337196621140114953851700947
95 2212604513169769896959732969067302354766171290986366409167324149076223954214016340568674851212515371850822909092353085625242
96 43766006842207921073167992962633027241612642439502875924385954465756159638013527248065588014497545015960679095566624261420626
97 865705255282203191998558937614829850772147068784254302638080006606166245527222670780832465037244946788112081161903922980580509
98 17123919751812028332311709836449522168316687275799248766714428314347904877716364026748198882226843323678129306455400512260454195
99 338716469465015837442545799300870557820432227773721376021976604814547320758920096216255615525238161504388221251659745624346120655
100 6699917329074411608769943271087060926361849832693799561586135315286814921742724664371248583212137919509340199422828952758139959656
101 132526452839246792115166272576115502763172724596027768274324427725356154296188991667919371323700396993659892202096142315659950968118
102 2621414539838725889744777912758382609579920664666346187251000745204250931685974761830009339390063011724161412123764580174944819183941
103 51852396577861463562573500454569110125111711507572083815549942249707850877500945144537002933919670265170112225321655073082655271365955
104 1025656564426178496496549808151285851687618884062612117266462948802868382065619419695896231010687356148538452649060681840056676653062931
105 20287806496482247153724289384679628259600495102882479285196450653385533421709009237944642810861742442905006408804980038725108499621710758
106 401299135319219981861815686135654777954404878247264134779124346524163760577834675507589549368404200490915209097919539636075916660932178681
107 7937821963940602750746264858676179350859988896118611181199345993789960438478678812209636788473919197765963735077378145010083238380931067774
108 157012592317439933791281978696651188429147250070639853339754134907388486157760864793756311545092253288797712025170687312395255097863358795518
109 3105758009972302170565961283157309271823043566624920948674496417571569644623334214137746414876968827973754971435364336393602881424777592935997
110 61432861365704166862068443668641954700425138282382770925056225213955320457810247310264321284749485488845686207993907405434085261423231650316142
111 1215161143740070386150347650116247992922944620026905728227822706242849448708925078719119756777222700033781502584950818588409105382512142280837723
112 24036266135570559226172764151815454329068538584491041463066391876250742781537144559574700091428636069119764653797162994534386465449215484640268117
113 475444835210726798437358348216948329786432374298567132995551621432085344426201489417841920512750642822216191688979172764690464347615565500521620512
114 9404447015754818977784219327280018951032951887731122196229013712962591747492966165729224483149013559530103717204782204314322411892227017419737503245
115 186022892924979849088926445544562200568745173374444894921263924944093926635912794775331921529811886862978176812852757671628635844867444674478628822786
116 3679590797226804624604723667332303249392306374941671503580916385400682981280737778584799239252720590072872670863072122657699256560410544678045816972438
117 72783452736091020990449493084685175968824728455124874820162031456336899155167407847535693468688406953068112784976563097825071236369718465360046509249040
118 1439679378527445966054974403147514871530576068894225367086948196376314795141937901470508259122156126425438391944855175288211351492152838729860026406455266
119 28477306792143950705552765397692916156003416420266957910211968303536243715273230056203534931710000078413486153759242396757781624474863186962372054534144198
120 563290003475192479989693824571629899377460066796890425204481981043665398184763288526798727190039307967157102997138304787923933670212306237500202636775173466
121 11142051821509148629701651213906632948452384902147116989197138029650561846848178618643861779794931127932703469590959624119098489307927353644032949227549518336
122 220393257517950515201582530580877062720300886505256635073367726045619037027769227409652928281012983411765238710050195882210252460278747543346131316204156311410
123 4359447320609804643533553904204834971109419753027006174286903520140108139420135922138913664106025362719312131877604604924533763700076225255526524377358669137077
124 86231226650044454710648050930679029030113599299154808512602279841015117962575721704786391475165199907387964339791765295661119734565335169817981463476905576256970
125 1705680537626316603529864400011221546872801853107196364372343203235177445736207762460641610332108425851557285468800062009304625770417825365595792241107734340907230
126 33738892620005430456960047154588030319763819055648787436887449002929828296214579063951648406014202428647435313493142077405035770963241086711087127774771273653795877
127 667365810955650607613639257596774932707683444056408158651863378860784599294282698206113283890819976514353108772246071548574874052776402885972380010218392215176097184
128 13200703729333648138981529616090109532436637143489346386980497445221236394127049487799862513189676147842099885028437790014372048891894547457361268055241448644752710101
129 261114033846159276281228159915537774410488262320147749936536745323902900722047494188755471063791053046377549248689590064587103894972757293718312081137757418036363713335
130 5164916967260416208843346816469091348989472187144225222422584755159002163811651802321337849777759219695792616025533967508174058508800509636976321363945581319102312930766
131 102163667290328285433518188084867489853282341839378883639230407987807652785105144168361795571165956207598560720920706991708038727623132297505832029731335339783095099991245
132 2020829178933562700624617262612729110925311290870936286781072672382631283715120830559887012922946657416775260948617681987196327930985920492740270459386406443974688456499434
133 39972630963061572201872148342848466628849374116843080017665272367400701163268653837079364376880477832928047998386701895978086329550507665707611891924804934642950519094031360
134 790671098163927870338422476879364537933221985616957920705884710294750305238171214325357531047109083725028057535585771995510761139850808462209968473497440914406853676708604573
135 15639720739159210155562485972206986895075982002904307113489058812894097865383424208525721223271351883571480423758588667412859781287837949956587557039285699253056068618253401990
136 309358550435056148366820902057634292376873125758387517913981666906375958867421932909873684392007766354738975316128784541639586128311916766798511957826607007849126746912062731747
137 6119208541087041624587492338174039994756796894284102290473887850231653109360127602058427220588728561249380432542301055618545150591387799271662662928875524044884136604687650988185
138 121039852031416195099590171816920133408736204015094090965912701832379194729434899661223428105803837294004983202665194196891666352107205441476721767505093179267994735161148043272022
139 2394205995990541227088714895553538838929842266609232170717486535554778304240404435470652727121762862158877796744580490211446300491660604424693532196900668537750391191497363468183953
140 47358140769614018731533459399333385675094101783530801280951360250096142811151405448163406086797976068836788411397723459265902563086344022854947299337957783897493553153184080757322444
141 936758783876773012231754429271659753143414368665780389279572520516663896895135460994001950531846858156972029980128684156518371664072858609256387658877185567487560620172812684938841943
142 18529380691678760839219687440697859755013497801447045243506953913491339516621119674436730607291536813362357833088227135932624248909114315481119803816224002431289040155013746745643942702
143 366516924876065480349002077689006053604377369708429564192666028430258597396415449281727398601755624236061950737393900592441017154511107028867251194089126042064790951218534891810622196047
144 7249819001286691935136512034877680999348740230780331365750249256682847947979720416537424169793689861629565592477431896046244721438174738039565422383813206183560111911114151898073570950936
145 143403679295820331866987397752509468603138127460114195609718789130875141112030193473652159348987989026224026509088988845931199335926567977722045428465995828896869607471582418340013730752954
146 2836569469103807674869290506596406878634228642842961799900071861680094354865700012113605928678935376985030208617901585347558741122584088827777453248633636857475885499216246701829629313928952
147 56108228133072531957711049480346542234358528570591981678893252606561405921053791032564031247094234945716318773567568198164715302796620712693540417743635723096750923630465327991349473892108172
148 1109838238944149834915802074833388015215994151584938863914310807163932810979730061990672175224526037635289780408314476426790672500881476748506430682594323829914137783536833510501311915348634503
149 21952946254180718045451935123819617360677742089168642017290753165546516080135308347636443107230385863909278682185830357569341727058524855158114618775929247683568380456973136172923670471963662530
150 434236118677470959358032441993437121509243194354049086005274513731922276375222997481944692221893598377835870210225932209265197351022048371058704731489600150922659827467438519069068184117209733133
151 8589325759778831242550413808194903093782579012471398247805201744476609313398621434137261348841069287413195016813365339846090943600503168217118723409332343248033806047731234346931047274725636178619
152 169899540444257084873468286144394607848044705555150824175032408109773066830678313344125214208463611848824008152209584848365558996723848037810308208793327314552321857552563172994056472114059373475925
153 3360665860216835368153297249746693560840929245503193632459472518843849884341255670489323955079222814493250526714776548777547677320140433549037620739046115799674112374262218071589321555788821373948008
154 66475018087129395910868674077438950236673956327975658114766424165585295415989670491274593442757684073112344033140153966692965796582312221852133120864199241547566619335850093752704556023675270654640832
155 1314896575108798304527826129252576552947343960952263096786583404320974704792732505861419288458360538705965276603285860093077634458331770366567077840370735885881979700695207969957047816462637630743617448
156 26009064051200311401232781428574342908474246307455271863421778669995834416902237600067430687384193598021544997016174242050313765128373200769105227763412328160053400052576209272155982839595201164996388337
157 514467392816402441885881684721265301692818666471815752531254790124727350152632135054024151792714678669227047699900586962573127178803713115279164359829422446905885812202277760582705779561035708447676904524
158 10176325366813488834673947976612873270719854327436151190960169023960767384462499942426559657041558986857395366258019630998463727492443056027663170293676677373755955093247586989481705617194560670117993822014
159 201290887269522644861714181971782793322221750075031546754339927292666313435005803026912428087533125561656581570610896402260587093054423816043569925964172164448770841454352560673418810319286836437722511353794
160 3981596483725546918657312919061617918247340862622338800460274847018530997088361267794648729125756025241215385833442516632770321575587123183563049809178400060265450473578899758763654867910722574362443378693382
161 78757219336952821669625026282154137670433948889694557426160320513953442782299860807456866257394598158078889481921239764605970023555172950847882968727518841929651924412003003217334952642698406661666301014406937
162 1557842343653337946539181130480806631127905865032109662212516120335650148193672018865300008054522566382411848640720749375646922588746735829936338502549285445564838792866594806558980246722851825205903510287218969
163 30814607068543848454768846680943240995349912128822021156736807044018118650162157327491297686101374488406930791878448687601144385849539147269688040879259905972495601411631931669708948904029480538721650740660216710
164 609522531376288512195119988750628353697023547594112957292595530712984882802978188145123317655350878760468132490422653321017422717125157888918213046654412472410352251375029625010856421893900034147606108222916826376
165 12056545632042510784890221263440207918940153868759843153418697051472110291050232785852095993374258057770193449540166048276416497514041080216742053856351384985678289813517220066679249237705312982986118392211415224598
166 238482230097881684887638421197219561305473842296208996025784635830381825704056364769961578573131124615616901190287761404021625112251169017825753866677650117504577932915565087535378695748603331550062750171507201339812
167 4717252835779624979843383268461680503515891619427321324375484885547672241902622565331917293329664709613275286158389759194700842644492464562678852134412482982602635512359579952612595440730923884974693205908119426904800
168 93308731252377578357529150080606224514772122455655412558032328914364052511567399249379780436128193857230255942070559009361341027865897880531450566175535646001165074968195496022313608370270538009846180786815255822834149
169 1845675784408000521402231056620011804610180407139354791745330156350351893188279681508689830349487721412094455497992096128047417505750803448984768144092713763909229350617361988113669922452920038102008302874390854142324824
170 36508042231720810044810334774521221347384595397816563291137635934594442215196121230697050739574151811502958691807002457677758076411410930031228114280633930039291182944143463525367729706720740994035456601354718059211357041
171 722140453297769714360252692480802587065158946443611989827151265462583341164606733205666787418244869223725988863917147893391193813987045281118611735002099785209801669442923750760892995728944675165598802550257761424164089248
172 14284163225712582681093747774865569093642181351358805300038519120209382050110425113134963095606405238840418343314171728250935469488797095420120673653924307129102026403491684316766601556174265756644507225104475705513508404634
173 282545200351303808871571552431548806377484954256598426414690921690630120292380082713525514262050957525439121304256014214624279041311800839173460336042660541546040305847531208144180334903190447656921932277181543142537710501614
174 5588832119886105895713256804420530566126109836765424929013379618574893706342745971371946795004490533366792211620374553434444738897268517030160375555994012448082697869615515149139440536666454895301951597351585317469815299239367
175 110548841125010778416429286946404359739714898616006039950134639429091503167478954529188586524275731993652601684745815002795371482237577526843000983831882975244591408106678586592919865775899214274941262056526215787458407871529802
176 2186690530674219913383135259480126606114898247044201586856937873483535431145092100479039107620596771455571583801766948875089003662899834692141386670608850577713022920548798444301301068331722810120201478048374923499533971588111237
177 43253420192195029638709786630271228313931065139291905881183546567059204581864160797224284246545253607883584566207402987294984026201318138906430972106844153654621220273307563374449726221085178743828405683052453612669289763679606651
178 855566131594188132123605579755626583835917120500678456356067853212751845870528492646004619738888526761556321783864662671560283833784648319978760089316230953582340426926143841294910633117338168044221933351829234617653722555785989040
179 16923364725343269016721320978220735182018131335154154631315462502521602554065604729107147973243455485485158689881468983640018449928729964924507055928722779287995699179488322410193612990696649568389550138311925276640979361685314040504
180 334749428537264901958408740636840425519543485869015155629507417285553497188603792403970170559404496933713171466198678788425546514557795474763308180454642510785586016161972407739308741853349595591476770940273868413654178193373109500328
181 6621448023170964517907070915414524615792888735586843026586060583530598351858806110793892829695128538675174233144995652802131449899174346071089963080936748093655163582809225262848619915196138526720376739268965481037768536778528767981267
182 130974305513038177489265029146044412347162630725175615111801004583379923440512969265492055665514507672978353580136677825548709831464799230055605247443090779446497425510977962311701203992848724814864075088905679258929719955444033324531233
183 2590712581990125637181749588774295558317777371313975257897898673573454900651059192127568382057244655534800914267261576697298287305606116378849572472944091821022511646336397498520028689864536945919351378184078674100740487268903772889790067
184 51245102283163476770577133326572018276274300289667406856979029400373100861052225994408390211484904847874161167325334366065391803069341168219135782948336928966557708570015938504129803036085143823671056155209736567854012020780437974968445424
185 1013644094010076363345541659779652689986433285745665824328335822814697847580385701228703690612166505657130417107351354999767056248918191336993513357348488769816031575350437605976590453957625899341759558780358732844356547019568235896066013986
186 20050196087891976372867754973673819590300802485019829643525150247839816576548876552547902452495058697780327861326009573008769350921337050154374647353044977767274318327315100890579776093034628177349019261503378154567655778144496519165284809885
187 396599127384569398005768844085417131737811783270640439583286167082612193781917810211591072441392970610761238567494441157065054596133661371357706728470948656355271735992499298419063130365140795689947786904518006840816897676525986917584239880302
188 7844854342207036364834074293105787890560495618849378193101150500513302574912773113511806239562541902443624296951205589899694724279451422044559206725471348008175356417481849688069957058696054825639016767148406115675752847340953041704321822337385
189 155173663785622883498927282503216285935488067003264955951749714527178331202039402034511679158595941777001163248883230793362354265174059565939924465849516644322134886821815770279787384956658929246163724134904939713973930403546595877347780005936076
190 3069383430499652834442943495166663096210606029034490453371555230783087477958227921500587022938476501667905228022108081354023472294200957287909343816631573139026612456229408247101607929057289955880800867390730805372805303601938103414132223591954360
191 60713360847375314881928069482752881250513454342179901419054862884670213927411789738324666638816562060326818384307776763706801448123406964584528428344392640226841210822496608861775755413093843456743372580574217577148300730005843778204563348989539123
192 1200929199250794852552417318117615838753961902113311986631472412718030278124784326480877005694011160212979968534109833655507210988930690431198328229123782707958830233853727982637243194143510588332017967716783895865984604705028118575880140587941415336
193 23754753838100268381426905908659009389065328418181295816101079673987471820918108588609245663278094132496681471625242933923007472512499247873216480950114138581133430880568209870473933122805403214702002257697180155640907416732145208277010628980657840844
194 469876434231737620229240080318414893783082812769054313006006652353073382803486330317244957304802160023410031819654720100871027060533231407976166151674670313532074456234155783285787917019912800781750114618238218922147174468514666490883103904663168807237
195 9294302308964239271466253488275183473478878814980368070768088970711457995516587630182104364685481042010302713813171612522401786501237382666023744871645562600424728468515684551562715164783828023790252595011743904290637271788540987518946260129508847133644
196 183844196297391609332169725228485624733494098740770588395189864934567461311827995559256839328023740732932654383636495908081926661255570870066586340784266349107540461274593563215843835117764727383858642068674119267684274180761968280810784307062246688899797
197 3636495498928999001471024827796119146659250446153394744008531176225449583182980660765667318770347106187897381539337396809973367631356828366535285933478818370679737735449425402896603641093577485505834281658818576907790785621181945249736146861733860295106463
198 71931014304847509424996320730179589203535677575679329768666198289022665250372072313670393182584596010179870161300569332166522548795889063593711262304981139198522024237704792750499979476410978639077529370956172148587737062285024398463546007155575562605686829
199 1422817880689805996048874824416165791478890983599915353682711463408773774409471631243363189389671023380769945367141225699315811217389983509884090675962190529232246362434130775237135376392361979578458610063017240781870607650355830727235045496970287977087898855
200 28143781109926650458890114242607898342366515509797726702342212301951468066362643041769310382973281690662550295086511747086035601235389070282367549936599963234613675171530271763623085307417355035961825000001871678990608948382687634991663551726082427628464753356
201 556692761535618430924341642048632951207276241972537094309723995337557557728843397515555154579357213427029086982124142474098846096233457630348000551169511176619466775918096408909313030678367632938789394493909462954130124886584258091592426787255550075043358335301
202 11011556319873631229978485233447204413184244320194387963672450132542008092329417642077391407925737045833984672909049619765849437691360936255607119401250327593921276092079510296396382853820833988052043924611918460913697969563546614849313984174657386026381926339246
203 217812015825879903242586318863698280654504661526632495712932712811769119398973443629047298526370137520317160493749284204463750328136046100381250590166113462926747649964858192936045761463815375014260441409600605405000042988865464749703281420901042227946413183069639
204 4308389555480909833599506827560825175136214634820082434341116748769037044206879698634298434291785463189345819405563288534908251433590178070991496575321329575750007868169224108865344295720835544575380780930221643820671022558428248197439308120989317503820123630750717
205 85221288143330580855067393839827328972629344444379117420815205942682269883217749232168319673163495964210798041196870865121968939055783712777255704450689602186587092765245815966221943052004425449991886654100051150708136623287153082344237113291350279464861730660618036
206 1685703639210012425263865096248384706237832221356783687294532730360297262309853332324463009931691506348709548338499764643856844328439032599974487313439829209575743262742577458278948816449381837205957476725019532996182758146283314623322567295767000289723785463493760083
207 33343743343408534716772866601705997383493081239366479718781334382712711537825983886752463417587857170466901397025780092496717445743449714199767918535366741006811175362537769726543273837589253442664299829343480613701030959734590611044055202888335436054992346737231690802
208 659549635113878609051613548311064984186979407971526241136148419102542183202442734584850382784991344957678835982397151562044178415386567260667699220751857174607801165091444929391413811448057437376576560712919779800569131239177519720030958890144856344126522922307816008507
209 13046097335224460115942597302520427453797837971813029273624817431154782896349643488303768977977719877646044728447256099569593115291753399118199325053733067280012153394278802075633913868661990620917097972316174913992373751284026687276493355113648028501047278817070892229009
210 258055871186652564211542697849099590893394079903732400439913294814791882938623157822540465641700983262506312879708997390730033147630448979717638146613507635598570227662262036468004162782634090032820114567256033644915454743987516705281925718799232799374510744632406530493948
