1 25
2 625
3 7225
4 99225
5 1288225
6 17098225
7 224850025
8 2968615225
9 39126818025
10 516077008225
11 6804820046025
12 89738392111225
13 1183352776011025
14 15604910211748225
15 205780172363700025
16 2713612593438576025
17 35784196762973103225
18 471883818963082390225
19 6222698103478146427225
20 82058287511048559984025
21 1082096858423001035644225
22 14269535504599319049006225
23 188171363056547437615974025
24 2481402570284718810901460025
25 32722081620364987483335015625
26 431503795288190869579924684225
27 5690210281310661688079302875625
28 75036403863764139831667621087225
29 989499794553144477554222006991025
30 13048464385830390795362413539720225
31 172069184615082936490691375538523225
32 2269064268317762957917001290956288025
33 29921991350505382167371539658130264025
34 394579201163240182216801305524025759025
35 5203288249326504915038142707315543765625
36 68615397176966278976694493114842956265625
37 904826429779618498688755877047932406109025
38 11931882663540177875348140396691362090066225
39 157344899762890213264526587689454844165485225
40 2074896156751903071011490527407835301065863225
41 27361510082573278219033877098177718378697075625
42 360814314279091535243251285418237654425792341025
43 4758033054308938469111263148170424172105419702025
44 62743848151171672965570769391933822448838767996025
45 827398724616273583154836730670583633329452009715025
46 10910848946453282198936399077705748075409547402156225
47 143880599752593868617107432665378147026781627277148025
48 1897343376923521294423853923043502171034937128924131225
49 25020134028810596766124180420704758136269463024008340025
50 329938752485960412495799134718195592070738973473553230225
51 4350879186603893582863686267017403442534955903831813040025
52 57374738656164605300105081553879699977133052411338726403225
53 756596654303488442953513649622055541484598245388406229777025
54 9977187011408320848733149781897688728640604255725954623798225
55 131568465303687944115812767089718850331998247750006460823041225
56 1734984123538476610320978915762841931810910010284630469937780025
57 22879113942558080250421444248758536719020238338267955018577734025
58 301705270783100019823401051624859313584032224192094035664013521025
59 3978566243729551299036349598990640567339343793341507846090162909225
60 52465073993102178517697270542884548028163984134217153854710983020025
61 691853250763366549077347477737256911292431742049429994222343932343025
62 9123420290129953517134006105065394749358473978630913654555921213456225
63 120309903434744824000116346051270655968711296710939790033452553458307225
64 1586518257866146246761190470752290417730292077723588940212756886986265625
65 20921304985568832711831096230637596533972745758045236119271914830792752025
66 275887781391114573946856910518538268678621527834034643975257967840630640625
67 3638112821997176550237261107830936929793040335689252398973975052567036836025
68 47975538600661430840110838322082396031177719247445335157011751034473727267225
69 632650062446397990587407878941527352160449598306398897059702588923629071205025
70 8342711998399808481503214847239267054241705781063977739387180796140949424551025
71 110014757951819752055261028882403707212131082061815884636441689731975850448981225
72 1450756896500679425043263093430412361303545583610695826847215667735626436485991225
73 19131029435760071526379741500477492962841801922065974227081822097730873805234501225
74 252279543288558763486613495971396058181676228533894740264734196706952629904497830625
75 3326792642058113831131849652439664098255285670835411734249476789223122119418312375625
76 43870181224297208464509795239426326330416646784939651122026954687765124704174520239225
77 578513002680573954939459419177720783378186946871680951880566812907195903832900378395025
78 7628810388527298164590074070480270618375052224735888771457910158782541800566582502017025
79 100600587496624468733484712889865138786656308232991167732840941597477648066153272637956025
80 1326612891032896759732141594807501938926275768422064811386072133316263153892428214368265625
81 17493951143314265347861987856457637540603453515402521526251072338638919484809730635144543225
82 230691506673349135022607651581666896450680075983094826293725900280339137991313812400205574225
83 3042112717432542213791019101183678605277543793478928531637944717095018843846109486968571467225
84 40116127026162146577211826571531872327312002659370344217028560005196630381101703151316976099225
85 529008553285094616466253929130575878301537698463874184722557019108126539635384291837069776985025
86 6975998686669869450956483077934068502403143821212212339063790038231404772219373662909993275966225
87 91992005373480829006298830839737888787539343530556369654611523392334880488980584852634198075702025
88 1213092122394633198215452771797321357554732709933791830522167732703047325487207025335979616519879225
89 15996960729808613008002900319853098434641850592689748053960704479803686873220877685264155982767166025
90 210950799091736846674483829276350749410098469278455337865650767293589372070008514303667290789244476225
91 2781793391198424370037210190697919718691325209736982505497769950623467644704746969480457960657106450025
92 36683314330324098469862796889731841966234863517204491788809601433082405009533675585240937786735644895225
93 483740293048016483003476566040184792166554049951664557266075313423661705906434141588077518040633895711025
94 6379049314111237341794610813292245854717788395261833079479514163999076899535080814579269621454697515109025
95 84120075868527861871849979855634992973782206918235239197410185874788013743298791409691875698934414919339225
96 1109285540162464644658976322780647046610142879781196084723526100540480012092552866994812518528055795044019225
97 14628070611071662395031853783169689688019115295457966137207865346533946956705861848301156670362907687813563225
98 192899341112081164928588965412504775420476400948010908982305842256340419894575876308287978616285915936807695025
99 2543750080978656515720248868733140325225775366713659644678179783996211330035743049246874838346814718801263423225
100 33544253895192117468333324483130319383487051958320583137349568941103150067766012287212574506972632953909097795225
101 442345723268618834212711770449392665297822731177242382486016340234220433806968542204683309295528090683973928941025
102 5833182025911232680630436394290715687859341092222215246822092158829658840675979839885875805075983575476272322863025
103 76921762227033533943108214676503360413638060630991770374438439520123971990433660863228434748157774627520753252515625
104 1014361883073237935118859059761916152161225999374862407796367526587058939123689226906896299322052648975758838743239225
105 13376319003132198845396985323444569934350862235111032574390323878111420281980895701039399107087726490203362281055075625
106 176392580458030631166471789043884054777329576317665938688546607522302299049753935901823840411018656749031483756001528225
107 2326076586044118364225946382913717709394236074783258963107225028299915496413126198586449684553460648037755458075276422025
108 30673808785455242991498859107773462191847664739390130977317085537486348600405567300732320630577733154540972760357123887225
109 404493364944100625398548047656857286199870733451844804774778584053968324114859879841983697320593146350355100941497371382225
110 5334025631710382162439357001220245744366269093252258253406836458443119008703828776641614341986039487461248070969189520777025
111 70339421868329709631418646571473722862854607409076075664839126107020609201958421606850798383506571121917585707446783928236025
112 927561022458824584191793856809984741491981381547679120831092318272363335430817327375845741102853033601747226751256501371056025
113 12231682142560244866398666875210740486729312579547480803667768722646644881952899174522817799612403572640002956692527060919005625
114 161298334464316829796505087846448892039584222890233940950359735322139171087170528444680568403536032589046114190205133635454500625
115 2127029822859417537121602171920322477312671051555667475400376427005582345536764840465931757375038840622484366966900109607217280025
116 28048993080794905175491033621205820640597816383737001612157421050724106362048167395574166675130768810245409875984100292226087491225
117 369880104355489858109927317793603052075671728208935315762235707801008819995503542502927119916621710103761665120988225817300413268225
118 4877582992157480026705840528067025069703743753745345038358865460064976070929478351371790241117811753700518945530018552601133737542225
119 64320344796157745263684981174198034661594231775619994564966515172520573896905378475891787531146124030381245401446774943602770053175625
120 848187875295724766596281395500523632741032929969468841684238872384470938420608866486827129339036164293984582923108086406859126943540025
121 11184994018279136215982833202407863504500315204210354197369853062503159164933141520828591966156874075862299452587484882540354335946422025
122 147495731585790373788204152143068227418715219655746854619785162898360916690999142319516788482862015864367262079698192116718330317484097025
123 1945015866836791343857810464362424911086662333733579904479748353099413316841422446412555365373600010088578516047460307985378001665280634025
124 25648787809472681207598407365395599773896681764691267495440845963484333026130053252283355270740982069985720896909167508091694797354561951225
125 338228765796776033604220187193071860626573821746601464882250313587949899408970291120209776413941001189753996162033876321791230227059644167025
126 4460199010658910357531289036624323009322728474396914987900768882843736211198117298776621119480048451463140201822796608237117420437003289632225
127 58816331508111911826687580550572822217729523878698309166315656230043451837510144885443811620820109779934016932855366949856567683551731239584025
128 775606838126503835362855349256392347857153689234762594626289073038025184146870654763144667352184216787487745469826166177738323469012375371315225
129 10227872972077918864648328775432809125691983288103023928176919446748948175809971266043834377522477370910772567142355468418667131310180996191840025
130 134874243483526240122147476812752286336103323977558295196913374630558606257873409673133643503916151083876522744591072483031367070565768616389754225
131 1778577188523468859210250712148115969953425933435624462604104312901814440347175664574399629194922420693640164497131090086467277738790023612076660025
132 23453972632828313145262824365441205955643335269615438407729847879826324817840045011978443315117454872627097086383130425127033823024658078337278947225
133 309285892010191430636816784178408483058970726747595489593857412572467222066824883924437795625129733182622925446025972057652573298060850591565521448225
134 4078531364134385090739482082036734541982189895594190351692750936499565192452351832023555893859175863277025979236596697563094519618692288407439245239025
135 53783307024168303376516619155481376670971917310395816620095289885950451932639303352061705903645026449617517206944817629475601074761289608816349272050025
136 709236697281075689430662125956081574730979466319481266090167846611736761541275060710608989039565039705455767898087105850709972458018834794478236008820025
137 9352654580056417932241199455589275288219465911336894449848036487216227292727190254209429071530128030156310322081216835455828190406891463656682776665653225
138 123332799937147695972921490450881044557243915679080018203209697462030895277556810727701903377202160822078745134354244719308423505989163658665755636088701025
139 1626380982012567994111369696794021749483663727912996902265400129565180282526370631663020816013922197965449562568224153274021606357032213055243431874396654025
140 21446971932852871398308362242911983520447253462272660204741546232799083089661542544340248264212581994461731628651097065317406342991960117297240723198803759225
141 282819714553834074530444564094373893106175541257906149419784201480055937448173079688494700202853410158096537867627583608292441846240975187174983503426164254225
142 3729523738397149747584758775150404295871059749379415067547441482291206288751398860746760566380539204303787448766183152559433450831763614408460078105490862890625
143 49180967943520923017984835944038410576398168800089561308315873796062118909119472088557364469504778936157664663458806157345286696440502730080477269044905207892025
144 648545974639956233902503568055788780713024089566647838077902547390426114930893076561644093324622676579433635911756168918777095224337593985055721953035070556425625
145 8552330277531716630653119983756871367162601560114256991494099236318769278373993052904092330431646869939085933164897347784970381270485855482530027218220015622620025
146 112778979495772983128623017426543278730127616524147190263804501221728581878054670005394856323463364797152810469169444954020913004273921479665824266375404471432566225
147 1487208492113898451976961777422656774687842896008012957766768606444589918803443126422064298214618593664257789675194035448598625400637599341138027417601155620682728025
148 19611714070338742516077648712790890470885875102842418560322187340503620911768565902980113619399192514786429724934368708790046174910928291698638592691820598959917552025
149 258618297848763483163030654951728052569430340393903856425297820909911303255449478770457159265907638054954644507639279159919449293325381571027492183589823583817805212225
150 3410381353833214523438134746453240341234746179530021806788349386809569249087574466156196349643755938014726908400762877595211451317850659533853056925793098093953080654225
151 44972459703430371026555945877862247490993528595850103368679768761819592829557978326965424167161525892437985040428930687305480731897300383081660093997173797674212582969225
152 593048671669338607589686303891280772629338380921084829130993211415391616306568435218231512207383632656155646970917472050278032638975544380933039410949881248293928754925625
153 7820491235927213433223949505204214113453907531909019695731591349644108964552375989009244932761438330124153282537637299242361447476666828672311338792972777350105805482055625
154 103128269386487879080970345751186650184898349632513762844366992238507141412615645275460238720877102623302862002240832295629686115013383318417173051587389232186994043118508225
155 1359945254818900587753065130522043773671186174950134624912457006700485962738855547739036544575938319096069520229715945169623920838358994129715096205473822019773833097575650025
156 17933502686575327221563266657566166960301659065168618162066133958745899625641013905196166563312892268070718932433138049281023326684404273492941228922340978813933774152147884025
157 236487842043488940545934211760730043553426796682651030980632902352635473398799945880181800712167223703103442805767173651044590839279756878120591456216762273541997910088678767025
158 3118548585394400933489499066404679690997235038195778107268791851250362380459683933905599952947990925570388912115732962648835391312708821469228621580843965045149719702225371150625
159 41124081455641920221157491150327405360675491059798783822350389754043654925607187340768266707503489414017021377053695405116405830660122057438846111885652101511526343788309182459225
160 542300377647118780025248541156331851868593745406467616835032462411369745464492518975474765301161139783688783454856659359933985827099947821411783727622567533084360268485231185459225
161 7151277042222196834261320049373963652440244659892794770367251411259480212550688003603136767078293490355927761844107313612442514678316300468699975067275881721412379370239270130411225
162 94303388753846944348942076620780332252674460890518336513906852357522213956264865456682999927088442117437243278709441796703033100938951579286569348554220914388149943302099316159410225
163 1243572172907417413321224889059000352067124526626184995566745704668361163889599485446751068240376653073148696353585154024235668059998185584483107149846643486803244766222279111652060025
164 16398899018001513971110909905405684239449777254352570211167079410187613084438964202671761916581735307751915892534409435683037320796261600636412901985693868325600736691977956635117827225
165 216251131105546302966921056301648924476025357343872420790533240739015549684369891949665732671987840165929370507592651020331910798284078088762225387628501332645658694782203139631804541025
166 2851688497690818478584028081013054014409867001695184766234471060105813172342847229022192803488655348723700229197393201189133086307095272518453945664808261525197597835208071107497158770225
167 37605016197085446894841458850722014310990238650581408927249705278878741598084833217441980680306751971384838132886982172794999847523562867092416949482651312381523135086529631429670744026025
168 495894710915364602252902216298770557837741726855757638198360654369006724858672610284865428504565874814743752155649352115837277147322909650223482888452894233001893616044799312827458037511225
169 6539328769997770929482501440368747380834680939633027016712304570283630300853693345924661014424640156723297964197636419799939639346792575661221263911032691418961981070194405341039566959034025
170 86233669811047814530369252304674328013238182410414923738219931494730150316812973396769571186052862714056708718046365042896954322564794265560823381980018900764143008187591148050909487606632225
171 1137157355231637026945712967277511372419834953344202263425904401310447388158705992034791114521461564790471472437763375836163620690836058163316813102361807531459054271362994401285071633577302025
172 14995614281415433365528913003930683692226486751460209679324462358671603628513746062871776081621252265973548938436586975151055399789225834372166433211582609942959000603096584432051853082866812025
173 197746113712807302827960463832561230112448083304269014916848957132803385159713618782345167969977813109047796274254381913133257593070395864828336414705233730065143784233198639612577594776019910225
174 2607664131304098973866086913526639163635587617570536283092626378686160389460869427322656090987061782034075273667950710581885791217025831120575122433649959702441246724175207269317785775114140108225
175 34387083993800659637754294233868790566830672721630536276530229324396411318677206625081781010487512262051673354397384552276931838528026138891621724137233412582532054669348932533738506845157388079225
176 453460064661527065397727401680875164928795584591307969636286729865849675141757412633198992318027945013909161607011353071270700754254621091658636076053502219387818078207218021092715796300811154096025
177 5979746066281944360512540328505475706054678393366509302054633630872557822766102175718823451336018590697223693499964385252483402434931054272379603607049945476989082617392168264171441321753264000807225
178 78854491947167385099766189436107253877218954564436441885730512485945130678920708231208141180614906065115247357196887093445905441354368134341424082747924254069127294547734909290955963284256036722734225
179 1039848654327908800021917473020444618394004210425429781792971032323217575524336274123841756629644134100635759550809083361496097830116750478854981225347926641212929463589519097668191870801885875346768025
180 13712411267984901971820317126295423080277474438494098520684796359590650694107897753800075166675590577968432661452876106927447098556846677464178999117779953684797999085826859703419086715679099045793616025
181 180824605580597623825128891778854655356288003796119115416150554041115392529344775860162455528144881879950697506425970798749336703928704995352226388140334809142349717961859873487149255302429458517362890625
182 2384521390466123444488053461149257636816914863645670823812016524870235784415815645170418254163452401469963059072278756316209464668166111068766045499960926217351291271245388594799618317427715157175988054225
183 31444516321956756321315779378834169917876629363129710547644967929635945485433671364725911935381152809966331647156702300236401525860365785839236838762618284568754021711536234568940147909201770699836059655625
184 414656631169294596834436164921894888928178483562654812743935980781286682492913859791948089996473334490605001808517855266298601171645991451667492420477435161097680270361982297788942370069555175243683098919225
185 5468047910554369692851010534996632002957990511563499933862794958918556728624541787064306230658161107068456283802307143811823658357364723303301543821833719700085428144645888898093644286808553674779162004518025
186 72106764258909735358318895591998967049434768447129026913283079671640289023358725035745799418482967927957108475369614121150596610451456171028266438073667915120166087311051109775925430712925054038667831850724225
187 950866842599199295810455847341795361175772920888040161168122653108776652737942982509193150488158341744328036452257471580098863904940496788750709172124557297662650968641467727341853829766922187321706285265021225
188 12539014358044101931068553215227802720080413240872938900378815025744385929215446873223302943054709011894599593210959937951703484681672434982973735024429059633889753900885833105505169553242140615407133087655276025
189 165351102833132420110906504981225610769197500091075481104697913754877147598302523537601626244871451165313565008137605662729768332268839052215145923632601041990220999831936698996678119978884967377570877785099863025
190 2180473395071374330208266208793462814311164138586245372367875837857382966280897882382035597200326662719318139602286143178319488310775489528884524224158388111702789685856117324716448954269189385121328586671595773025
191 28753749718936887342994824334144223657028910399888644902550870340688610651781991822934140304454459675260989823117991771140392966256322694884899904230894601364869325431252654338744849060278903452643269221265644425625
192 379173680709917517879402882918715471095148618719793027125190639762470050641665660245761694119568877148756185088357647233179626730692289804226573375680215682640999423706862334956257557488597530307500502734736436505625
193 5000136731677101926579031090002507366716244076483863796693426975393887030495156374826931595111808519467155299796156419192172081896888158303766265769818891329583531736312819767867630391540159371136580036277498686096025
194 65936452363088936419632917514929867186914293473049763209795829863578738178996257730307766374877195178895269852334808572936719166997437408651280431630672481699909580110552264700242910877765628604168131855437925731306225
195 869499372424493182831333338589473036484896175176647014762982789559101046191536444876044098573137610847359538670024544926708683830012245490058540143461386507517084468382793497654253338820329934198644852457327337106551225
196 11466027236093926646956351522061345003585095431149547806768679031194588916721501273788393115288572619072342995604038418758298470512325350577486189840096095294348677245518080688661939520159528873509051357067200333667491225
197 151201696916997475538819973465670700569811727519280291642026375027255133575147559660976712490446629202188429048842728681520047733475019224492425620971665316497315052387331356021217161264681417786206384159277493375628830625
198 1993886171717121225294334584757958845551385853733448564029158194895533393937829627091765709914175884362181612699686929862025167791352185433541063224064222423391132914637092527819131476308614217431807771806030759886025159025
199 26293237092088738160814839249358001574175864263001143868735990032877615183114354846145630089069659694151806497449773106360624209183389446456509628818642437385251327487242545728619827208495756051548506944884433852987442882025
200 346727073283937079791671597098991576117695321400947470418565376941307441031048405715050835335514487052735524091194920734827950980259970186258370221423434174727887827002791557997044296701316076037943211718020886810053577908025
201 4572265595407309683783774857151890993510489118938398162161786281775288824808343482827562716555790139732424803597064965716425331876362612773988552573939427308692770391053426474666834283081306867248841637101640037873597496818025
202 60294145700660693645161360761076114063739962675080646996543898906834574288400261517572086535675774693186969320458419413749703494017925992284288527938374215121463524525519396686042398114777676853398492653091957747130031303456225
203 795094670227408486558137571931384508178278984274179590283708552335155024938383538565279622164776008346032687055759078285493408834294882554148390599361771511751090090547044418563169121721875662651810053542735065314471753268926025
204 10484857647085033205539683068669983496776353340839668689146191548907128734571332108628995264960529396836556218171396575548206040410511734799178443140372492027138755317645249977116810996979102094146815625005513821736763620477103225
205 138263082367531529813483853919602886115418421113997903961354504794378408407778658602957752181700961565242237142772781533667149351709201698981073641451487209508410895761821024100275998561379046666540346055907410528816561330794683025
206 1823265569188301456350286195606602342953268918720674127630524756580698668337656148790129708715248000451280560697718372978754682281734166884836945793956344978879234153411621050581289023506639643987033438152968038009137938453243860225
207 24043275174141418158672110740012836232319540658304667536236395513139349563685805258987248697732929571543897404196144796332637099963734720810271156200778532600206675490458150274424122616183465418962418065836137602426311303531373220025
208 317056983287870528521999162971121055334776676321516198908669495326146677394363468913126562999484014293004173196394824200219226096616741340615187224454550199287466441749895276124770679094876273879169930338709205645257326083689481635225
209 4181008199736446652268836349910808733757608084732215907789333838293225560501041789550080260767328143669584775481551718142617748538231361617421129794973156966749622104128956397770179704047453942885364989397214468858933666996525830028025
210 55134661867364575068913128448354887069845096874478774302407106811699126723128782386586988718085881659169370880757850565333696144933137281664459651388433300964195149055093878180850662579000257448659204420929766435581563682729838292966225
