1 14
2 1094
3 79092
4 5800644
5 424785708
6 31112194860
7 2278687944204
8 166893600277548
9 12223468411103052
10 895260103173464940
11 65569822288888377996
12 4802404999579303113900
13 351733358040572021645772
14 25761333158994839064084972
15 1886788019838983029064441100
16 138190403805438476249326533420
17 10121215262719245015399170892876
18 741288798450341586247555626393708
19 54292796709109389306391171611244428
20 3976463398150409524708465526156898732
21 291240498100494411704222917009118123724
22 21330770395944617216172708383333132168940
23 1562288791057849341251497248742840612028940
24 114423727852278061733988650935367691069970476
25 8380518103024261410481955982523421661856725324
26 613798247910510588102143119937298077483407650156
27 44955250320628289889364455975714623867417936198796
28 3292571359188695884752227050824393544803923705933484
29 241151502394708124086998918237710404082031957517880268
30 17662197949007954678470436402139377513456290431499148268
31 1293598560623300366701701994779219344497891540116152067852
32 94744563551936944236668466570486195437946196008931813340460
33 6939194736210757571851927432015526644525359389125529161289292
34 508234159109920393284797470872398377392407697840746197286238828
35 37223621804165882993775462382905921574027884315722055734268690828
36 2726298489354191448399854127128822142075369583372608859097468758956
37 199677062381477211975163069305433559875678560509910781938118163595468
38 14624564917226290598431369304706642084151964272006351251599290035964140
39 1071119018215314702599298688286797367372416312684661813549731615781489676
40 78449920231892748229813060763809558385562809913245265344038663573779501612
41 5745757361908020113788365946940391368199707698750458006395942267980787573580
42 420825509628739288380097917567503628054905866872019996634282166255583182456684
43 30821717382002306970139299041243224804169826393139930653186180757212166085068428
44 2257416056393808053618808826543799742353036344367513996775044870021502273854597292
45 165335603740245565473296083542923642946204442784385829464231872466150105998987654604
46 12109359188230536908470614394602065646523825258764636825164935150157949456021659268588
47 886902618869437317628574057009433813974020744651183780007380946060716874480150816338188
48 64957711067154055026659095641333595120149191359218130487608677428784238688116138087067436
49 4757573308851656390352453698143383590419147527703175253383325875869039563460762339929602124
50 348449836320400495686981849442792672316569885157909758172607952738872433174108631626249737324
51 25520844461989088110611938083677646629206189722665629779968826406328150477211160253181980560268
52 1869174366476541302306130124444110036233121427200422226545245043242829015668584781932125948585388
53 136900360703059300320499692433391744559984346103523004232695383601668701533259260280758379542424268
54 10026731104790676134380014620731650300579180386852522472850260652544922938613431179027950693674099436
55 734368676104811741887616049725584814251607927751604911635250147135340290690841468024184623009934808588
56 53785959432607381286108925949964045139141545090106306284079211355682029507931877659125103974893745622060
57 3939342085545595394071468015553664343384471762187550583797339473563917775989845655867046023065292216651084
58 288521692848018328214194146358589350954101059328131087121823867244940120236839803591554838518355024625590636
59 21131642146370465285867682097415718666528097817006770733219946191288490681852857461173609675713981778583195788
60 1547704421786694806572156151609473774170561317558257311854749326535928376395671286719156590785551591970906481324
61 113355552806837362414349605755226317972992201098342225148400956504066702362339071929601532344461384415999372992460
62 8302283802555817783137959922749080158033674098721244222768948369254478184571140427918658906501094913894157251170284
63 608068282774261288220983897438646456310469750698956334319757163147403167131889308117524368006277387950920378685143820
64 44535581450758664289520374352773406093891855068564039485307625475126925068235582463989819959934414555252599548763351340
65 3261834355358872579831806362519858880743387053260144508397744056616416538170228754441854081866187666787009102777525772876
66 238900290850882934315656630276040290687164544914401982163788341656291507151798335242483999331422873849044628796868821741164
67 17497316770506929387761095131659387380840830702976046237074037372266485944524428943444086610392718686018202595227550456747404
68 1281522484033139639344958451558399368122526511795047034244532477419584726558712224642806676642251306913896243064295737598304172
69 93860098586698227762254649293111521958022084521048881230688204265644585351188014944684772262153452993130197810946219721422197964
70 6874415561543042736174879441184527992235103808305267434894367125024347817106269253197738571404687671433031695422540440034486041836
71 503489662000871288249286934546180908213219842487690368324824814371137554870213761590339928923830346507619838117947566436109996531724
72 36876129682921026264929888844659276344717363654699402507979302193255514974742764488254931380302828954634439974652706948685317890885164
73 2700847788984505449796819921501330746137433206707528540959672476241601695895766029418846318364288572374951345461403676798364101084657484
74 197813025444504148810010970508711257246862549362080828507852009034737051424292948984344637189449176596197503513124558967235705342485642092
75 14488040827439806336989865722577472435866913130573987533775060887155199481949675162952988555001099133174975642886920639632166862021551938188
76 1061119845601120222024925867564985943535560168030514464385960019003142431754432802404262952666469859200987907870945774693576303117992305155244
77 77717569969570361097946748367332859343808393969862961290485470542083039029630123637512010667890409492603618239578950243391426225655900694628812
78 5692119233293028122310174684012247772597277699137260599713641227549048875995355908400175856002753904800210205774898232460343924141313278426049004
79 416896994832834265441179078264961488136522886817031233536610465033103274398650732475615513745749445554640674661971672161432162090571744400897721612
80 30533988691607037326781604888730766020669247920535871426073712382439552464551966880400443830161893921279665143905063253313678871732068592314143187756
81 2236342494608353488035116952632156141810488158580615961789169397382591649148647714619723916749020970279067203792601289986075506002643753491842842659916
82 163792153187173183750088081233489307522876461583746634501095873146490711258240088630411081132214557755149755055737877895947964341926050995150274019248236
83 11996315193388444526936737376875755295038139432848421267756934643481573254588848838431315481225923259515529872440689309906582587585892149642393176368177036
84 878623153910601200629054372520257211754364489304473236521698625823139270163794688305323373001334950007011995220855237829834243907380826959143369872713324972
85 64351314061277273587677645170542218018684572146685174221768148947840326329423255729118755697926720311902625432679385662901631665712430930550397399240604745420
86 4713160133536035869531766268184962629492364506085540042653880418905966777306271789733087171596258511512553578378111249977593309750666103328011791236156522551020
87 345196967123323922701952431307078832315132991249709903723999472759590171859535705011759242525628745717602654659307937932841500755564240964984932816671105915562508
88 25282600789067821020654710063338336862787741588271524890524142817367837137560411402204912192332554130955338196475115259366087512235065523557438002611243928381964332
89 1851725141116349373757218114739813728187271542538512352885958169352783171272129530328111019886624572056639562774628935148055955050477942442874081900769584058837147980
90 135622360486149507233492485600363201090991898314433089191934331754106600334636273289599993922635354284762772045262180432016081723069020100548240581969038285696786994540
91 9933128980873611127178441443910034898250653034320332838352137723462583993023311320089254776539023451564833996561628797653118634250282608418127145123134528975159625262220
92 727513154888257826034043678489580686931221338242433832538549118783553177189851999329201899125852128363526838180034769746744206014187980988182120284524085995464902869915308
93 53283853612954581260274594765583210289287132076032799263574814879581263280768570585159145376299312976400038969636432295518930032560333024673026611792302417043083990153819084
94 3902567309979232386632135548332434628366550554685320099344364178832809341771142201876747287064972260339383250073587605887456309782636713947881314380782292002177871965341287404
95 285828268344610806324531759216430884277417330603986383096409820502673467341704985897333592909336454867809045462367319974168561807426802023819638842157127339240470875830273789708
96 20934372810424018257619993512241329970063335402530344721664102621751171401248045356476777403276614962805982749662411492127814316893339396262772186287828105289671000204893159922988
97 1533256201368591551662020904140197964216809564008946859579376045847482627199304922836094374721254837800848406697778142593067017365756176139717021540945935649549223950250085464372812
98 112297349451264828178542488653350522263016556026514264940826252558686651248016300657148591323041168902681584646073380511862785573815759938266225345026778325239936550687251786050642540
99 8224779839483528456512561981055117265608432154052492304963196988641580012657533089603682135522340409229614201528878276270675648228842665452415679341118340093111057885797484820767549836
100 602391808342122664311327010588202017585681886538210417294534637558281437684005903516465916487384736401421264480118710767125189993670346346219641105794637361961839525871965298021578363820
101 44119830298154130481150255264284974626375883681188858852804549786443691804861160291171097731449315567234793764279767979738625192433174714712817341779559055817476597062831312671865088452812
102 3231384289396560631259621926865432800446879454203769484551668044761173467565537551169604945841334495072982622763248887235152077023113239120161956573099926028131009552455741259419377084395756
103 236670094948116271934567986507824757624872653410840655230229057069045539911295410042249298811257654484984479486203677364212264008770410976274708700497848794630475362007017684704328940684260364
104 17333974800382028877659782169226818815685643478086909517432837854371676348008564386021867424642099489026963419617934159223018050461473109929026890094836247357959294876384226436578924161482865196
105 1269559140736173951751441263215872972770897995873129314294135267087465624633095487554276605207446334808035166293256870033061050423945453000633471101521211978407986006313779876639513728322117110604
106 92983890330292265535689643950872355538246781826409464521297519772011325760700401823323462301254520052883770797393114938130866674346561093602009143228747125940978729218719369673697437296927103348588
107 6810241117197815114235661946482060047361270732273170066692375271291936184603912793088987970321064737652217741573406742481703923701895943269457596016316604315957840779616496740679420630164063261290124
108 498789455997436174066230942109684267191221073674174789255207629311364385805356141743297660604074960431248287093617235428712123591005414924280851038350768615878488809309420995289693815714344128885969068
109 36531881490355719369191531599290757126124300430027076406206803970916525311812200181211034010800426245269080010734696527906466536826908709184906760096369217667259382248836579126431901196922709954519047628
110 2675634677474526801852709404477038384926671172495894369567225535325430747630666116410185058700188722291851049868148271959115880248606635342207553804510996124523568418723222593923429153340779645272382741996
111 195966389773660300491634538387699855147199713296690989963348392829050779283665479203402847291142047073828574115155944934645962830459418056957146332207489408121576119166911624117924550721259387271219159619852
112 14352791225284066790691273567722858872459489966380685287536028279752509979416520893343866408480623531739459123277034486460787351104347278508973777679904306672941674891726369126826872311567875841889017529800492
113 1051214017845217071277599693361630953457676167952956698469408401511458052706256535668491781155405721039566988421133370440214616275918093991004968786370607391282146347587493609083576447080153293372953566798110796
114 76992056386050683937088111379865883816162132488784058118792412516497622787205107185609571042301732507652745911192355164124354094832381420730111129772694201870837655437067007311854967358353911780406865546495163500
115 5638981830458834334923345200441633627098518731030800466259028812083156247838136877958481206866393495070597572621183512416689238680515129710017654086075640043970293239062739978630083125137174157175011373932858241932
116 413005153736951040581954506363433710545679878859503995988998635466356530356261510259775517430077043454572427303826452879902318350830735576586236035442916400087171442410226882473454133833844843578387356982001298476460
117 30248946022832513551599255962945693940502201632747879534368184245737230474674399132101332408725933896743806911839285253655037167023845276760656680241826202260501586264384192222377990599476880992578790263213290788737740
118 2215465659963678990636448719383473230625770665455030022324215222459848634907762975581940251337144329302487128048115307149743006842587601393627171905722667445624441040116562530980419605655513499156847569064651768282876652
119 162263111143556043834666072857859274090157401980505786968094330706268322899424544575622764056448523847884005666766473243081161998394450459189297155611807071528292904638838620696085692279825342746622675320209357424383835660
120 11884326493427874799641988301004706595446216906960438164115806613707563472868920406168104061312133766237318031440152642839435694540930034899525991464980154222409527308054946262335201412944359586705256774859197174847910720556
121 870420979895039078468688717230423717994145928388811504635279674965327862841864468256442376163585356127884114985403974499899072700599351910134837898888734441546794810751113896695817786746669963445093139492750538405735415575884
122 63750577928031243788804021548018508773829031790596311893113990929919561265070768381186658327399146116452981042398183618862404915546323647401791220680163843507715108886260186485555304389449438273693924676863025030471826803935596
123 4669161566680141249797498257507414304273903109298018765893819619331355753468550631599106385316095466072037751175006014331976362480758351665645849454313155412443009864178786052643944937641918240646771720981110199483784946726910092
124 341974464300142156736919838600697225132025710847589048023644615010345925334160220598313344206939347368535788080806619342438284481715471176491535822764247722537511158503819395204264408274993507711136015709910547393967647955866716844
125 25046581182351398934090907790659336965301828019506391088720556395135647800183404445712357581192385548178177705474861266811189531234728296102977929394643002499101177934597485468035800074112060807088082080526024574285998716593172203468
126 1834438808780549124611759794702762154392325936825324992630952453233801055913290689348561978032620896284145567376553560723238383682514823589715842716885973140601379186061613416613224795620776655050865605092033642103080984291133835655148
127 134356290731263580671724868099136888984686439142654446988771625380986039264880083630095291456156024737010100898237034363943544035219024802539616074519135944070515870654005573636121952037413682685033836887426175815206746640048748662448908
128 9840400656952798088902104294437305692201870800035928745834693289417315096455369039871643213585599423461241592989472028945943279490244219973839707482367766933010226776854509809049026061730704032660493870427854566420667099983228852561809708
129 720721631732459858238096704535185244238802603006586090308076173053433606067870293518788028476763849008634438872032277459131089139551342835383513556818189196961269394235013853436637557092028122217107640309320740425554558082195446987560208972
130 52786435080779568048347498364956985887312514192776970074837102308204480203588773106456912137565670277330149735777693601527322786659088935216697589831400895521810561405227113534425407749825855111843107334166735427873376453475173145188111930988
131 3866135836438585448898024053095609659194031057410746468025431150658194820683227910816788703660161506567567641795872355075416968691930702865556315865948737659418543129727163147217220453610765660755291263023847968515363487794707257453612448038284
132 283159987654425597166356131667672450787456248916234296759315861405996609825413218794851520173291915190618794847602934193350531815527131543988191099079111511716737626069859907154958478109495428293802496468046967447705874362526456397743380363954092
133 20738945034666561850921334092089125497377586241181008443034149043118348374295400366307365782911279631237099167242840219033202141385614374807711009022081028509008592137071408806508967686533555729228983182382972085105893585375851806132557183549406412
134 1518942858818840646748546578281399081384672981555825271181745283049978413175958914320616586847223707283563988792547499800795189676433816266869172479052509860822418494721510347603618775393112788520483599905670080393175108786702459557317970698140591340
135 111249024697260698342459004296554969563153459234328464793120263797101933158577927727343487943331675356309414606992322216440185661918555995941974982278580741973574524104290654804697796138511933329477744936287045101483458633198828371438571138898527406092
136 8147999395919216152254483060639780491376304338852268329064020642081859982373662774168555464065092671721564389430995901292576664189942939148901090420537646991421167399357172558371142320405861571559294603429259387353048002799887061403570044044463326080556
137 596768325264559733199149948172759298655288990720207763025013082356408429500259898352839590428380982665285178436018805014602938894067647859213274242187502127978041451388425041278202808179030828178341609874509147016209342428508440820570256086096220815286092
138 43707960289912404893694035880306770797968866716874783657635179093764679925240571526306199267090915810142131248092758684822737816532283870158633324328911445323999972791507254683369051258061140902193575337225629636344878332901953711825466374357019885153690476
139 3201218482662675116945162770357339032884568020920524646457377439175585599832188795199624291498828385919221673823531214163690758373431638913474429223231216344185955760129496605942039484289949155111008296082341728025047369182346684151691016364726494190521844364
140 234460718499972298749735342417537664606039765486639683636643841277649610257251649442333232047882431610977242619172194505183945089449813975075762171391708956632544932701665813750902420919537334357926730373490412423012429583232185580391171718263599166365477881004
141 17172157669725615106558354897201696836041844764090389534155374371230376772444587917638484010610996602533657826809252247442849912698174401043301493768870310330095149543648441755608030780212261273562700993477650971716446152804512036507741474604612051267730901987788
142 1257707478338001884374504730378699268325084286570917583221796655903214693620957465001342516012831931428724260500124636403238366411072099159140316868538954712725031337676241721998183679823053084698981290533063400470812941650047942509964587721381887776864706229817836
143 92115861704210096512819415658262094365454552685400919792193257716942425375904528153728574825561038364503181479484353925356242570694792618985882854740545101092443205549950185799420845333190851495494828061709907123410311334556856589817882515291416729425517194162466060
144 6746665757861363758904746728736255736123682799382243845719477359704638289631740956181800877531167626047078223513365731421628676787440828813541754621666582062858500962989855926061622399527927392063605735727465052293326839431776090580129136647161780108774026749100264236
145 494133127630707509793422165328120980770825139027220338581694009760069623420604304024340762935350782821011906777434228429327552170677949996611210690057939816931583145094160392328784219149425325437794450401100453160723062030701345961677859925221181918790404913273403880524
146 36190846943558107188702697221436403800797516697539273401896885044109108379463821644216179269773413124994436139599051479939098397174082354604446024266811535833807287198421082929740575953241371653274393828932283126607999818937732869433441815102970477059539190187217634472044
147 2650656936870901094164164187475868032655629232967291353363325749422264338920395902682212459397096796805106405568875962592083848322572647641040801978145571798423267381329327698639162116798659971521415652574998553344087381232296377578352451450368824005975025388208242788566924
148 194136992923633080311555346113466338649610751275208662292885528659617811821374265127387044182885258835253172858986623501660352052022700463969972537794418701158516032160360480984288754382195579508570683487944874346217827224393500733246219047277496997806756927716336450142929324
149 14218804213087946946965188845147693754261467634348776782351358143502282321948629048883807991661404846725540153797070150551852120856099370133112622917487119847891406463329096595797781891080503494450140791539762067401760314893519071461149698548818039197555937513352731973914863308
150 1041400663549250044507614857983110514610611851627655054607541317488056711134454389564350238874332370702402385972304819207791529044703790191911182033111890001976188140769619832649974621030878930416718973344586035477675092302499268291558129415122637668157469549598877602277595758316
151 76273315659171759429061249435480009506150356777043710900022555681847929892663232477044685716096255118106935416721457353453060345662769018653237797250033582176615179095885211372642762740576322384799682345580423697588591255541209259512902785082240858735163853641677165757296804516364
152 5586340479000980019402433694420246865153008444241353935926276807772706976082450475590379285416688985499289176341205145467292778367398369644825076634959087331971398879448778609846044119817683910765729574684130436729358845522417702773777398651170018834829987638949831274531666639595564
153 409149643982630205482896173963114827514726344822525796320135729105326259707571162129889711978037893738597425111595407914161839936302710382453943710266298473846020523441550414307229401027685765246384619314524797605447536383726954619425188449859478018643523376915478696059999758337853772
154 29966564300973334514831335314760169266992077733532440049588213342949824824603268450079189805062831696919928551446814213834886684372507293262311380429109400739845439946324485512715074008678902292481770536895632626098793470783115855081543696592733893756142785692247248144403171916110953836
155 2194783715961127451952231833060353505114985090305534694227904379889618129362231761528472216331988121283031273503552083001180877471934277481623610324642046115838606150554051644701417513606404884178050688017952224149133627043411746759988129300223017934938636986328903611677852439510098463884
156 160748343102237885660746734651361069524172010260470462661896238777648964025369330592536599223565216347599436175938219298054073757271302694136791253017691434358187144323472030406261432119481598305628210793867817707213862820411579065326967349333225647273787035981701664374964189217294774501036
157 11773383236898615589870136653442008637460769966306692570471811404037280416326868481221572786100562009482211599922603823322112432314824520157436798082172746275571462668027183377067579534263881425974646710266365229171880874361779560655818312840040741830497551747989176615268225913574082991004620
158 862295375291837796142636064335345577578528220105892478077764994511956557221581614275648327691587609272106576226202598254955767345922014855786387059599527605339163412769158666652112462261762557759610004232181911165347521249476317138835950883125829109098849744879465428929955021604606839104170988
159 63155449821708234506169860530235680239695418995239250130897605302440395008005915049926882153563269508356358987770289306837134159133901639887221390068292696869634295497535421342919705653267856276913395931478820629148198097940375537137232899842581817076966297623220641786423437245522478466185656076
160 4625573737806942805574586996045068184024493349266200707707222097121263199622642422608688286492986745651082904712399048220534702362603116872443056804930931391374869309668872097506526363979148401780448259321310022532225100975465464990901504020710150267128388868762157048096884155543459553718426240300
161 338782044372913832075630524914791489197677951606776532296034691117920125383517483761827659358838377754067074093388135492571856429125593371432893625560744124285386171808159714054088464786883766455629063947496280644805217465558783585920106758687309727208414370490233631279423352945249766481787680267852
162 24812764879607512041259543473318547774011699227087446072045836710587634668027639242990022644851031963357270600857419915012057139690662153217387820941076118166273917289122869431614337695526198614294837675941089447867848886348011000091746766057670116939591758139374949205492165682523531960915863811689068
163 1817313848820696412338190181537554376612080640843443550676715718823140141308203348534541424952391459842256704981072520642815103551002221132103913490409162573056400975867172056045010597835156793491071680100107018529028919350267228589350928624938996502665637364841114359918657728350318159776545259399991692
164 133102040064457901838420769257952598299981652869367190269183625735938146827219894587971098234141107329958429913592875687628077684671909203212410121048038686023784760659917094835859812792491417849705464831996724251102304447936193255887427336488976130924931095928221847464060442268104610166090575104947108780
165 9748537975879643613123947734150002537381190567424521988568424239421753402581172971971299355217186509154389599714743677995552671481385498848883593103996946830661520506531883157354830799827256204611649357721832105212586266877953231765324047955658683716049055035900982645567661320108383087573856526735185268940
166 713993509198995413072296831510529496524178152579249304492313785967680993706465718972497720868130074073863441992094019321870591325039379829957308466590085551073360161753475786687021039558291735819536188275732163555780807208609061962810039782003220226177378235235274001853228532149505465057189677549538040502508
167 52293660079043407886297048116001270892720032450613457187576343439797343790929506383479684204773823275696203175929065414233378913712823951283721930145060199174516535024913242168970384896087683876875224375692092907225176202650262085329352973647846834811593771751629919397819546974159007107077874382118611040689164
168 3830044460110598738394920920784616411872014644992627317382951028653704427377089325401355599393487362742581539314185572481661690825590110078411700344387447811596564334865395224270367361765705053115935806863594000104712462314676834346246458020944277413627680623500356072894652005750939733775302903048168045735813676
169 280516616053473757028263764942544426877572672623053566805500235463196806186799793572591364999700085367407956288914667157224370847948965868124545485928946942542266812870406576792979165745540082083366559016449672666477802789518688667246631801857040617465477970899974294535438731374643282051348762658365028369713378124
170 20545341627658213103797058425498662135462169384059060299599131065005908444853801168571921319594464423840688686990515711580595795801684304633293539009546446401297516238487825468971066645962804550016400671616396882518579092518151864268294425027345449778559799084794546176897345798536074702163283339255095360412249937772
171 1504763135017713514069215501515273633010102802586844965998444045076003766216921859222656704855246850225418623394125498896423147376793334856942022796084188698295928640733523804501911013257226651621617734653114431633028650761211406979996921538875129311292668809710035625976404364192271979060261996821128860554588478314124
172 110210486325528527296964134433903347874007162284175361913301496191068443571300807385435603170990095704820590017441944434273047111940636620693824066955937994336095386447712324299235759131424990020420050001622685016402633685687891383683640971714792853962138524474101333261743734189307648140782490685400077467807591532673196
173 8071935717621450208902345658089275171657903972098551172253353406150633952858976277243154911466491578349789433523574211951904873925813930424629689377555168943296692412583337516324115688022360409547647663672300443187235603942357136273227475403622209516258724389243106093105529587724723596254454292555822916898872895932843468
174 591197338853594360391834803461626296812640740695838860899426304383644889730613385780924926935694441471722012960918229903263631726574220258481694784315219079330114568180040328245833351207036594568430509089624409187158953629090457204879325132161776954244643903156770541881853123773514327988532540718480179926638814616342234604
175 43299935194548690451054513137916682212998408224810161598546798587060519396449364529904415381073482169836519319824245226606057481553649249038752681535392990563820792342445493491961586994076016587831717305127677129981955765328289927425612400970410909673679833229714742896467053554805742059000071908073452215947921641656958976268
176 3171334281523918637730142921752686500638829543505389870159698223670487715701354446551636422265854010929778923535001971694748248564785823650140644753947063239698270173191343992601521089814989959610989490603362482223372610531420962436447654659328294497358534822098119477962377626969083056269279377023636554644136015903042966683436
177 232271967151466213426030150579746884970963053597757389729870068128418617411625068919248999598920267244066921085229515691900012585433718632543074583378832681851303400868799298148541925721531781689688035184400750239014558493160087092255901538545218519791993976742870972589047754583074465518973180704392909412698585934141497263327308
178 17011851143767513103562048857982768030593815730958768069196894815182331439664554373701204689491583932493235745496657671595990572897369467365176582711417984951074949426684839786794283341623074490967752974763745357073850619215884053371820859474627446442555501758526297504703469274697388354157583169342662272808254438532604507893523564
179 1245966454268595499093814414678734734275953467091754407381130679826899501398634361449180541419134279733307479041983117554685803081883518927655034597632513487873784703122334720453563222443727616378960693110263396751525535894512384975051532137959494366056287066638400518069979167916205593183522565592159839358398290954962089830115580812
180 91255936349490543639342823215590156521732138621948225391152877223230134712748080683791291248392460555314051091106543497000892506753579670065901127220838414904596601236358283985753718164585977175121063967735822761252564165619535499149730713496932578361215555071656577892139274540998678980783055887497349351453296706588374257383910372780
181 6683683890920438920252606459786075438048106867674648350735235098537712865591324546364895374951059646980687591768989987301904714643252596062832856030395601447984532179098817906484943559167839920104148220218154471044359332113134924732798531796244992500323772505606692272411449281134668202292672908373169317612115296961153261438347156945612
182 489520267291616770318002488513870275091590536227999486531289135088212420670902251130101290467771370840138728832792367265040135551891598413016172457926966596432313061954135665945446484103455804889352452109150942355962551759626922491835082232665215485847377839068824278217029393495419140488559317045933630516745192254794859994197168336696044
183 35852996042315136279660786015835025612574778498452366593234549436810520517646340345901530735650009498434572283061946840063697450300558690648661203903195383522965755837800364250764384521508010801787572722003867310980095954394747739268215193119102772213644769910081755368376204682703905965977965757257814088903439280042125960956235487186740748
184 2625912369925441188899923268230776286044963350627911433198818194517567170959854465963865288387640141500013988331582992266196827836476313144907136863932010366834267046783161315599869186350749065417970417096094945204433230804364130008119346183214034324832095709398087844420019422863741233577060293610162500793579049264491703407842012418726698028
185 192324673965578840398453506615538292605636948211205103961453895108072024840121559089353370872823785681453490162909209377266624694955499451520226261577309979857129820202413450497830405681447665039551252216239726384721874535133122067871405238144494361448402891210763511168265919832084249648420625238231613918789593923210152036922375196319207005516
186 14086068004248153904129554296466001921485773641928223646684871059734638947652378699997019340289810206394625553356197089726239613216865144445555976968846314450237319609992778401983531324185047474985714982794696058812219831009193492641704699005051102585219025598147407148880205393146369630738467464819684239096285490409176262015351472679909549388140
187 1031678919449592589966074931033616213691139686328327670256635481100644712788581085559995581284018522338610183668564212417848937592301370588852402290738574870995368259910261466056455262591834605532740073838729329462351009066684333807018918220412835069116628084119487906707316176755025369096190804050944439977142933905185780306667359568595205182185612
188 75561284562567991976173686195134855860341352223950011415755535455065057352647356747918403817181355498523219623176715532481457246000506778185919560623466990388228829943447910284651348066211648699222530171787270485067644553663072093202042066718679053773153970074681577057234637455319467891752409787629075296160122231119922792036035594393312673564488364
189 5534190548151779067820787370134267948785203229146590130416853638283634270181622346297616399996743486244667718366422728605717541987050169183004683691402128435615168217798390584112696032822952723118361912027423827368034405887833266607767759967338592498702841460347506809989350540988084455225263260990740870292016342084296952174938241709539672430880747468
190 405330126407416972540989700044050246633677452561306434326766979612401895915030252587900625869039509913355535379791072157441026517389346347128203143552518485266049140648432118081726598471875963197028367892959809321624384166182367527238166009389279068779144298354595415856096657631598131746819939939100313687752993818427293106852768618136585420868266729452
191 29686818685402948674999108139887408252700154540066338709034305072306946713128069556956432584221188596428116221482830060642809368170919533995757798178606610466762813872967450480159391112259837251649878751157409305428009288431542014137946845533011148658728615279919423232433884014586497901243244391563927537025307922373557004902571920612822574819912314358540
192 2174294843246230938399126604804547226606990958092006796027017462715992583980606908138936371078440607369820008332844933341950910822536286928277060479249274324288586441380311038005083422370980424832949859980258229964309535695612097876966732322138600563537954006425200927603659872200314075955572909433561631979143876437134512415628578105543735868656271807641900
193 159247715811721484634863470722520408805212539756256590815070129189196810874570958645874551142237655124963848017527280926461685529913742750527628328549391878034548295127374347912373889482467444534781217522952710680076418165830021034015986098077940351198542715818598736947570646177905234353561247965798855813407578532844909750120500802395167412759407089117557324
194 11663475664316286284863817328278908402717108555736264715911808949151730648695351225179916815356931099378269340334227825534267804719632846215862798840692243686964328099987450199613156008525694811574838316883855624315089139494905043664846654981808637921759982785698484347543135342387836630048089305385869425527493273287943082770763287897160763649248173275749432940
195 854245625305761583158679283882597538278620594625061388920849860545165042004374087241291671243333966928565976250353280399070375747510260350843597337723516358686513584843966197234312952894313317058293200443590754759759603197545239542568816945705734148063982842845816084302825436174877810204153377308672228431293251367725990211158702978782754580594273394771052881292
196 62565877389928841848127112647647562878514544532852815816390019835783961692710575314282804129880452760712102999908741436488511235916792834287490049687590618625250126906305014785260091430931919041669367479352982690630962685166796575103514782847778631368946465473885983487513894040771020669225014195106266893073992847960528264384456531330642565001592044843489535209388
197 4582392812571313299570590204362140536810301585260750621275093662977265494942445290924631934547168439245349014688135478436777862212103518643307671088657237055286209423486954339378261730144870864851647950160042255182957900495362240210349309615420923976151072706072490458283104592267998109992862274113453967471989567221848315658417672053634761112497330248063976443749580
198 335619426510037363949033592522652862238200826692669768346398688910549109022155790901629351660888393186496370994909966518817754484161467657504819709002794954315364879395144743227088074074002951070677455057049847498920912451957523778660973688046270225561840791474672765728474125957020393945983736843820259841294223355345400639551849813852828737379998788376244340867828972
199 24581131312424650267436376296018190761642390342202386269300843209114423608200395436683667410884533459653534859407738513334173932340859954816606178210037895844728522096363174383215792275775569705547737717239596242955049549643233571943533112454855924594047458163892715223832843802198062482478626317698860742686320695413198073514907578540284601713198779630743027776324661260
200 1800348754783992974936696412894148887644402464786321150523273675695692395495703334506807097310446098138569704782084532717752529330709429948346007763568829721817459204675631384225016268390038505127141817321272457339028314404358686978392487783340365879505157667584048130225469958115545233991552837995912653049687444279697933431142238870517647640022810793269236462362993858092
201 131859498151493374057472110755965270523148986040210772230505607152461895852263211973006460599635209934553828721474450081984725749792992328138124071045004935797620333806754876122324216146411386316758448185570251727477721454185690764787973275442831710176515790726101979592421055775955795297996059212141585515450051381976651772902281003548063342812128520716221630444817385424716
202 9657532856654642712187345627374015189723804584304187142378583315454246748527420579973937206316606660270473076212115332683456879550524038959021898530298644180424713780634600688350420089690392497842891420601843405484396013237626032388072823969546158018063186775170057216211689162196093826604783273572273875209748145418158072895409104101241906347843570286814385953305784306338668
203 707328195426684006100475727761589775596351668546853312414836903187444935835738241764034099245875995375527239226685374641027034396435225785369735393412454815474793106643974729220645433625226280342146913118529498106927098799605524770577017384012960507916964107883689955439798131507733617859902065863846992509638022966030255337811308600671094328718425747763891419807875988322626188
204 51805485259190424187011250280779828048696775043700098944688973534596183430157583409876298678362033646905892583527927906809017730507200025343350248951405783302310681450262912021309716716792168382105441047939316235956199671507851925915015004404323240537604308449889168038160952505959675802104158567938007655430976715236648829512508424085783741883289352829687169140580736931200937132
205 3794290006099973820211758583923970657170401064646021059200293016854463846529594098053959582020170391729579940925644770998587312117088862677307389731243865716161756218942783138032082224534436974932186413257690326506573660597514540735163759237014025693439522944213992395533216408843385744024668666185372300512828317684901812752079473119569182663832324147148820060986765438515540728268
206 277897921008975388277657302320287056741311037413030197872530185203082523177875855543098122394491410792196184857578316911563201324668829590232488911406589511368363441192492140617340128365360425590529535487949232882745443406101787171861734248327010423745943327568402182311083103285851642659657901137752295394559755457562705092870390204525474540391383599259841299491516520907152961976812
207 20353545558445619451895461651522069774549169891934939298140680078957018430706748792874465035359397722189352586243688574293750537867686865891428004587377973666213995074764691942126938251032745371416076439762017045863305018620988744109077842138086645307252838288232879298766696418940014616844502884237701010929574161290381722410263535552763276251561108280200049460370446170759538138682636
208 1490715782599689365920463757588833998034231729082174559586187896633407713959593793497434818566608248586574573022279515547600272099900187100302158817188709110847351686689304321460779410680093298600107407376422481762436245608030821875056708494421554703825971740448309216492519298944401028244953294165503671856733783900237563479050740649125771691710104300963323497582207453365647452581360428
209 109181642977662814171852692258111933930598764231404690336122745372653773400131792433665685968181075052753937685060721129328693166814274039609066369216348398988852612115433925283561298793776680123130447517473345651798109482755217704387176860778560831843480994617724846763940638073873914104470460403912236530685644890480349510565013156282616331065463066594717663322825012991944395983925926988
210 7996582113401387767661986300532895294730934739487035856943672935431841449217772399425237698656213233987301958199212071782229061871465521825221430604851506507660956838279861684056727562979739378751794963582565813608202607956204498864427950496525163648658275286834674971720733247003016707002883305759485860558678145942107269016160474715492900125904218356901533544599691077064300516752585627756
