1 51
2 24472
3 14493405
4 8624977114
5 5134914951163
6 3057224057476808
7 1820216057105650386
8 1083724145919960847502
9 645230025599333921071976
10 384158448692090971917060268
11 228721088397696942173901117684
12 136176456502439224802796169417480
13 81077033322483163731551741374997896
14 48271819528933493119115434692711990728
15 28740180358668404639697745508786016800640
16 17111390768141587955007743547849683082135728
17 10187816860089016484849778972125127976332363536
18 6065644445918202460164626866423850506702321413472
19 3611376514671354750972983644236714512805863748178272
20 2150149163374766439261652930929410518308188392887838240
21 1280160461247815007769259564630701225913416089475717774336
22 762184705348545728850694550491899298979472807369676594712384
23 453791179037823140210826761192110892591929559290276918604495424
24 270179174060397680950285443636726081166867765847140605525204568448
25 160859861248811189471506385442573576186061347206448881673845544053888
26 95773092248784190523526605717601487874406585325472216310546789698206336
27 57021590890884311662345138689728141424060259441841587253432236921275829248
28 33949638164352545477749730636087454649546736859306345208848179480219427310336
29 20213009028387497416825393310759844937081388568475260004712474296590844441209088
30 12034465050961059371676352553478646977238446088279954238908140326180773975936933376
31 7165105841460999189878015388438847811072845410009268018367922641097553609701386743296
32 4265976219295154862948638420992204264473982440453957302659537078370095816111380506456576
33 2539886151895421492239632722391851676075763510257163664816842988907247576682230231709376512
34 1512202912761665831787299186950835599527681196917305653859471527799048056172485570448586155008
35 900338642209748302868315937894450020266819929888471858233707397710752709661748351778067851846656
36 536045568895059484099294889432953653425023860230135751720585040405024308041911255276292651052931072
37 319151970670482873367003776713221638094957589069382987144387370933039256923916334184750264870126495744
38 190017390858785894094488409423898673947449279664717070783169924994378626940056175312740745601611415201792
39 113132965317202627351502214859172747385772173320396765994449243093661541862965850937622551873181674191929344
40 67357349680562556971714923537580865487886861373895692628249746614050182323006702574481812458897755701781360640
41 40103364596417040604381427394889176306984135251592462504009060400699757129421143395656019003889766001611777609728
42 23876827986556902634765119701578415421523646009703936496620093116431527524980644301995902319376265120034491575754752
43 14215837509817361349256243727287927166901024839338136012174178918858686691997603261764687048126755173101742409646563328
44 8463856095931617002013043693344436887748981964180926384868044322671193549656425806776278949993241674849512999945192153088
45 5039228955956120202203975381810758535833581621053200291895850268156435074141558322266225179057948535871796059314268265119744
46 3000267039364344185045653246392680485010886775078645145478186430183096265675050201902413477927009060666001970186819523333537792
47 1786305481686168883603042707884454143788908997020671037541679371304018451010235487367621059613294669827551829519416050418045829120
48 1063534422781945995400402366020418734074118771338828164029316661526647155922621188724233806076220484711697556743320506955934798807040
49 633209425844917084649124638456985999501495296936146012482534873834575622585116194679602427066501383500014897832738790140262086552879104
50 377001598058341602543175263364236877412401654924041768874375015930743833211163692461274761910206668791540022490614835715199813913824362496
51 224460027184360445980169241377739775662984945514931643778171843504401604047965489151402530340028474726060129399925984171679062008305845796864
52 133639496657536947630674003452514714159232029590820244771820296079504940016155669397712442655483436050597657100126227168875807303890358037053440
53 79566572680715663343067688515311309830631222432954358009180473433357201145587035947139971153360051658969737412436400393412035780076176816305930240
54 47372518203798277717970944421232440869277488153952035176226236955732598167052753166031376426770684436088319920702215746885595600244109182587027456000
55 28204752389857671236256786558495157869328481549802771944321733116249584952130829409710452550712639762727613849414076121043536341847086041901439729401856
56 16792606505545635821923607495333454360555465004060474701131833359673269263082261339421004708729617781645857244081541850665812127163236619995359045219385344
57 9998018396059268362493202002177035244459641865383109652150882048418551735955643539181078998941157131701584039260004899424337461761905092333767356148592148480
58 5952641825730172467816070381861452620705851002507916784916742983720597500290949608250059127474614564485748604871799411226425842590787206012911368052856511004672
59 3544096770155831603274775921942309351451016624151793810731927683354881762241610500874565209163195490623841162285546786626047811509320754092604773633860224321585152
60 2110092003509427745245357160703587649445256763836214943756473279610257964102740262683114845980421870169333727656637844154647255863488323879282012707131833749652111360
61 1256311142734022426924986840319208482464115122696396803725724247890124470169567441404342508310038198874081116927564452632179706952837557627252758386052749782068113178624
62 747985246488146059189165839482006035569340041456659212087568538644999343058046071351476917584600522853774163905727124638483174294887183236316770073367013794899798300033024
63 445337074497620921640243435422879081680219582525094378094529693413059767846743570713460629004996080703929150845088888347833488309384127932162063138177645582504354810871939072
64 265145751006791533949331505805842586685217817845614584019727271578802741890237982048586952315739319692490876655728324032150622423113819022745814991389008369277438001133141360640
65 157863050940150419269029399217810205920997066875586312945375552577057312415683015395904690203302928512623023369456100741392286659773868561132653485710984207398193357882728414969856
66 93988844842903772357450606337109956195562643950110160788715429458685964538393145925527326600326166582909944673881691731064040131007332155827193924990560412624356157033705006776188928
67 55959281809728728725996421923019122371473643981849035042397175482545420416596475753917565031823559230599928952012687631137633427041313269320892974537010038574260721724314628227407544320
68 33317158285056449700113925940090149951865129499684421530668692176013505112369619652356784299083259571653827543550100947113310220042221215509665841248997767463774905047260194495710944559104
69 19836441789331940056372320766028028788342523893090094249713720227103317522183326328610934822579383986411807880153887638405679999807486391096798578320183005621263802379475261886929592456839168
70 11810263633379615343508079693175564366520447228737675982019324867267847722148139805568915547181614643438828355870876637335557633368771326919075165218873993795125955669305022432335669138825412608
71 7031620316348409839142810450180379576693797273036819033229376409510147467201813747117148275322743329045885331221920849574212641365317045990696926834566279210248083928784259049539038683994641137664
72 4186501318526024060551456803038340171531255858477118427297247136931473827338936177374937990991336813311808886234999894365150376267972239722082355306005415321877833893171238539759623320078387207208960
73 2492568213512696535014538137764529433836839287252328460013133613168116391120130835506635617495593561984146719130573483714302952365655862044002953371874470840625642848199389275281951516677157510151405568
74 1484030656223775183743568799989563088843815314748952799453043251128526791243193368672338729951949998878608262021129576815593762164423974428451032987069571126300506114054263191680946871476932693217343700992
75 883565383154859277306672490156940988519797903900220276145165318949514272173077656371174916316556049011814102739528635978109554487397485293354526003353927402917914113331189341573283246706286583352083013959680
76 526059069626034947210410690605198430670944107690910035288345107037832743912426311382311797538167232408128497587092240442019255254175153181936346451322985735700187037331225270147448151193653225068411546186547200
77 313206187127531003087427957633569417384897854689541527888016708739441668795142663416876756680419808066331166921721575879399757682740753699909992376718149664663548989361025233566520223399757439537876652455991705600
78 186477377387870129675323826441054575641211975642224135634701110480959549683483745152409692427321752708397269092090073257782623818787763298346332042448773645101956675265980166312549511518280552639130703884838001180672
79 111025304437229937301604884953060188045641339510700181115087468227272921719061857187657211053591411639086786019031038759832861479722663398912077753172318650031922910049361000539960458164233870548278493906146086705168384
80 66102485985420149886423341978774874418637694410228685401842282819913379611304570991825513053554655045860453210249584965883718186379234988537984326183517819070067323301327779956973961918486698551062027704673009809173250048
81 39356241134407886697243087245390468755641328742670439484282100585101489227303360020661272984568300626037558567698024496255615846145295919355181394973404853771204001612172242127997122481335535770045813139127084904650276601856
82 23432004003167059202692768837502200807342500638883722216794222503369186977001099249618656530738002515473140358583436380397927408364300068351214068093804004502678143677018734785376259475205290898310044991576544142959185422712832
83 13950997244104512697804343177307290343939721777551511685628846086366012323521734353932641100163224868192043351970717188276439737045798727086246998767677310273397759835673081764968420274972701766712218367212537817636673986251194368
84 8306174925486764192987289346906345278042959121453757544111396551959016678762849981765414107950584713091702233531562801844824061120935929138881260517461626009273250397573877816066259279629579263777195980855246192882703256834185101312
85 4945348399516048316035270063645306402447796894355975398901366690097953244329092211092602618784382821576170544637637838061542486254005373364260577236057138640785761389363344151908365203471193066572991747447183669745770450959071895879680
86 2944372230538201151071656607698112213687166621284297943457977769769581958590658341782837821493823599906473872862106507331396572539444200468488160140346210629485820236989668777565149670784986092842777603657580882842069105924085359931555840
87 1753026709465582278310163003001668134512599637723426614183085035039610416717912341531705572288155978556260284703960087047926953883740746029876597785930566648711903406596908442133294899943386922916671204100862385641409143343737274804308279296
88 1043720835370735467251822397485953916593973494909912320637914482587309146329349468361686439919431579644655072623054885075697299677384993583388851532100537235172453570680310847185807774281830338618145161942791152622449826891180976128959883247616
89 621412769300634263823873218924282291307691320755431196554285385608624500338812485467432619258868573654103698354939037097387802956931216375046292857855782634147523975288376434681877918230262622010839657227333314886536217990039083063118891361239040
90 369978079160141807189422661618454329607170124740441880120812142883344008380579830232018825246394723815794341865568560696507733017507185437134851747919844585547045391305815075026683984096652224861240594979368478050128966349640467619728840057600081920
91 220278349305701083893964736959953098916162420909519835798721747079128036909358363316024031818648945457726369601439332991048734943944754403133560873526140956727973512304213036189890847864549023686003214507385119729146418716548121096567907688842444931072
92 131149800234088720609797275015365475539330210236477269668356732974761063116172876055780134940053000475084202463197599601358255945148565526273097311110800533022829709930207039167302644756142205472955428572512193746579183775209233615949414312051935352455168
93 78084251837074271033401465042580709163016004419397175820968244548160513006842572052448300391885710053613650587415421753467300179548072613954428759544024297061512063612222240508345361229636754055313568806819752200929276729313055227093827107882831789965705216
94 46489970812558302658662411033984349245066305977970712261337795555945384800154166715238382768621572857210040921059838975671023863287976608457091558980114955464369061706389059217390359791833320207397310365180649293027361311841861553882617111674577922632106115072
95 27679299414460587037972801620179023879114796370016344332043580041721426082806265640721929764110477745839826138392243205340043553857113081793201263488375158641056706485300410119429368625529431639283245288545349087180949358106759141063825903867167191180628453228544
96 16479761176111566150190866645097991451961010531212340885257570821972453769051612387274192550360938136670452852906263666756691377406052523745308437846803355951315922265453528451399160684740218434869695533123272797833062396360345556673385670196748771594674313518645248
97 9811755866905732458250886262328123175223393826602599880392308439549022527680560126482051734221490779902273455616408490785315966915235479509448550678441368859165884625283410399677232227664287053294589849351665269327481302375976258245606758567808261762728262577971789824
98 5841744438099575560257023285991511865563145810527512888115804819257944504383118612356378677653622198106626176894114267933208801500093373567609428030242649723667223001303010813613550253894084787104306465326088673742509308512598369422608902303604583706532698915182951268352
99 3478070443555522980618668032047272339058989551129786496752992625340489134151956536451619634828886105217051567426864249388147703150090420765025444350455275715943095111196389774029594510329717204100910802007558294247546320753920208484982875055706650626405660591646124525223936
100 2070781106314516454900039154698238611530360691111010849018500659455444998301977466483501161401771232693834140999570606873021535425471382116282236244578109955780471148078197934576942388676351017603971098092285999563455742510084292424527533076034715251617232596800950971742027776
101 1232906135703665220283745957485875683949470801154023524304993028945207250307413097690396395069658647440819383109305369844444141081473721613566918839874048476409694418619512451537259386325355946674679382422729928959712445500292132767439243436542882459920475998039816113160179417088
102 734050322760127431069150194167142682266003200544114455592559033350617416967094049701278357474812565750723826079308157335821631843263918408250141292429609252015216697073365005692212837527874308086580184409140877592898717692615500046434775510419234339347840964883371972481567344820224
103 437040469456920236218277229228141071043515212108385078091310110899586096651649047837973786120123291781252185193556027917645060231319966594658330835750350705628655907192915518066557172788635783259104652079400388455482937049464296415450537373581417321775579795071543208347648679938621440
104 260206100345986136995541675813209055534881123080344473260833608387517258297577371278800447656986336860554216215633018902934600690560702010272691193507011920257802451163093033312546992482823095033708653757579646719182807399096131787611650223195019615092872678931973991443252948235097997312
105 154922071041614174973115740528428123875997857335840265862131238166669093834092973337916278330124988241398968244493736389899310270779561216262109367231306997710801003983151379964246619565518551922051479580478091237798278519958398721500603070591290078191483583413900217477110214766858558504960
106 92237837867405630124543172716083773848465466125501480512038171686262617040909068373182725035083033061767026601031012775860779943832993526054404401467875511294577280470746995536697438478700961253632493500185655107152872107217115712517962618793303887147443905032856831161107685643245482428858368
107 54916763487937701247668445710257978049908104514614001434157750111052788716686871146699284456286083940293027723230963815690660238267259614873871020494548358571733260973164698155382816262204433203192766533538104686045236929381007776756418806220540703469081571262251623425938320717342214013686120448
108 32696461470892825353727517304552355465041777585240185462362700611917399172816344851660219687839885654135074280254761840148229866472421573656235937854139106832037395480804272707993906800194533636223141877774307036405235626661819549498563116885227172696458512694759531834270679208694030685677815857152
109 19466889977090409982707961472853261656743800252501753754094396493393399452245104714873928665481325957566994640065232342881947927442376274451776021183666417705254224537291986449387455889117160396921341269833275448118165114869983907523380633685119488001709445669947561764528968688783878952378357786869760
110 11590239075794246905665917592411945583256850593948374527941283580914679829461918293659932001920160460666534604261024019344925849500446656099416120979271549956739304300918203159146340934376783061788862245224160095192662278027637938698066906288587508203699644381285417226609337527761944202524982938796294144
111 6900621619177911357589868913656933973682035608408348208007405075817569751601133066814931429427328846126270642107438555715286158246478705945971400548143059569107471288256928150050278780425059078000078611213751606202053838657457263363793467676297374302888948250673471371443407471053781970620123665126943358976
112 4108507030757897466911924230117026295644982067971360555180795478631463145585028250155071189703360563327561034460668125682832151748653207214046015046492793521521239638885387576176879560564644265101846468693458637247077971885243259997303990928261551737616877302265632655669443157677506267413793973953101857554432
113 2446131805702166903846846726850319033263303072690118350048817709269955333626429929793710600785894961753266807557614182337113324495611740189614584009927302066772366034220649750198670262643712869523085730749533791409079279686186834464824209627802350519488621213187289534789629245246543217336341652367103440824827904
114 1456383247265358687575120850033747144364985292197754980792345592154728920015892192673227154864303909590384250438058756336592221572243532001864475009793516818883404732356613019290520039849624695988912852481953802097033540699414629837304913337366023709845805875665540073627497548055545112478006025292041875043660070912
115 867104608987469808286548570510187191908052482167611679386370416740515752759320017116677761995533861107656415804065708874336877352533887079145337084982881643153990121735402610542219219523127973893752575077751870211175573080516151479224531881607108241864514294765339483407551282845949821232953670107640517248436716699648
116 516258618285465074173437002901242597437662540524275092436256363041772500685723596384673156767150117507148439893535028100515941767133659379648104979439738924063229330174492824900969572328401027682440861432203464529438727990166106968123380394137234676809084950444667060456127895482586867117361856008026473205420572341698560
117 307371173202781295755979313103957849365723317712771718411677059633851395246438399494867054962365547343018116232982071894465484218332614083706894418721375331714478986979176800199952072591864304618582862612385137828472194507628607755972155628709404312927192338509204987676731559089127744862811488249982509680287201793698430976
118 183003314171915913401759521042004338530218888612091697191193551702419161022849934563854790248127107725643127231928290368164408493743648217282991307662576241458710992062877853041324891601443142293762737477802484075931405105705320888992281089730326424588904886703297065877405908839838678369934303044610532477116792610702145617920
119 108956909162755274293998426482346339462783295301958284767992381568960425019434121455522536596516503557632368797167704400721786638769018016602056266546407329465569120283907474966134684011952019317113130385211016632741235003779241606951513326571310598658462957394153652929834311153719601626348044547776938074373402984592644566417408
120 64871000331439609734425059519647887300312127925527631661620184220075945873477424820151389325236134493797336546309686542051947823810509143710904804408961509293835619475281740549529714358844182903990688582717963693385760972423701066282331331960227210413023829795627054811606300820693342466770635218736635778762782467873329993694052352
121 38623036541129622626292702594793734868281851931880482208201040828776020468695710416947706127207575372690775173013730429291731915640322020273209531577842155171223027727483101891667028897444522995350175136556380913737296044048581974209886318015787971297472473863541035145822926331306872737601674921878397155808194705208100356372907950080
122 22995467065958987121247283243432471475047160702324700687337264317233761628014836579717926410815414480408150186838238905489549755793196812496083425143104599090849899710120016665616265220944492667722569437825398298173517571006854468429616543627833995364187492364333373545713275392228571427546102481810683408601165599980267075273470920097792
123 13691090937878357237228852353070713709461007586289048366721763613384423216924100185293471180354184379332939262326682300023723270616446939656134959187233982121877886871264721611294935211666996483490397221477225079224063886243165258933658985312995725258577641262262115980033801783100091858320982077916401659723765579239462473048409773287931904
124 8151431346516890497821902438053616877948120616679243575546359383560299838622522889734396450349213515152499237695045548189275093864223078232386148365940008560340060681215807299033646801802395507885751094124769423262346304242274409177747061725431141707835792822386874801674010226300977157157106592349077913628464562616413915047089214090307960832
125 4853216832644525469655272469229315843840208302937572924849502392303552313689007893683451006270310901496244156600361020124684248077391521173292123759775374947620538094505954254864455657723513555372741090992903606652018071178122819465657705905454514024379445652570026464140696019699002082074631120485595865087958028899954458053640120383007329615872
126 2889518738905734649484228059402210148411834523708278690874401800439330170334744734092863590585735037503583952660463040973301789330420980880405905548713493072779716712238240567533484656465762909325527037857406473820198865815870293203534196269052097843053849080647021305951942592225330234063705109335442204233547581352830127825702270864090651372290048
127 1720367918928903563683576625375487320122481698669746178040449220258964372700396876596510733968075214426002166968411910615740242346722801472598546715506612571506340944513875618935708409993077650347027661299247285339384171196506261637569829270800176297999433183774668959728652702446688350320796725733346779324495516606617498679051882177462173679742877696
128 1024276373995967456515881025475807335752712561254787810001593127482501642051714439555442209192282981408920016255307104828990951094996215180128121438574961392859501553229452248501258648339055961386560752096724438066792957339680665813767036289353981980445206990962640776394853007640405747495821752094535785182171538929739226489998074140741222502316254429184
129 609835883814620328339946660065764011984319667917824733494794529027781278027834596099447486027688032498782211320985702739586768634258642309804495080336412904834594797162937795285211813909898095847335949852845432684221575373918430717760565987317966701787970725437702309254113406772358983951457332486811316854239056294890365518665577167904668218619907964665856
130 363085408030140956708056896640994726786450077309018046020138942136699314021347040765155161105814615502606983322287558263928366600729635982022169506405215141160285640923705199662562272828627704333103384891073394820440755048107029312454181768109178283568623145246939096088430524375483379592329624845282901529586148048833976869921260014930723215580731805676863488
131 216174575854392194182127444870897550677338566246828104767016631549722770266160775208550287997303914856034305818349570884235321777936528876930332454031914271321570337999597705701464338564598079429702247708678712237711743660293727949155869020605366047703297560067795464349436384657225559126688172070512212901531012648922895960773875719080543611972127380781515407360
132 128706486717161125921853940098620022590875716792420536164407658337905917438659862445138547617948960628210877669342447928556453842043362786346155411603463391134476753018698033344966800547672098368918949786452838047638367527802155674073907785649499780987455473898549984219062631998280450755887293548720127864631897148786651448451507435909284510888536075155545050316800
133 76629546548677553434878531908263229894777304458712852083731304055585186032567672717828765813259134774853302169139264122254866309517669809190099152216828297649238800260532528865168846928192977296198777474722579350062662672781903320105596531135229361521463128225040901115624910727284775641485417553571942607776624579309491164578121972435557304729077067180361177324584960
134 45623865230352706418784143998915502324821415974170765033452437746314459157123184603945600793936853106257583351918205780972040105215050623976964608914393976774263103306321545193217741124270197502075337734945151428201093053539670058717166091185428812633552551536851673145590686643360699928544353398873229368392891773496079940352982679591847056003759608722163283378495815680
135 27163635598902145268231803586402086267259703515551438270720552754663761177450266271813123664628859048632155511892872288296946095641209477340183235803132328337321973435590015674545238619085304934296618050471586162576355367355425223373915703105602484404514195288808683838207508289613050045052763677428133606685617626280482248685594359130465638465172059028398323961081737773056
136 16172744137843396781037269865054492150872328861971604636851767795342948328969228739116231009352354713854338831484219150424274259455439858346632102431406244213735754421519390568720848055469157647073109067127321753356794774974277871216525487746602801073075318175029453932372427458317622522144419622476832813334336397354326482107476934290804999425929294593038541781839042855305216
137 9628963398357440728220900047310708018912131297330893426785572836669704983098851070017665520916014077565632912303600016133560078981112568536995954741994206108884519533946583630854985857891329683672291361420960562260434670552777573713053619713727537071665466261348967213499397526994955390938919802229542269923829241499463753674103906472347252413481963084156923584888181290241622016
138 5732913062660428173142529633096428762074989721929452769694729643837609158656537972757156013378875016632887007528786430129619517329238988565743154029169824406439513783008689395640913819396256687626592226280934354439682174632593355001877037950916339602249241739908986081259597957827306938045337618143783528940645791894290040044146476675743629181632964181894303710076191360824220057600
139 3413274183764067023325198695364850145447855596247326564206355549089140621372432851674059153978729498625651156277243904822061211459416932326944775875031292652294785450075008911137219133500403827441605249950774085309079172593359523879418744624362154031149522145549907014363048058240306612167860983972382501405043192872575720184696117897618660853676453093957588958403819240193784312496128
140 2032202568957801186538656290955480552466864999513888777694971042441127635321766684231113269433140271722689702515759704336099533515260724864983983027035223941845497451130507165253008641399087528425168542771306461208305579760028220072869488258255663163150037106572647239247999844161141893672448180300648196437465515817207314085714912910516343473764560012962089573079387881725599820231475200
141 1209937162658407392427473710338554488134432484210634409053448481697621883362003509988862076813200403850923981688618308062005727989472168526829793549799392926731053057945734148227432187867431786272210203616652283506950373363896091698463623617212756808848693906365786404494866893498567037402101277158822995972422315635533086223085948123342787310862851653912530286071260922435519532384187842560
142 720375005889620228403660884268833453611328334038738735222280271463946296581619863346290150971419830197602217277228353674583265796118852952643269019958320425483273615468796350355188915489939543565738060522175690772738212129840324804151258060124817364764840068666734044419834651986029167481005286108463267069172166909917751501906026298462283606465955084247443183014373415293952038392017679548416
143 428898429708765720214662101055781322094449664505406226036886870945658071102181002784943677721907943093834881124287058095007476993471541781681976047799612431106792167801201746995240436759714634018897662171268502933531994297773905023714630520225852059607349627781335579280386912801352169906745026150487125834402351503136853776312889317263743540059537786270921394141193257801819480196068456840298496
144 255358475103495552867233111126869951457470943882348202790167539269185774764228685088186847011283651637698361407470060508486126712601664729538936592057847968846594691747829447159704799837873814143765731436204028553121526533337987874140855066409832603569623382757846676765909618117157881541951287998270998209662335533321644432689739820172408676344147338250515219881050493075155652185652451159146758144
145 152035881435753025584866178773804337578738959417017707022062289158656369377959964289171902886157376907691271106812121920934182518166816204987030631320415288063302958564186275517363302264244872982907892545910279429769815238906765557337696762290278641490397559052567838112459348207893452158674555147870679269217430269717597277645399151969583131168344850892548534668088333365857199008820409866327360012288
146 90519452054912180771129301022062723517884074945342588628352988145536139602040990798094024247347984052149959163686332006640322514633655060323479979538408099771999878856744878152144204773793877763658435204706744227090188436597971370018019359786554492248691114477723307972408810998049226269201664860275894545954898787638716898929005190523767055252719550804898106311130082985650414156053319399446516441546752
147 53893667224760031962569079727455351485177683964909144166188757978499885763036436526338197896436331603306755864884259770425251410962486198993128404472321945735584112317425342727531333365538023682898202125549734493370437547422288764250860720912234469291620259400612379199247857506876291462204448714884528734612217794414710688835310858865656344869576025772454547637036259579973193641092689396568891000767905792
148 32087328204010653077263350966270101538494440288361766824581916720662957553405717419471481533868720933079566412718763886809898134470665808729943670581629909591317597420556516848391387861699106484931336904066568322505811614989611605132232537764469616464383550723063668147623395741297778798757588315710420955663438951224751800222332608588892328486443840803256810513378772328279598525848715144010269766328139120640
149 19104222894649788346514500955406982955281667349579450836047512011506073836175088447247023190717620585850605605705469551567328327212990441507165409634552017296635223399450656758551238891794457328701246130441783341716064444154463694195200202100696191838298358454006924224890584457350848772026140957309965926338106648347694989565304884150130446649662183074229719005008562298426469436097507330804938095553342471143424
150 11374313563534489367442809468973915557391791953361646254038535518278073116286434076982810806241637827539844748384863121424368999699607983462348400479265875029696050915764656599850821783494676377042533966798925432885023075241583605029460746748402647596730612175430398582506880829696578467600972131672652267854849900502647909290886178446786883591757446642245154675880694873314167124392643123516734857138128439998414848
151 6772063420482631979888739805634173147275611475546929547953773859190541350951913694439950049849464673492313268616374304409584258577836051494809097326483650158914822910099306482232797265130243363808429488448456645073999976489492574195415811386941135543590189245333529566288379771830516047603418126821803860081881314822397297163618881929933224175922247810539161620983472553774939547607215536860327979224002366884060069888
152 4031965772252544179111447054302783536587140941419762506923522181187972941599815850585790792678014535385911331505509839520800864944780349666840491296636111631680122367344325581142534540084291868947222665995651916946715930091124551431129562878114712516473099165743401862164963710821866255746466766129089341893110187315096113479109956277272651474701320838886505414470828855292679977637395345427055982436736406007310423425024
153 2400560505598080723023507420131082412020469003264203281061976182122979831046663687481464493349874128795573542123309428980818259233899422648863935072199793611452175917855378866983526831262511139539565218480744257236733181792820591978576582830276916043205966311268075128685564304620692351115215381602351847521280101759521449503465258920968662377429076965910181788360537867128208221872498490499326905788034090207631090097586176
154 1429250908005070225838073398792779620173928464028543190237771643122385838028987524900648367978804218754904625161943587097260515505643930067982906139269400272842082208571258979482537958354509094648172589255805210410620288587144642470314759501193064723790151306445813441562201001387887679135164505348170807314480578295124356826543221956390061186572289891844753865004198602743217984551238563269313362928237494131497689188919148544
155 850950498131427278724653854466629660644382206729007783677803009664305095038389831281828012203000647445437743229712629234709847237108755014239300180895130751217191625110470316902977636206092062665189045033741723517778787351101882045732432554980310987654534177672538921859409289824330352018256161445849660143676174056827964477032483618600949863106529244684207735262245802241847042659831412332548764689265921338458000474799891021824
156 506640748810743758901351732894788108458541302898782386343122924623732275025162831300959388509995933711372449203671557319348891876537744823325394930326546220704801054605358846113083081479992330742133298109367548810596717867268012163957353038961435603917354805101613257819987882062748043640536638652522634788149074386497429114587709725539575538756844602015572398386504737422104376831471525277302533810687599890092851055772127014682624
157 301644865264379679306055423477416843231640260431994297424230570137564057997146203567759270893850063097848307904646108365411997467164278861408279340842259959314902622721020621138046914334428241687135253073369242693819596521410314142650074185933741801900583217089125532979740289457558998660582022641425985517393526524801120188448898033759714374557678713348106136973563137193932000798156288887342688121959823081069437861163130784004964352
158 179593972561324810821451490623228325102873537732177500849141628217745509149998512994101604787960248738163878124595968099417914684406566138114312266727939213460520011736405836588299588440416892727290313203315509321600251198515551147998575161220816569811369970675812284188878721074343360165917301663528816419716705691703565806709429227484375000953607760591025551060256529353628025368182857951475254152725688910116134648082956715570034114560
159 106927047977722247573278747317104669609665110762599876372282846122749532364681540554110445021957275217694177741161387859374142241060117614734493251136301897023554180445168124415506634755118766099606468012844957184140749947615192036898025402081892351839749736214414377162146734440332915250565883374266313820869947731783061915938969450561011681954801608264408573827845375096323417871963607336842196323205757850337252793210338873398221260980224
160 63662457187008474078638519020620976814267777736830715397369687824442868265649955901527846689678239361422798662395671426364380039363963593754401039365971921581049852372387037667486393669647017857105363574707404756851816577540343991981109011777961955503940643523857391030854190517311277649227679391625551408187243657768801795039046091626251728054218682899207156710994612053687828568084279165847523043779047042466344968943450063603127470511882240
161 37903491508828444550793727369709480011859983447157270007982762952310962331930563189628179167946867064150875998884086520563013661329890600956161706693332521020389440682265806078423871452392794808007682083187329404665904151743293422783715101869059404078924354970138059537528797439629227178103480859146795814017415511788195796632560150506712224862990524317794895272467367458026829440794617993005513316788496020306735026452753981478739456954424360960
162 22567062787721152824620718563906083546367418607269734724787568675154040336261304368735072239285747497069250589264675196659715628096521533748752244547745394085716902502548866939916274137474298670182668699945568564459187147302388639648983623879250935179926588034446933890005956327621948503847966150900134861138897838776306205814607671952854570746944662958268416381193352130653690646137678438075319990425087744117892311591463114039829920447281441538048
163 13436026671746838759154781618189652208764673863014287580618323989675341415878232769648732061955691064673743084677595338638504241418870988661235485401414753496815709749691843328679640732012671644570574693178482209490885825484501246469940221946589936930835054408040399668535537939415717994140774805262067343074447008943784216337801589221811128575453829983146003937631506500944586458687467296877186985967056802015394664755112530336256350635314366589698048
164 7999570631855464082487671785336718266692396776268943876969222165214644963865932705411268542207669548797273765800002131831036484327864981026545931362046222477301331542453216371460433645409194213487142698963898253558480125402705212357261166491582148898132533794983174213776718784166936463198045327121729703208967276884029506467226901827267800045878428645640477580001744456221943765348566967672032158817706680492268582255162925735783409532637589392685268992
165 4762801671762726733231244695386925928477017777079461814016245698019341241974257073559796237292929568690828831051361467284638696724371242820382626295198614943947974716407118253702656464264022867035197456363170580855371722981826278926732726041565090782845010606815328118287166240139279734020312570534217409604568941266561907902240744422863028960351157639294358719913347705650919946737419914795053462096518684995100578812878923563117997722943013947071902253056
166 2835687164785281591701084729446119390041045189838227714960339362191165538243314009456000034676229191847189297640634713765820950450442782960823399444177854865552963042843308665561259280206195760432956665625279105875841016807430734553740367463541147291502577647049163993233755561320395004104198647190789148055513161801788907948365998996790776446629046367447000251516665323101411873368056425668178916676147112461733347134485506481755827731198922820764384779829248
167 1688317559851688357014215941656043816069603622518025875459135204576399079580454168716796727428721582921918885113739488624808499599940748635911770498983282135698664459475326064434586131143422654488412634663793425353134903923934486301530390753009736458871877375647733415403818674668712781863378748116379119510211076056505731193034242372801995425116448399207298400573036134283116788398316897357633181013470382029091053898944802672067315585420254062030112623568093184
168 1005194161860020616229450000603415280585512477153733256172562736705445486701781587865491601929535742727850216704074083180067075194929135040020730713010593501376430921321661802588800274415543526690876791026355918671190720400659966504228798653760437742257699798777706426840491888770900461830780661544502136267376315467113130646603632334926050845606354245339440961882153095735462192257588612996324843570772933770763548690727037564969674240760170679401337885041339924480
169 598474675064227897760374122398884610849399753141460750012305540181749902602250652453127355068956356768790441879170170771564935043176674914945975486923526811399820437017886785602616945437733148779256229740595011858035139157881299221614292922258648279694119155177124550582112039496595357578079488803819002070482807826550870438585309024491398978371887331715314144892104836874003946329992988819737255616050101012852348412040146662497288195984048692091647685091775737757696
170 356321146981662215482684163502206868702211659463729448578969862707544065870321312934076183767481209335948050707912726111990316042597424513720837001653533111970108544525674303111597322369705432388892201795794458375100833349317248665847817753320877129173844618829108651683756437085879542679276081278003165395148663903269652754989269775698923789216967494211822385494594215189174690774224190355274296012261255067891906177408339595756711268092899176410107247223932084386004992
171 212147255475265609092363524165702820743377105383530752414323792762189480511294830827177116724870913311436190985121371532123342705439037108806195691165895497458266651408013850866219097798488863111717895058669121736218392821406929165931958948895095567987675440739635908505286020983638118857059439543983253658611919225632565198193985155107472107137089742251215382957456564570069125421776612185056533647278136822018883030866373092170446227935079394816078795686270269871045476352
172 126308691995773788671756382508376557175931745119401053720645664744820052737356286680385363806815160280453195726220188207200632838762508448813612652525149566950100177809238132148409818858217162629992588865990874886216891577492433184229621406775530006380201015284857856895976089166701007278619355312196767046170262170990725343105455329818946472852131156521104713965022390626971490940009428168191262962742536556035993841567859091629246219449623724668895903339467598002550942466048
173 75201942339260305862776506831547795979314493451519639874520234165523869354969676791242893882688270239966621032518335747079238635039751254149773057063979491632041505139919128259347705711667553894513456579217310529434386628953217343531090834657180168426854682434510646765747697432590631940848418642429150201702483524659282666079960811302581944170730732530977711949441796647330098134565550357924896398751381513992140393783374090149716898443644449575326822073109605073240695486021632
174 44773895147189519995724103186158960200210926727978524752701149313638518306292578692144289826968940715070550293306407822316993704114545011471831445549292179699165332484001000623939490889708475502733216994969886471957414605572212044332848682307538468442531435441403437349675426186626383468910468033499336287669630664219139381526235684984173963613958533700702868058621574291430045185322014564960573857276644287059080063026331816324785240567891673523339558122347817398296694489591316480
175 26657578571676553095592576604020540209849702176877611731130380460303129213325450089487968765783942334068613353647424037757334217465496996622729202181532064795223995848789940842009700450439171379691416974854387146153743262210117892636480804604796698496119018438627402152457963753702160250344501160873958837623139423028129667664998174719123200335102766411161366722991127281885397995460530145410178029183555627198450591836960026741324717353605058725275199334324776233872545562805017772032
176 15871446809999404765799436801854656135283042687712586788390633657983711406945960225438814584721068720029912102959656100061321157787935005221619175436156166051213432819256435477901755240911417189847492674443479733394154796843438381705070342830327132003391990380763310217883432536473430298555794633741969541866965415769012848688648900638435506519257566403265544990227914731223761907413231243874111239850081748915114868437377265618698478958325746542511921023155189593774776589213959893024768
177 9449576343377445972339291105927966432127597168694938576404350463472541915414328960467160609803455303573663651708813964523859221837576000392269867886579001956169564921913724690980961322229214100886493076723897457905288195613606432337409692166562653320461396336249776862587203067063638988180821945214596044535398119593577503337790357738756405601708062663046189028957160366326428893231842560431170908501515758772302247568017956369324708099718407411263337501900384462608774907279776908927041536
178 5626109209719993483298337664075065054579235822027838361017655411179047905513573759623036386102619374366014477813984302877341343544322921349589254199121818275978987390122971994109893762510413269879121885970987430903384242406956340399351224547225182013826769109589603797862690769450011503093260436696506806469198481349611914121450910238418467778608531521781558548617330868397285622094001830228654885437861980592101600157757680162108849181678126954007019434654003325917386988864204062944974077952
179 3349685074704920501331253320418396670722179178736005655136727394321692045482733170550060274160113424374346051694530771576791134437379500814568780729949907614296646102370597204413766221046732891641864758814521161934421738249639180496250783512265842858758235640747331064771883788196307420520760096251267477795079136599819835199898521943711178944118686455741062596004068287012054603618276307108090188593461108270498561292763807552971048685647130784186956386935243342800256143175454282091154299158528
180 1994342747616045264378701422068235578033997813628218482745105313004428764029533432905207552410884474386133108825165262264912548500469192737725847005828779765910281112308608675222345919194897939400233385846021102545780792112639728654914269180615447667331110942939071064306447148540622760378746570855065629978764762992545098694297024148462034642474148434879804902064032005835112497784365406912187736670861572415755195238606515944596282242905851724810425993931311160138113615808025612114558740733100032
181 1187396100309248643338422190745081894595429910761421103230631000469545913907001376471231659346057848757859339544741878597108522487813685332428619825508060574075093678702279684626460236297866997545606927567645967953812206664543776124216741001504541199765773346591141125474499622581689412914097636273612123652435130180915782312975678028401827668318231967472852770302476193441799038354396840642887677005572680741737467149434765353385106416960311057424052115244145781319439393625189223774503494010145865728
182 706954459415242789910543151508960288012106292965687679334884959188043890943819930189392195128083014478500441662162040477202345024962432122136300170550989051137939604423208792496637146861854673409303641445139136543194788711368024526984199532389814744383210874797456712869121023690445598332211904787810496683639628547051678125557691001169909564595647436307398464778067794870434841528933521529972949376537552757122025931718077548144216348918363673553452402930057992034670771365066667594427270707904707035136
183 420908075710315128690875025596623131355503769974598692279942681348654567317699087045906810729597575823035884898512741714862571449512619304856030826652368566780244883170287203046131687473508740087430450962849330775334038633799475366503351623972474408821100841531849313613271576494518460685097524439236483441847717824618377984213165063379388403658397989795826935774457971540371169486667621303874368641805780691606523543723195670830625494337096175417331989596031977912389975731414161117910777257443645097771008
184 250601160850871791784423485121673318822681969097450586228109691732343005011307762676065301582055091020730088112080182923704166209059679115895379599119533961461012421843827899487953629850785412862047331314322528525609456442986665714788675431788030508557874184898774371913425544098692096116667253193907722019884298906952988649929538880728615973364453826928269810556875495234145119398261480431250974737660810577740855299794413741941712845450854968814152186077153248523728453882506499418714111299480840810323247104
185 149203461382448034326486178727346778079023089756591105170814816002536151009960321609435870422126392711538629732329513570159781794639244143252798018076856685506503629922920755461383598904758231259483995738041393023576837457299950460391378736991429192273038094374057722058262855008863053495900197191107093678294845939586159052677803493089601642398347455372819163257028866242943931870687229961180861320584762415345137622921449194501994196148895257349951167192721732569966697479618018238992814038795306627970346516480
186 88833079674962798343868538325272403063679581629258156979296815064078870155367261499265736021514757660529986820174939445826680841783692783112172840963149074413056617274372260669881174757240751620581210183027213664603392153034932225830034294970292234760162612365918425338141347381562913204405726599071082224513478544165600186907503958777059663710883761629228438349329674939956204407551522864382333720002804054382558363736257176457434694362739773139933660004620751423955198296577116895137471277004517297693697368915968
187 52889631188319104380783810326411172913391162657166167683496694691129821930586948139090309646956937193680209569146355662752338911196128888003656680491543598180377723086713973281146990488757347245771285537824654102595680502286123700042994175426278275996275229279831690904102146227727094034409548920954317668750671617755108522967661571242432966249410267270962189762915437319622490427120885042683198007133022492826277500773079081583650303060527054463177874940355012408442569162955718466408761197611705966160149083666251776
188 31489543056164323850645289412884868731211801858352511088196306256762591590268168645949454450610274642025020623923561098857630680631856861574234381555530835303040999567486865075049271538779431586840597301766565487990022094031557379580594771866699136762097136723640086977596843489529284175416968691494090380746916926649714416218559798801375309571227138289247326250382744080182024186939773591447836039317966934009252322215979485692852968524140018486936631814702434798439825871871959443642009014278158554822876029678650392576
189 18748312279875074338838686405003646348422208708265445727700690965570541046684572990881749124330079549617430400774460790202950898656552999799465525702500124383880423609804193180000569364282591053845353082289861547007547060401451905126688477900830445758767180807648739221227908385250182046963426343039873212933321998825877124859528808882428849080947217068032840909825393235393803158586657900156808168993535307829585907265044985483874124638226894921693293085368313365947586869006143366642973185576707626872710828711109474648064
190 11162410731612880393383791699997345655101496086406155767815653042486332382627398381460952515207022196496896363839917371277725377305935203679356049547769823884690013745268117663247975682989895774344519889121879047424291867604849715125536757581065745121054986267284997629018510096094834035024300442986713367115776431012611900282103805677932765618923277417268943181682183991655537531409085547120545670197267504269922101795837907733499371704863718274692532599988276017776997277725719196370616558494381538189147756550914261758509056
191 6645900253911102616030304596309213673512838609197191765559368462217765518984963493588909801452721517414145254978795164426175144677928081826241359078521694858394392360898447091353384166695231899796222968365477369587832799289685217255336073073504228149242617839344439161573490642075143801169740114464944434310607722425700921851524383228803185599613728758338351437488904564583442119821284853461628969352150633454785426966175304342348641416619450149589907088317260460186301734514786866460492227500306005947337581647807043163790508032
192 3956850473155249293975420085665186230189046215456058334398163828928539633321713250465474466233576229754371571220317795811277434012633961358232564161683909599465016881300966206359736817982944566148180727846591645214621857649684951979627419139796315455152102129855469038525668445631975847777993146953144080165741712229138841918407529109938961815190920692919858212007863570383609871353272099153586868705826631976655280249315182900446632839836227794044395151510947284789334795237885123409638424714357688550926007871404119546597746933760
193 2355838196291765781642957551552831027752474817951220648676918394493205882207785029656140253703361802556269032491190055334500969773242253642854583234024204651718545727858546630405686360927835171511700573162552138830031926723859933542462618032479406053071717122787230513165999261495316692067783870391078863781603021476874009009056891031005833003511170948330573119385788841329461255528210828159464728566134401627835129077372624844751215662720829783197457988892706949542370785351714314117968278394812335109470293242269560413632407508353024
194 1402624042722951782641190954351819109801842303418654004925392273676863283708080786201366930881195621485440774783555650027915249990932591959517345117361864359322411844731025933217256802788207882908741563298146340774440508298350275106627870608312719122146144838988276224046013926683994268858113123129271659083871821844416287391697257209641980523974649769835351839210418385269141551978216210167585978270093741849691532377833129694459268345422056853614468712255222887939977605305557901699424051357833556320299671919076114846831199262523523072
195 835097337466220468813325984714856984966792653038684452846936746208604808340150083583584918494679940967437916855895156131761700470523026864871423273407031121059076541627017665914330469915471978975894003393502942832625151606265086063897448054519093645453832846400808165728746180694020531655509370156357564647153436754004933186924359479555701373941773166305838436203554575904972967382603064443947676571970349810133611410967051983961811573326790610037326326519309322735463807978920304615385938048292107090538016211637826326961611163562456121344
196 497202059711819339923755580402936353931264133297357080298173996617993531240154080426483576259272372125967412961682818282896470899883239778079014797042399586284533164262734834854588673619831018431047204343572165465627729880617975568335967667089928248685917295723366747830258988750275182643376230709636933916847210174075182700412387543976042041085840292960230646030889240818943583687775105405298209826323234381312314738924492107866327202366115848829417492779188970073810005035362260029103463391684084337021385541927659883835605076734559916130304
197 296025238125819264945536772777656429516483889121676305094240263289232037322172855420282726453070448447456939034602344337374409233151087786815826274569239578027312325022990045355947324055199116271574505707474185911760062921605388418521506719131438669082099896780106783346281300355436182643955007883439925912512652180005313567420446932164678770800580129275275201305571758486446381257083930770121984394508870860788974097594029894299814216085914712967060992239813598324547317498102096741997467342707571113596584467111455806300112503280583650075213824
198 176248146796172379088174789876942896362656438304448672335191397467857384591040256625704432666855834964489037495554628281265587811087038096137995134018571019845171692675315232037123618209322713501621879110919421806888690116294815474212871506740822096603310463301354437945435025355043167138597936211508378018684525455478537269551890441871482587240178634567705223418026774812771552258824781912896272522943049059081299839628323289101903749442893339845350501709700241589371695510113355900360381322388197466395540709954215017337857558732906795004181086208
199 104935002994178094745777126793699249587795934847321235295779031515407361982494021815199065486801399061297673608103345694843186174341884129329871100798274624736270314435245795734552661081303380649441236149390744576878222645743870738918799821503602829160206051220098625264815611560495829140162180473686552761528448308831211788664738362451372973242648574678922036858067071893793583873943527042043546417408932868470916572541379706338465379535803217663918398706241882855249998389799881288668528703578889408603268892399898106695638209138341159806892507136000
200 62476429134444106370881130475101631783468651344943895914291101945390743538115400586155156584940913489927980181569791356129047691646096904784738113163489269220727397729561401495409478812410834157117166890613372736158752679205553514579468558523964543397230464449557700804923410782419682764843431814285271264369805243402722070058411678015503312504556537981229100079063662227386055351141400754501455527672686431804409353642853779409725694078686705688591377186569105628328428672249761676070652700199612181785511056430887070920078545073081262799602148618272768
201 37197351560639644779605965318845462164294867325224843878234404785122217585802124663156917357792894922920816226399643134828193640908034507761751356105882841152672883438107533210943118001808811311229252326543334733164678028288099627967229529858481847248531615252794778674813752326624565043394876959473005214869150971326743814445758959295793727118315574960801954690034844706855327330148910505701813797371122388447666133813030211364591420679471850917142128270521155308287975736886270700040059125588147478450892830208782746917729912457691868230734498227371900928
202 22146639657467225587034666228846696202899363874441351549075622715510564291073116704470051519915603065035788690484756452038344699149702468610991380481242490868867637410359302232454996438876048503212741312288727368344172217195419859714912620141491323332909067725372698192042971031776460526935903049884931400848990592954878990578969702609420904853965253171811471723692343747248528212998678141749015912028873291495350581565668191768584308046320350447260268293285277751213194615841945189074481475629224377683900682302938383806870987574986329166347036501633302265856
203 13185714238771085717592589221852869138497577683746540703538502933551023788406723058122667131701860784922361109738834407719035714102858276907061157934816313568247820920165079849713345090825891410922017543164655298357635726337657463555469340222632383843956256737963429061032046063328881821400801633896712979500802671125644265040054275656996898539570489602334446853971917791182743641782926507667361919002812807105808565652895925276839353699126001496817694052065364090709704402857990858057725281531122431142938105666734310822797287220232101244341280725211586150531072
204 7850539073900035495918266644853358106869006263394295332117746167261328580709978912330164516620510983750980754576499342615856043365029993093826879890920421323721572996755245383817916775904336023445616931360554997811727537645324629982982862436551725307130241016446018323926307717385691123531892081708404844537892369874722904136771209647266321052700097561655441968520987236866661732390808492273489297970568956113360431745334968889435164542968767396607166936852236102929821130112200980767473496306173500869619109734163973066641740633275789066169678258385270031203172352
205 4674070940322096614839416814381999986157910719805405361038578940170007194332479534798300175256587765011348345552411481060924568659320211026359339961153976355939980128781153009932952459798094863660702624260782288755842184560143054576351015799267427404169773987794663847078440068844689720186282588857852102909905698085643325949210532501640381496794763725830200388488087886620888214588302882908017030861354795453211966707455914420506159368458101527605938706398861512165709188504099308280108031359874590904606674929059578315926430216933322882980559801446633311987218513920
206 2782858469910174161062273807211393422862961035275995503260181530624601057031265891660574846631919943203989187565129445347026473616003298710001588250174381592658476999832827933247420625068228314711390205705484630550403556482560588443961134093788331608678503036556909517754755559149651676239844138761924454467147685503634954735526752175620622594422894425797446488245063063879345502645097076558062559237666859322879689271418233803664905244603157882938447618173377995960272665091700865578654384959637326793689064353854401717681354076354046283212883798184023666186299316895744
207 1656864297189534167662764652691389833593224693717090816246016438767054290406088087158526816686739517529781442488066298853020144593357961956658172158118169646909450968204755235119836456802346443088444208427944057930584646460479421887328277185663899042352047057840032182775207754476860187671599133721065692340434478563997226211220726376914535394322434518061704030282047778361716637479763906670772374924319992998199323961931380818229586997915408080118985594017420318263830208378797611142761025639645290095473969249877951384224398637666029529057343095581159466032090920981102592
208 986467450279632534192852528574367288684842547328862948340539871375237592510848371257514849667308686689934645588982455838610334920833903114636297538601703805790227445947853426520248407339840888470784441605818253892137618138875339447335800082467547494173216158935856772637947226706290475855600850944224061673491607788888742829506301737177717006558224925868517426157853493510633720511217086954886072235217878221727066297199963825278306849115574652683896622459168695865702052429993154116468917857774973660760244182632617304916930883285858155538718763083963008412547948985756680192
209 587325125003813820032896382499351178792574762790190550454825757847505253983385037638154671151314702823933054032573205402286799790417665558136501088554573975281277383689969142145311948159596350575821650131937264983062332399140635279472051740578745331514740503795860927741781414507209995874181681059542197968011096708472161778056763037084566899299447839517254556496180637040635396895325745000689882958897757271970703427200179167529254213557139370000340021820003208631823411959742806519768833368877183045185593576275394144764165384998253831934493032937320714472447483688509377609728
210 349682903741996568784729262192839252121754095437197932612899601982163265220452581406277114212908317703839530547911711436537497399806259196548693844293394261277335829360517880421964934468155124542580505166976716893315229729307690665680726132862692856525632483483194254599995080107903466127430247089241638839246198316747028435217558332670672627424903741616921263925081279098404793249680915186850349176594290766893745553267169219648400244394495302928522602375812810556392377970800885317685071694847761173158701280718182783573309112983367534823756716568686275243214699267685354141908992
