1 41
2 8534
3 1815496
4 385979024
5 82063614224
6 17447625342768
7 3709557427849168
8 788692779445041968
9 167684774537312518864
10 35651630574858499118384
11 7579929460852910488007888
12 1611576517120239045459431728
13 342638923481646414293585566928
14 72848810241072834822263034584368
15 15488459686992063856751100800221392
16 3293017177380403505066526680731427120
17 700131733540273780103923889317951220944
18 148855720424771925624553662213248342009136
19 31648366216931749013618485328600953346681040
20 6728791351402721824893555578119904027588643120
21 1430615177427049941879788920362793742154565846224
22 304164548876667328151667682745465003224713707973936
23 64668734299139739080160637583293290366939978492436688
24 13749285415732221399084785544855780667597295335204524336
25 2923249565528940955191584197256177951364179987685722275024
26 621515065254760763797529459823579832263083622149747691762992
27 132140950568732837489807657511491851585585759081783836533790928
28 28094621986437107283613562932723279334111440675902378388947753264
29 5973226173745727128753785421246294461054807305397555294986129732816
30 1269973696031416138228856391502604054941796376300928607816309158411568
31 270010400024801082317551534218332779955905070198071811262604180946735312
32 57407185951471539947095120471463838959667998111235676950697144659103555888
33 12205400231117483628049303597449544735367688808605162236103543096943684693200
34 2595002565143921199737079101700500557341959258160237318725144612051338546824496
35 551726136430594219469018019974762984684604891940706351198461621791922733418711248
36 117303055383973491180298486011785011742927210332484372013409448953973598556934302000
37 24939921989986289164065328124901014620717527745012982717773588663076178102062563255504
38 5302502196814749498558087971134926344733754619621510052235082789684980237461088039210288
39 1127370388668994454127752674421805622320300667990582827417032158517886599204908236510085328
40 239691365712428494968671324863315112111802630512322125568616297964461371415408172071846162736
41 50961025209220325125121425660934581646445508868618837740465315025440418202437841554157279681744
42 10834875435148510597184614615370069535995285630010736453348540672502958935528250241538761580434736
43 2303613893425844145055277980847445126158595688640658805437113617165015258077331175601811938872785104
44 489773694376749412343218920895693108072911701916441134745460019710403755380176458929989154160481237296
45 104131283627010944356907484395542309781018403304736385940558539576058143337489197042169866288095566255312
46 22139458191210999813026887824377090886930865600925733883096158554668674999871377285046827529086445488217392
47 4707092738394293792409452000563193150517772545147004598104234222628258894409238562191743977568715801633468624
48 1000779777738198904596203238712907684712313603382324887155609697625372671451570652471149416280441671729104994608
49 212776807085253187461076083736163972017548295075971135086503558874486675312982095524456396777536024648836584574160
50 45238693507292860738833211201613521408043210571253652290496437738087937266484353540289468605101825395375488884008240
51 9618244668117400679483811945835641384464507446787065844063858697631067742246014667309272705666946028556169310727137488
52 2044944787825389112679169079825705303025941996050696767891776729768126234126176241739079612757269985315109856903861635376
53 434777792575403269815020661261109184149545165624898106457914248828192926356214504674255021686431349667098376058131014730960
54 92438548973128152597069910038597325841351148612352177923816811895525539156573324278665022131252317706182237502853895826910512
55 19653453976206655361783556054822465562690449378989781112744237396619567032444949986503230414968672265058131674815678822497067216
56 4178540852119588160178966494032433780345016176265980746933310504480639251386646008156160805752521674367101107159306968314584584496
57 888403823265385935435238167666073918373921184672282403576464389436672534332268769160309757210235430184326071596683593213715724598480
58 188884441034529520857457286578347387511895395249820823294012541717952633387350086131348490770054104498092569848153344751904072440378672
59 40158913244871357035973546757499906823378451006840012007101523020778845370829124129773935903056923851092872876341016174876204976473168080
60 8538227416594272077148879633319516945869705491641530743035401528002750844990706652477299133949642633950223000424061753284780175617698470192
61 1815321220795043096595330081432518987245835344466718257321089592485885164348946071538410475012521709965236960979219454477636923689233631884496
62 385957292290449571574156310875325249412021507794464323114177561628605767624371085110341539245903595334053013165795734367875664227871156485340464
63 82058772720640187047653127874247943258034551676834052057633979193177476451561932583562895010954434480449901743788381929391662158720301732791226576
64 17446599183181969436925402193177589254713771302031342789749711672537877599710942409168287836974881825256829093524208563799249448739726306160003768624
65 3709339208555385913789613819008738944565053290092590368750401194179450393701287288363397421193428620439529202894442322619768643294724415100060425448656
66 788646384298767850990974255264976427593996647113197536063472717463894600478253566178614429914261512652133944747180235899802029868858224969731120342828336
67 167674910408030697264738209727451201874373869749355532263579164674190228597039948016009655588839200048896333578814335474616616418549192098715638857942714576
68 35649533352441246443543660087122599206064477603524655250708952874438850266983183522781087311475641787391712465681864075308274563424091597650042820488480500016
69 7579483568258118344911178866355818727074501853743678269777379399581981626164002813603850019511628038956627162485302310094765846931758825350292407994524471043280
70 1611481715441887940592516983285998290495931166720465978598675314777561079872038917289788930038443264961340118365132690949925896585796426715919042969536643845344560
71 342618767600327583249198928921761331645879223015929156342124593535181976780339453169456081619246181062396497839899711618411967814539603208527760267790737187544629456
72 72844524878632063793658929553473359535394551293599233809051692874990751701231298225044537809572645854955998378603169278930157773457347136805384724586471617393205866800
73 15487548571722117848410854091872845227983771654407371849504032696751505352726127794908230453516895946077210065284224452297716567874908764281674328689055957244635870026960
74 3292823464235575709912392868174427402843882876858260781903420932022656847670173022971975722820892869227689752552633852432938527542778121073598697531653724000013897115342128
75 700090547991401025072087172437312861639943592206134499662095172318852785744078732740353460196405871041291023337822727073828766231969048707818287519430392378716707923290208464
76 148846963923309631963462722085140850410347289461527087721489193588455249471118255617885923296851533644517635942334625082442213864544567647557312788265544658003125611276262422832
77 31646504488243950129675901957273049143765476649122448994043833138251640748064127488286784555604167128248359673313549068818259814431668505913324879443278861595481377429724926710992
78 6728395527371640641463504684453040751816139504172470303825601866697696203549839124950419718624142630870562587842104001532547175406880801432358903876998100926521003764559469120511280
79 1430531020876953162740679081646512759865585584197518350701975626004112535784778295918898260112646922977324512816482181509270217032970782290688626570257034918188827010068157824820932816
80 304146656266901199238957122214451246042020805598687254570690059969331988366443193630972434633194492356459660796266436366150141813341568635325864861484985597375593821851548692348611133744
81 64664930133167217537433983006566344234923241400879268225409868186778321152769706469570624176184171266025611104089334693351303031142111886422410025434417481940789010034253390469384140344528
82 13748476608133126158782783656954914696517118563911685584904531782391478919587692465565322328260989758007648534654397041624654755154627318704896275638444285548374416721551557119549497279653168
83 2923077604122136036286745981590380485679064958301735334650749296324695301004972741198762191953205649563748566895984589188583479403073410991846505940931181270776355775969735557710844105350392016
84 621478504365046812507546587739191507600084839767938523338281789566381569788741406847032390791345079406363823308423895760662107418382608810972081300379463693437929649870425865942910892420856170800
85 132133177320761028774809342779768449975137083797257881547634239366267618109529031630217801585274665067371709363795072483811383154981022771213611208489405337884320202811413517212788389964829951886544
86 28092969308274623417445830807534952807334487391539837398829727374851808318305675450438285484691837603495820243263060311934969393543864111459457277689490592857774622352763132538062062926073175934332208
87 5972874796159593657389484416573902310239730099039438006189580103291874376000453950070389680517286958322689385282972834942466992592043168901648634528809702013035331811588296410244028686837679681578524880
88 1269898989285214915645868016703210392774428880397799815887556820354382015833198963746794905420450867221189940259805543773090388970098911041664032096724570594495332340757936531326413082407708794321101885744
89 269994516547458694589259409130761529074411251770652416403881171785214219955725819499586267978468140966158129812988184659093930521054905148013374897523840226333932852144525866871224559406167672215473322278096
90 57403808949188417948850379022783622678688298553303267395725266447572387164630202113952794605150534533066144861601442345466051714647912103329468430747980888159468692541618454655971002427509086294340419279172912
91 12204682243225136068041572879538747006048336463520482436434306460432127449138587003672512350127205789780042697475946897466722568198697075909171420098073347601596381100783034121474574826128790667420469961132513488
92 2594849913007399363655750854142108193226398267292051804995565924673707853534016549434998484360057577927953456383934174178791473401568764681208078737933825687219489684285158666909062894737565724740593383920988379440
93 551693680904487100885072774756602529619594937644026851067673862405645366613404179016505572697277098840595543304157878439462262685383978968357293480032913384846782994957987052223825752475110892646102506570554841560272
94 117296154981536351505969096269203104298292727067104232993857041950090259701373761974398672097406503245460408694662353045112793619792401012951539309589204076537834134716668980386619660826306623636709912117528293448088880
95 24938454888401266961287180853251292367072721404735965183491742112417324228775458935759914100451836486272090485864275277395086070368003441790759092197536021472876114119613040238041425560466363055759931785260987994887966928
96 5302190274853620104186175290956666454725890200415811206736555935996410821932760931281508139749172973324966389959313014684934101632038579035679222724269222019175521366680960822219356767062906353493644078710147466231648231728
97 1127304070623381181227756752321166532703972345204159116571409619922640698061543834702057456913904371358116954340600269742169154770572538733955512301874018090949573397887753245285901409741107724982498964837601667435206965243088
98 239677265765255683718212124618389954256472317518082048452812455390065766123085225807972724119413925381750182685311335336160327261070055312591897605187221686609464118512274355867064739093676465206742953403796964665012870060655920
99 50958027405101738759232692862020032774292643121317835146706710046099595032492969530885720331414354787660401346079144960802257605542298651389862040610536293490879550374222763050150662753727666704403689147050729782902529687921756368
100 10834238068963852645583449766524032970480298996979783476722686564968384318435192152701258548047114763342484057393580342065794949374809438507967176665465364121891945532365739324057818198674042233818440851423887577123205575674947397936
101 2303478382352646675056957500264571151663469847304972114688371509635779483233432659970370942427647438791017137130862753189673317422496219623063234665407502521932592004306033752512019741843989520510987022952529981070120884935089205830864
102 489744883229560948181884655136293303437308208160666129748906303248182135434534252394466022067968242892177038181153647957151419223465685642659772763287805548795213446530198790698192424560652102164279332864474306419968401763924365439831344
103 104125158059684754484742790303137156606733562740595763410273749992409140438959733672041274625557549669284772491537855302353453321524665431176995586840696469821199953805335754176485563813564071535928366470945551260132084747977739528068907216
104 22138155828107502539222444536064518579247350249157482558067172827765190262779372706213746758260007868461676884114810549706605596182325438089028324335683532752194964215994905664418108493448418631281572275898681858963332333516447703604457943344
105 4706815841649383462166697737636925899899716397286688040658536398007927325924970696619341739385951442490005927056819109684919317366873579162066984916157988802340723862903448707669472961717453215467602733134530828493428246653783890849344188325072
106 1000720906439452765791858240840643103284829995162046829612388596898951878324731538317428080618923103186977567326025281249370940549966558532026103876358095133260856260849925629182811736083476268691450211891357672802332955231517482148914761240794416
107 212764290398510699778101121171959479167781917036681872704252384153060088093690885378665466592910552285895978339698721094112146717763248691140154846091466572225156688600861573978460291499607984970350338539148963374860886631817510587568816435590428880
108 45236032321785723574094925610799905908197589135833240787225520548655487103596724501039983564997548297159356975344418684533173084889777245448915299340856143573484505950754998929002002737481508277144712908364516011400604854932124920070524519028716599600
109 9617678870758315429722361274391040676821713749968583730450441440802823119815991793043896841116665508766945036012682891743894321688139472901142003749841319972558280459226999612601806599571347765771140235357648890327136644918879812479727569336183384167632
110 2044824493073035592191372470632460355860960435237947142793536135501104579512330566284398809878080636906089230840567856539947439437818792330275561808614138384066587935474777693695686730815838417742983824829188207028351889733368967242914985941040446990785840
111 434752216585675798365450552487362068169105985517110565318274211623096506833927526054747820008955891407728917738829121665488349589480949534311435573681002953335633998060346881550883363788708159463468425993226276091091112069802568786806244900051580332200374480
112 92433111235922315275058259500234686823769453753792019274603418124928002765007600734357349785606519687224486538778315182918965586180697765691733443383848977495927102163486533835490992046673303372331396018277015803885572006036374042270122568248544845215863095600
113 19652297853365083091530521319576363263061140057594675496055637873692770577003264434066750244294124116867239418453895840652800737854987956243619312694789629263218643053138936651124169638024326538753584323543077585797837389761894188824974954688548300851330456194256
114 4178295047665601251625713022352973983643332579719762942375952453993427261659523815062750374475829799618137892809532566950514819327226081973162488285696745038086123669825424972412638260462253859229900904701383550477264485285150033095642022984339136813388503265862960
115 888351562530257102373765064331420650881358824646444735912192262453044636146773032985497328508411744973598686114244087061767881431920017483057935918342283844737824835347615077077033595142649634103836012016770409891929212550145793475032920053032243133218256892465834192
116 188873329826445587977317988996675278708603340296770457606116058601818291835857493002780767009174553801402068457729544425261836515433875958280682565515433398517694910436877912432955235979159645357268075902778215066574418403190807222453766543078451802895147306929693165872
117 40156550879612236500509815955729154412036283468443724969737929063749801512403508576683211053867138100383582045690469922829674822597715527960259608066333680591292690078466405307663114818983813775561351427374607336347870951028551146117185751339276985492153230666045009380560
118 8537725151712240969773038108708374998035410482334796893450863111335087866107689475401624885581684885834299590089041667969266634530593432370465587883121198634524087205768185997047556973474261329508924403951566844587463955670404037159462115650292555416114971633353971134344496
119 1815214433747296027359161180666017873032922532911782821592356546788510941774443613191467506259625919325732466314853267454385740786733820675987264202489409118859877555268559196608825622635438490842536251358618474212120553495718419144858680210575304289999333578301274775177306320
120 385934588187545899762663847648467590480423560809639269767996240391639515713631887836877141319323610155173138677541420210275634346252794803091443437840756921005533441100250417773386888453025610071399201029781558810865667939894599520962386979643134864021161786466678865516248813872
121 82053945578214811157473132577547999631482100468637547884191939821751292876028459852581102761031854703132617418456791863388461922048258897352960689822814829328732608923897365509764959963820282424968698974116153354656330259571874499414064631492252090655431712422985700990479244393680
122 17445572879518101905832271543995484992778776491413005872501907052896688071554759287958663201405252031827715431955343809608131606527796317843201027440607872011335552059005636928883727029836928409623995359431061112950420221623487408068817136199786826556901031397243295072811237162022192
123 3709121005088893851934457334753783089714852681775479794871237849138729068516152190132843416478304487428090867556746710751039514953451831427477497033836698209753099145355639759424838711678105165108925850929173512973185645346011312792230905862842344730537732304112033893660367132048775376
124 788599991837681111735786003508775324517678800602020291946310818179910770393716588236889060942146860219935150084312641380199320049322619885600972089359230315619700364955534989006001600666284238679246583394017415767338664134561990247183217893851503279651037299848078901397142040110847170864
125 167665046859663270598259859398200273093277590208303757378325227153248658641112043133087789372465667640389628972858941871675290881450239730090427849651122706029779042875229035246665825096179195423362603490444274462776545471638569728734608145476624089219652662141232892973371084475008568177872
126 35647436253384253876425454529685575229336691529910539056593501580407797272714725535883984681119289823888876740576075943622076976770644025970649945986893966016166778247552920276406853986739880977908971855548407214152492328350271351118347038012096817397136114346449419867620194920592858495991088
127 7579037701893295471625774072350382719764506463082336717772247321212268292218428580357456635160135182492813377667073075085482702409614641263647645714902549997763828580246345950574943167915433799200747816883983569387726886076870618240384720461684316896078987079530727435769064289213547544933699792
128 1611386919340283919822368281321271378397298732217193113609043253833762031581376542005811118591024356864653467720937184768501765570602724196599103845577985365481722831759843398298421168275247959762317912375595962885024742751311909207858572671740897428990426557855392525109012323448323719647699689776
129 342598612904687131060674842829291623966012638741487032631954766868933663494338425526240744686398663582084009271095147117700311503929078996582158854870192896899006083026670176142048153781412360983609367006627341228487172361335796984494888745857261074622077500811203292535795581280378853054949169982672
130 72840239768279571903739684991041783259160425936402943240557236633626758743496703263054824995713858390201211671346585980481530099057973733139073749775979776356611636579615937113436494450732447824995257325665444865722854767829729480055318780273524686617642788993676647070069335939855777273963170544846128
131 15486637510048917548104017766807826130619805285295755485487061831091101697077945727331528822291610591632222887679867949192831909475310904245145352808524152507556699071860458488360771420005534245663317049895450425920037348301406765669625718138153960017789546400432657550935894027225401225670977701764647120
132 3292629762486006565827866277953438230801091955888594045137215050877015080058616408038532668862752050497955266372286027260449300248752757013861841940986628763920537319155224133480259012474954737439229630084947503418752957054219154681261846264422264927707168704892861526148589474020681839310906164305311934768
133 700049364865285809359639814402649716005531699138427199167883675960752024713907254272539160050392018697584087044468214943441567500793028997441545790894966028173677814288226865847527498836328456953750642675467395673575252032980286260374375515837901731987279500987375006609188703609493720352295593647456451175632
134 148838207936952284490159352749749938139326405134478759618846775256631823892082096463037067118589402434883550669358482659257638252504793758172338629088523198247989787982308872649756494945838717818994977089862008553744549375887505396982299163486704307343376890737643584737193490753158803275400959959036945539845424
135 31644642869073138101094443614392429840540999622573475893507663181793614224792629011279392395374880490677644647367801930512313442546227714629976029027785232987197715532962281070057680538415918644764435995677086929481612289491650437279700230700740810746155504433650779873614804958303833408781164920786474102523265232
136 6727999726625077493905663353780483343470254788295949027029720468256526061967147475237265911577603749523475327899765247959110093004759941855523431384327618152049053108112725719477887528886582183918281483090917169366021501881846356300554965756310534467608512433663139234701149740734835706904358857884698396322765140272
137 1430446869277401460950183945144482492992004632507219008289156759559447378643024787062838506189847363310779496443452077238953577673487876291416292008857307686660455735006557085123705503009736870169484050243071617841553839342732431237973321222209943220556628077858720785993556057661199121286174968005519601468087720074448
138 304128764709675497622342685455677180151148619787315511438299502397110248001578093537303923146639629572448912751172494654304522769458006146680506656149478255435907996002235604549250645429598615071607454160418709391358250765901550804517718517997538672152226469761039695144657636404224933121224344669627336663449164428088624
139 64661126190976387461696278256276895066838059920908374959535389146756654173192326749230427400399926782493170885633462580414957481638158164484142824622452776703974079097901110376033976449802264750937671587702574219134194385104849461587967934127392592139395670391532525545257966582546065679315537981515471498766613511830190288
140 13747667848112484094359449746503336977206291738975251553866610525818557952114645485083810514949361596364090690129563465096583339285606878041357875981173393335108750897206798604487690929194735113828319714018121741332346057853759735027561357509151311232517407397024329158059413492661145482691772463274657548801871085428430879024
141 2922905652831034469920061667304087760476071107620877017308396111760167403621681462882926152284605471106655985665823356776603194505338647205057900857859517822351450478154829761440470677211849942051812913616537335394230071430501733483727122931563546529038688319770334859342874102873360429404548712847380038141691854901431856108752
142 621441945626042846224592821506321938975390237813752556691159921572281634665179741386714139948495959491877010672129427655027710682653625754957523468033083832146706781260810265471798753046796392007378264559165187937850753345790018945553784563231928756669339927727006151941833079387791390996146228074742326818525581275562317312384304
143 132125404530053858850185138255269713792941286131831564754796536604608579281322263173247096574193371487132794383426597976543875937836321185898342492687430781694111144355116492529796285955975671552375134063983689380420584472837465873970967718628842932556192633126866951387464906577206117695641987066723251356753682832356167006302564560
144 28091316727331639784085145999638117282394906309163309625449635053735722799622636083330949325397924556162433039271661700131706357237926727533654939181783904722880090620412664275886187851066085851711102189020040350790343821399158365747996534684116931559325456480082748699561339986962815570167426134906789524707477289498890438803037716784
145 5972523439243397075349624351038194055479040271032532097328004018885139738399986678585860025807919352849687032046291814331174860687849034293884186213738899042337723058198120825397961520460170889194352835722420733070576265677083356740565072065416893771405432533932609631131611757263375512359132777617870438243051446705509542182303780392144
146 1269824286933670011862589414525495669940148980541314190199000131093827190903741269089180366524522267413233307451273523832129016684498108594968392917849783196019274578771968300316787216309333012290274583936367009262904887439201593504729789431398255342440500467116490376835870983906937741711033014713625277787127245297577822448487266986140976
147 269978634004468659448020902865588423589563669978889920057833714585898170678105247064260770198987784828451119402696146983114813726902998309302245230607880815725762990256726555256160461511521766534782246175484859677671942888992952928388329622904051016787899803151256212540630236588871962275587667743982377389367878008644809816673459964016502992
148 57400432145558900568179860896809460322331185448911018450001260820638783442810277770366611742511134330048924890508199312324517445465230275516508499109949223957204939857254594717100284594900644564564944892625652522880078993443458827473481618585599202489079050329080964575212835314911255540304618859616333405024008554823841316314898888392922548528
149 12203964297568733564830512367403043200214149824079909868478654904280285268228996849785472203267492998125980725219826659815837869133689441597270124754170697703250415921276668285372220556055902358329798592487354630566449981231178820417428189016384907938578137999344761429247989436893729476809491825417859322667845139694116166799583460510341944378576
150 2594697269850704791594446290952141586303049803107481809572732128722230044458942347863402054237760232736691323935903964230286421864985242085898877693294408740804324923013189928098530947724722761030669048686185554331054241360631408282222349454027103066653874705937665607111738825517491995220825005187676045839729096191003750093792537935729242142797104
151 551661227287590196094155276007358187084519857258155089601011201187577798706050405689799230464432034944965655540617227045011040742194828906371777027821966013134834357565461251626039180376975294608374963145573488607089055106573231143163155973915919283715660874743625479440706373384188922105870542397677966536603518079740394112320017630547698335826862288
152 117289254985018338478605319991172777813503397936410355466351942713527461198072486280673608850625714861753409075187848657536470657751924370813622072998082273883475574980462308122006312113689707834580163066903906826306690911121974812884675288244328789465534473756658458573672303306730055442124582136963509614397859629276572693500784433417898345186604880176
153 24936987873119123397779507564055959507328967130523392055937313165028428031902841673144826948546727345961023118024204987919142627247744809724969273947750447338896383410169397080799061020833817404728952322709486336362063164915356406652792827807920875717878147678672433207251018493720292076926304040332896707596099461718888307080318017725541164088385328692432
154 5301878371241433571781088938070599558439826342473371204844633315629100354427488927298664511222460992702237016621020622201488619335315540205013082755063286910316371815540540971131144821521082029894593443622406347249007753341193793788341488808061208334486162419147632945539426155633632699261090574438987088469694800313367619935775519706280115037966758787495216
155 1127237756478955324786913195680409352684709176775982754794340306708209103064943183216119949030163677765580596429208218888000862602015226550005156425945196658378225539866584622710914379128919543354472490873286791109072579404093054881165910370163996779135117169836723084338859373466713311165181024078510632492456969529782358430490556304855147858405303819892037840
156 239663166647518299501824601778471151638678687688557060240594888441463796448658016632204343179662871588887457699018959912174528974056079568735830644485338328910563350625210335662946852621018199155857009122067895437126777728018753608555385316078394052958223964598541417699024682507462424185352114249773781476738309264625608705516730603413115428931402005937722317104
157 50955029777330262690241997827200651267204743018896832936705784815006194234392819345550761376369032824021695785122424065462519995811944296082264077943103476452124635506319794218839972848770722981668319861500255556970870282494846117099511707038841277868153123706186946685311474817370800349489630569564961375400534618588850843698189567309939578911790789894008867157200
158 10833600740272533290898595558187601433883476180203617601927291596280855191493659904662562425129393039466521308690445580457804342461644784727078529965480247487516634299332007974917895457109056050682282234953944031936862102549828689382100063791542338462523131966183825677563259920031015154313161613517840705836001454643432282874378833983037588935272186855253518168390960
159 2303342879250946082871335851883295252201064974337689973570156824184043540378124580046594936168717506029520852858683892019678474337463288596075467281418116730852792800868958038038274010199731892800213752009864733945968323955025173903031750921469932585353311163682225962427787568778783380263688577366594106845213312156831885451458725042390745341774376405791899481204052176
160 489716073777200548177097088660133618079958841669322217110444962840034624400854102345496061007002733654306002803149966592520843684922424459919707922023718717539540056189471691982987506211242436643100701104028526974096430313924729247386515238492976113536652671491320457908647799326931801681742198064065641091480196835542761838083332411339732710080915138456194306399628337456
161 104119032852697684238602180125265941772302971413592303112548586787798209177590618423692236813342221623002443184138241873997972903431349463007613249088840039776583938988703777464710003869860299882771075478758286688800919980220955898885032232398888673299729229975125013974246594484502246734723790192879157908779942710961812204011557555516027655679061059025136413542003398159568
162 22136853541616072223063522584546747395621592409108937964822978635816584608124095287531546872698773307325453953495354564257190700530141623595544033407440402407318429974210711708729558418738435119909090041164662577283120328883054540917272717905954731107077623439642785697038012123687861538538618490842230804412735421519433991555260100255467580769033567246903458863857799055263024
163 4706538961193042659468700198288617975656821418669708592819127813147177614683723694490791798692344127865951801802422688732864503747726495288405899842298325193664901336331929293134543538462836658730960614398710842570770327389496599152932312483986187657694374681761815636257941394767072339748958806138431518911512864282020929149095203722769861408979186392757464799166844110694090960
164 1000662038603835971876989429662812686702071433043847955311065221241480289456370135929534256496624269906199023134677607588514592472438386118583686844085359525160609018731021517762030485186416557447353497032587222118078035510902424392990355293316340358780055339510661245330102545043837834799886381087777234213094956386352651997607140666475358810066364157889772865948339330893311371568
165 212751774448067666700604138109980672673082209635986452106159319582659853416007681574313739033323661514456757136621039339438548865941839213997220733088698155456679456255164707066965267284166415939673381179942381012769942353039430761852164270685419441652368888796553774187497794873661948067712725070502861068030105143698597141527973967564413949985607046339974756965018357559618344838352
166 45233371292823962819381059640911128235961876326017008223935184261574840826253328851364324111227287440065930014072542550483868246143040587785537712310709865566646314073511611576238600988496608921787882514743007252136420349197143772673079291613561729116367284026729129870068533969100338432029124397275585231362003381734261621667275799068083781883313032987389966003902849523714792333184304
167 9617113106682501982039337627901274550505358510547355605224833538428350535117643757681087977638795592899472645577994241503970887428212654651185613652999546864113399821727156535916810951368470834809084178774978905904646313046923042561250491416848151099353136983378793555965297503804776332542410106412275091887992371578801273503993553772615661888507980588111971171937718454937639255085629648
168 2044704205397072363484127212773454788768874345833141811170870355381189774324844338737915163499729338033387998298232426853452506354077000780267233294599605234958962588027050357372378639990980467922986398733186120027666444642636728865069883271412260810938700367108187317621769803430118441977158951880085448111786852319843803091775358842484853258555661368820313880584286351952681419984773394736
169 434726642100466868824341639315729846639917395098415820768811384848404966742883157451614377494361591037825962421231729833895164433447543612098629559241375237100699386076104293463805877609689233655098593602626508042137984052400613965349814310213566369022979913597108041902363085524180008311704918867970837877485239056310689635461720287536593593934582857013177676602450466498980833701201219656912
170 92427673818593696367013469662272229474474501583112038688721053299002388569338210272112397448148951994424096422030998354182925813652483312290924201665549155901776550316166018899800863613762875047980893506502895297362750049911000090938972616363082437929281811635356892315786697814052856513512473619401324123002711765916542141722404101235226253935186910303012641641347682392903336230980937577289008
171 19651141798532931782260339492237115867918984051833964836072797573760842939951778699264537280268906837914803823362480101438576684234256683609401683676568728058785626661039849559548134701937276997057025574748408436457477269616206710754427010487486534559607309630183579840508149049038893097049938255669503812505985203179393336271898709591975305397174009583855393701996803797921095018090334580185561296
172 4178049257671166549952032955293659477144076042951159229681194068383842201875106303314314137816631441599850356828804215088148223913920696034103325705525892468869324881120241054801839410500371186022653141037898301233522407905302383052495610675106553455435096786797924859268362127626404966960056796724854927410101580564302813148231113868895708429301222225383542488227911801797617065335528930231418255664
173 888299304869388380178767364574071840439281368231035503388555184985348821388921248416381031849721468111881804428580601270891664497887095135053872478172411708362043673450865223794155220076775719138178072538353996537312107965423511042503601646975080636330172484963961486121544996615832834728230462671290457558137794773265987571690884264525725879874655932709976832353353513125029649335558945777887074800848
174 188862219271983226086639628062360938660803150369336023669075224952108124750059047954933387750254502994029342241306614583849057743513444596032397236419757740362092640823596983062112461907870988762278117843220843826763631056309116154597870524193439366992652119746180741847838671032497625363059696605571095085036967957227658606612749148409646687074744540996000649818047474772433184538850373595177832289508656
175 40154188653320263394324379877203309689523029681762315720858448463362774264680219716925400452423413007168144766139360854238825164165831545358933374227299368878904743755882095186466514867070942267512178751870778891846234740447310517562173653994433393722480499240986877332717783113613472950833533452767989357066740349809942272972647035414736059850972113445072766976051890284169324865270257187326179533668659408
176 8537222916376156510694328077098469984435762685882683975636838098314070595173377534906128362590987098207860796351205927862189496038260384432363466025096654730588431218053165594564590723086704966948675332563557233774953308178629381342372288775416030816558706214934868124074591585258214299001580033328324290781696718733715185010799472559953971358266098820208912072400142726531389865800941730881260850544334586160
177 1815107652981342745307691218978093076098965922102170628088898439163465181905363534434387724253776590220685504377005907542263462966743459914404232645115217179901521827027067267849135854886747967332805501202344925511096610449448808866040713781106214926331603288695135317046652566905948102029300851560167233529897061395181419939786400727517677846078311491615150818414136463864887424046680439203357990815640604576976
178 385911885420220798319523327244717818584230944383509867199356426932875270733921925051802944869546840375822435291509118845837753188624706684904919717345860711423758220372024305075458141039334819062315199457149171500544920312537500352638338169653932979368469892712105019407704236234087981116831225365298510408394747459029025593908037061608046235575660844878363615064749386224711021508426400716905006048993094697805104
179 82049118719748154394015713995014627922011665631005282657602148189630562883921228112570425883679689494613706853613006560448460490337720331039342192375400046215905622513038624336067468868033894831212293245576957534424525211456052213567448155442710023508215810426162563306589401595781611827312186372155385484940329871779339813420350140165087728503216040259729867659658618298937885282324859035514727312060891070694975696
180 17444546636226986646326204116042854756527760479172615064153841459749642255549275321412147079972389705599907292940159953064484986640888524289831937040383904716885273569886035734187353729915238549962380962345428853984598025495721025409030568157298575433778818327235134708689295686584235366260279844309223777378037787043766514230632675828741451222820343626611702351234414889466831957074674012402655592473534024860076935472
181 3708902814458314094711936626569592727988983312117375072539433909322472968833360654557413387549313100887465058465393892784249733418293891314981555484507620723694655910090027093216697289067697029648781827933851599979240998534580119505800902359964594157876793856929475051527796058530725717353368076721868731029080194397346960348514526810113610133246919635416810031549261240258117550062135733844201661331224714746034248926416
182 788553602105650751276169234367486980820448826639949949530825559399677750769440933081202216831661927629704353620343902092398299440491327465190491319674382570321136521579688560325297215134624272609458551658822468706236557098329366638264550644887182310964332886619354966028143376336572153404132822751324657314256898085374477346036300238480796549704492997185273439141849545930477018899031162915166192709270454017562121962532144
183 167655183891523298115682039434245077100025786625002871408449375688497604300287706100148835133224199300797832472666014291911290421379501106687476660584653166366606566290569423872619299865314954462232644217980679571775735801939284249499364581115498983194164668435753081463725201217242875484727144142930367841495428157699462185579242787500800791101463769796808871949996583634777668763084770477150795634979501996548144857188540624
184 35645339277690010867933810813918632950393154311431713731642255635150923813897787172177476191162985721157294246223111599554091024034905073539810735794307618578155298633548497000188009337779149207254424080137429109104581320118035443373923912742543278386790498736156892134132914167021727129425262141800838339749496903654178725445415821036441495640237810548803182419741545767009836946150460909027591601408489418709121033977486004528
185 7578591861756752334033509066442902972590132467068822813899714505855704725663279964221751658510120405419553966556102543994210723093692062061032261998253339970262463958925798546846426206920213536304761924168386025455321169231369105546710436276888240507126096051291399831289667454375259667719625627286184949660207310586151274977177370152735332757421668003874676680199860419076527973689921776842880125866382584305825481084375233363152
186 1611292128815101147403570515882083974619565487241954409341402777562908430124577501925546607390457027322926238683177267541869532788306446244360107275633033339330846767485964805259033511557667744730029979254487711359694661174423518842829657412477798032226907623984820052603694176582130021469589271041263653273327173046891838309837654572493558193697469260944993735125274890686400427068054123244238147825388068434516073989932185502840112
187 342578459394655275868557874259342050715312570338754147797318611284081785428859904408351905975275966999622229163139123617423841738366503600406996448903153319491360694165164302087624547861256092908633467273788309053043813205274365738855504523530828902039643178792938425047446101283969190288191004649623547510128474854678244980169664543557027342316219292931355582908748897778795305906478942229526090162590836233047971619781517762548717776
188 72835954910000530470485557382525425311868456514138175387779844782265057209286277024694332242728063440266923746986179881334850121377019003253667130786739095349533839778606540491571940100353699277086687660224843691365752073598303494209387030479174610385533734708712025680861427215403577042440572723459753574130627925803732304539702462350939100375781635474797007356304486420449318695033348486502879735574325189550463431886264038146106693936
189 15485726501969310096315771206698316969131383747994805310722448666962394278036585798714435655734928446623775082761436733297668185843105802981050688690289346952703160758389070523407832639125875377742734458868521168498864072446052547204560891918626045921438912859143136018663674383375871673389984530963677737491517406903931787918086691472817676410184938504690984393893659704589735710620805306353345390857384953271282267704812297664002913350864
190 3292436072131025741970130413382121540034280300902265961201722586142685502661911307951433202789938406849931006828544965513534675888261943105633430645901699166159106930687824097420986484824228313765093836799892877001331183561394581472100364953855873831075155677888374701445030247197606676080874124295039881645327318136438753634401299090451938685007195897168494093787872179565062251224007183070365843427360011523564832021361559775809484873973040
191 700008184161785613215481821255315082651320266242110052762206892606944121435623555054448183647827083768922423600652580609875451040013222149249416193716520049314535534188702673868921664898666097348409079785138928500955687619979524405356248701705657002457875682252920984031827559287983084807924854849553552032166262797828807669436477109784227007576873839968649503037067634837201491284365918442995836032057461778980833577060685562311191023288422608
192 148829452465669581935756301338795860950584552197898135835277830006423650449111205388301139002188516633894140784039063996564805019425827078408476189249561715891643807949000093799663985313187509665990860770793440130549629932702942277742617514956665821071122043006884919987559609860014397436561990280004440821620070562012591292358835038980751480786228951488856808757123122407585041588531494236125743893069666916901881879221431554635152121405733658928
193 31642781359412870544250022468052468322220095600642074705166730922432971465711569951545503724474462324769455092566843177840532160364008301719377435992462548097041149499813447783118281109266136508802075604407393363949111114292414765670402220055432949895481093967799549432498608071258034149966634707477558096013378240431897607933216571789314719672852040956793364886216651417852072444426078496304041364396236439784053703803974881929834848128791695191248
194 6727603949161662660481109025058936403894785893332205849841998246288394059064024163890172037463148829342992177994428294929564334154246541519834563900503723548567460463962765302668682707398988842016803402563752941302969514109951682134553586953720592889960848995036407344439626835339417561577790911956580515009759895276696371865350914188509683497519281208174216166800394533037666820848078993783919681202665427054858859340697086906591663590999539372655920
195 1430362722628103618575359647187789661055183800053383928669463463486305579455343984486283741696958497353544462131531153965775701031864231376842252337119197848700430525032279061632976357657693394320868627139176141443223789889343050458164974277045979512727409781593857579087501196595304996400406862761144403514729431226265548988831323274791722038893860709027897130065924459401733826363405151052542658233212816250875368367702553577349082079558739522494875856
196 304110874204928307160715109507255811925379263069093589524069923709834077583099385833601263690001126601703101210831718279662086914098640142366822472301559091864304203533561414730134113249493522050152257926294365709219631026720879993513709706162880628995929262233455466706970760955607065346428237357889642957045799812692207677555809966775588220131328779343368870441182413081836210430000748017379204248175963939602174434218257424066991644179780926673775372592
197 64657322472554084799171333060871512597902769837502755493129543617504385508956783120836563195045604324663742610710920899701495677479451459268591882493963233610020110856385991473137649407178114085220896049345285939088430551907771570558628727163090529155799762327911334655112168876126251857313894491408647866875808615261292786720761933054927069631605679977604044323916891113266799121521240789295920020647670502918712349150235918167180750738299307300431978144976
198 13746859135667496382943755474194362351261604743513509932479727400996889909272620144182433289148408010498260352733358887018161594184751497222365934957662168079886936162312387995339856468164194517367992118000814213346716957081052769402564451552926985867244492440869903797011355153479864202395022537393244691455342034395371027130165516600835184992384898328581750613079368248618403524666017448631381750206307565982363102802055523211080556087787662421763198192536880
199 2922733711655041195512429126457852113898095589402964403356820817326453533163285563430673753486513127021992054075882966936801747007838821370402473627848021161690586460787426431783070292099096918494859927951951830574233335061661153647845377765816926965684394376042567391034469901287343432841466570227553179838326408608474460728470294350344735268197382032165070112450872309239448087791292068262579873973504865019313066038493685474720060974222407527449005642289578192
200 621405389037622348513324306025088591185645579895791109180406054887697987972578330218632008299753258243994531876277078858044058352078374047494697309019931539245320465763113406628715204576173789423568507592753044153101788059153822855529301754195590747413686351199089273535968430898124349848909342264665452521117445894671355302177382641347428221223287267965991084039191546737497764153393318414334535996616648312160278033341637332049351059555725316720929307266325115184
201 132117632196584428927854899999659351923291683103143523974196166518459576203120243317174886389127249679466997932606279954294113077363352481479982353090990980158562098374126332993068724395699913009824224428365216572771068487845938917067783948144154696213605647978606404755194082623200240079876515753576658606542416150028511636232811873460570517898570752012042734513892309422102754608307785837903464569812949315594323934702751251510841908002826055213055426017662853012688
202 28089664243602437404821635806536335830785662836991100607100783674647557765870463671529953342336960650894626668310654516959989147291628007414060965569266670985601081023149048572880888967686743859388245772979375399645753497826192081441060711169617267196640613942773549544124455866477992369717134486998390613132162972427923021556766242186859233669395114422545673118039612049207335044609210163903255217257981983635318434797460243288837386211557973428583319707660832862672176
203 5972172102995921464750227374307700055073653684338170435167115752375532792947848267532087010426726018942839485705060442584217484664636739481846039135482208171476364160760421928814933431843797776096118636660817249861833483223450950188286376541803385358797357363560673944014022063223322877418741316689099009140529411694743103488284197458311955345289873858859533043642646175667670573275791625640601631866650167070324071486998935935595745380972666526590698536030953629610064080
204 1269749588976522909340211617845830415026322796609639976922476790074743296185786099826226620317499603431428805812567169134703449586474011205080629011607510818660474086754113965345725621678350689085938520103774093330947121096740702803253398024596273765936727821264159358890063311462178094975832375898119126457784226887065929750405687266186081780793154428316268928550529910495827131932294070206853101319208822477637722567784045891311605833670325080857922922515785808923470903600
205 269962752395776013216804464129231877315794398617677173874472006149277439718841120105885254828117409112030520791702225964917227954380597615226617120561187997071510283725089975824307987420046475153005375803365782903155843766228865392539769438511145300554559567972189527175334194177092303889632597539809755728630081074046263828166458195338464306977292712679024834922035516157621988944997625479112587602352473377697025671954640007349662013309145232321291526612244962566565916120272
206 57397055540571301921770786038328668403397019857177798481905421297274369780602499955825119664630708490412180875529366332760925383381723951015545186980725947550717946012066806894983079528927018405676076991232251413352654913399248424871214093141291492049846030927283178640761669576783732037282494066601699729516589986006124164452583593908746853790704101290612831638114316246730767361817631102416115387185612888458135777338628698818215618626348249474072759761108542473017919519055152
207 12203246394145791570871722499333006155266778049741712925552972902121888946797590303648406751074313727974930509252784396684450751366735031596376514642153389116333142650767451008776454425488210467110163409066270865345416919491673381139363379320115924911731531655163003691024698416661049049356739927490977690263792282655942198504351702106293458127331899968748471307635605887998137106363882215681670841377867439446912383504506541929162116020080135617904051747927383124483956732789027024
208 2594544635673309241371110511085037753120634133896121131392014746207042108390357804809142572527597764607051946674270171676797097568314640528334802361170780412973301541954595826444899164223987222579676938743934583544922170760872311871387455409547421531359589280093087762562863247175884180806178388915488445265263373368329580429053550168127048628934521122059974432159499695845339524821208140129561271423050403628632102599829231134668303013486209977224671793951270740671319494561800519984
209 551628775579791194988322083864447183441542488940273411422076298576153524673295702852891182981290302850117563794996376236657403779609237441660444797723106913012808819274352547415551278594381340231238839173401200848056059475081372517235220627079043507707177687232306685236537088259080362160792598860432101476926880820152573285451274610217988057102055335812833670931859058221263835708079756573999044685456447257726346881771174875238531986713829675331993734047329805396491103728427963043024
210 117282355394395573731854058616473052578083941019515617915469372373075999417520515349429954406453073139369890852842748200065931856439988843318372387617565148173358454042302625719319698482715317071809436689842414382600306282183114149157821854883364841523895801545703892824440908003635377017213475773466009651946540362497472221961958778400098515543903325326368785869854777768583772984439213395749657071486965315963962999310948500262923399496608769366935469176508039667164325917241162456573232
