1 13800
2 773288
3 43689232
4 2473041560
5 140051200968
6 7932164084608
7 449271828443912
8 25446613122575176
9 1441290961315589072
10 81634469371271854648
11 4623762824135968860328
12 261889170973575575061248
13 14833360020804087218389352
14 840159099923926537763664296
15 47586474863106761991590421392
16 2695290202313761917843606844504
17 152660799019889545442992162067976
18 8646682846168372457510647856273024
19 489746711156912632196047501482687560
20 27739174126828638430287588761717400712
21 1571142314403956627503456795451301865040
22 88989245347553719960908806930215522497528
23 5040336394053258642949787405282130631366632
24 285483834209370258698963680049282563259531776
25 16169757973106863353715413722133757407819608488
26 915852463705881372778457027657487350407071205864
27 51873734700988124101537226753526536559833222901776
28 2938119903002909185687315742385203528971327567467288
29 166414633806140552996420847223704795634161915950519368
30 9425697813260562901236144556655166163662612827309448576
31 533869992289264049133096629201101292877201922379230558088
32 30238309599312832720113021976207962995608623766223236599752
33 1712692941408990282787212000542184747248083988292176519228624
34 97006649856473419316814221895319033733073066846459890787484600
35 5494440882458954172985941855346059548747786382870048821767362856
36 311204238632118636518992977831367871614762404440375443873208656128
37 17626557499560127123922858539088197084400848076937125755515628702696
38 998365352126772822998384154146523538179502180097201743632741103037480
39 56547251291245536412284190191858325200564665572108244898899269166160016
40 3202827123140425799870739657916917752566968417958011215706375975156428760
41 181407607734809605973875472533022684509389331607703637442397655759782001800
42 10274897419939107119840554288354822498237096492010326999844787394006462145664
43 581968520000571207218952045520292793017016740784393629696644223650432610104520
44 32962602391962608716423687374108555387408167010420170399364855857513864788213000
45 1866996442435671008100952514234110525463431182532364466701119424468568719250095952
46 105746375077393064132603277639763886601553599273260014703486832509590303823428688248
47 5989457498601523303774342808010343602114501235044919932392715045358248470239145081960
48 339241899320889689672861208775145317342600730902199793847951799810892362168727046496256
49 19214606044323018448899060031186974624705315807033184560880364010741227292323780096024616
50 1088312163614278441377894615610794549508651433280804306785359526780789045343238065371146344
51 61641824075843150886385188141989877370377444098945270381615090552438093116851090138752646416
52 3491382897695791973051921758363113113534055668499055278041557142609092161183467213805333150360
53 197751359909865398710769350964704019781184599886198783057836584066211779004663299295440637927112
54 11200604886966033922930374061767193915050562291138477449951205387799876395495858044253494702631808
55 634400440488039284849754404779935000220963048013388785047646001171193170247431476352240342429680648
56 35932337847196015895559292839005802383866481784129969957600862498074770345374171470596542676786117704
57 2035201775982022955247413484056319069803840852353855142534346704988986267780197585275465074237397204432
58 115273497832916691357774004814575798306188082184987059779553842204329065990347333985030117982568940758328
59 6529072183137099700300140397342094816032145450777022458678978907246380029827024648314259269523606779564456
60 369805587355412726850689085867402801627925363269537991658164286280010328506583066041643529412032134126567168
61 20945728367422177143535488221493273660382596363969584113206221581404470349070408360790601121335230596420714088
62 1186362650654560601672927184843866518445755126750563767851963017885612497496186741284737451712261353355707092648
63 67195387726749786296977399815727135089965685543041366556585495522475899541923144449458947843065784893533007576464
64 3805935840324221400074807158864589738646131179520915529911426373345230624335940319517103228250755357322205487031128
65 215567587459548959433812063273886693745641632605944714133282899479197847678686185644100650202281651043335832275127048
66 12209713119906834665913026990382161729125442744330596223433859386794231922082407359083826582017981755080233728051884672
67 691556166802670447630626001334222462488991138950096112194565207940855912481180649731458740449326154078578424414002296136
68 39169628896772326691357134578906846375198384149564905741967858396828732247846316308951981002602470893312011066147873250696
69 2218561414909122500093976658009985723036270953433663435791505447710659101773976369915501838216343470842798251099969180797008
70 125658957982345185305378539941242860994762857997916722791889609181748633502357750015418114970400917651296602233634395419842296
71 7117302958167419252085590800778255268254121324782902289031988111113250216084830502376032432257101341787815904855674399033469160
72 403122882854525633072463643528818158032973744593903106666883347698709322902785461989934837720067827795318048449684377108449934848
73 22832814569802515899312776919222799610071934030216442467638302316688388547509808423715249192907157148311923918808463807345866389160
74 1293246906470254441489407928267389241534455126506270730188565045633350642524332251407562857729763401884956789320580936703600965185256
75 73249294605441566911920924805879327960988151492659342402863147176409768916974252574907021450205012667575020662143497786031085498333712
76 4148828142059182451957745474685475830077883139593721363871988723542567943012396345820928588875886347766164146690008652777680879052937752
77 234988951703345682514426661719959095651420424353815057921201003553881994295493502771326874248209497779199797420452699133872942686475325768
78 13309736034337193553041860751199002091883528237343558121092234020610003980279721345273136765745470251358126006860060486305165558978804595072
79 753861285901518335086377934681846249369536501416346949569949103828885353868390187706994984807927284365491086224174056190303255837432112109704
80 42698580716773145341069864972067715353394253613042725578373006702811236771395568464129388156246189635188752532080037832268959460712722695942344
81 2418440672472685583801513247098924505311186631415720091574330000402834402891198071417932954109206101406128626422028874709976096441122004341702352
82 136980086646593121160466812690865333021934888473863524870839736523077800144329326663922633763291085685269136456103585485613681783438395953485307576
83 7758529845813316645880184651377768352794357873796172263625938274834566701868491787805584985650932471927046923778769179963230811167161259904139252264
84 439441869559316213012933141398996796730491676145665177129453072704815156375602244340929219425982103855322527251607341589371728448721762353362073591040
85 24889916074240957214736936988589437428141754529397961226920476692203086246178967730179739760537083423918677420974435183339580490186306431608107503196392
86 1409760801363823415077503213837575875904712745366145012083515003700360967107023243340339646504520803394013785671933033303997152329127449042043017567508776
87 79848622676506075772800484943394997959064711587062664081597041764692774235415575935477813478905352373472278449626823123892986356656846407539660285654536848
88 4522613011488895694524305939574136135248049577032162439350520318219846558348030371070279889123412182535945627865337045045094784707489518679600610232316841688
89 256160065960747790820821162894167959447312719552330844847485667884167653117555066571974379798267421726106826838877123079855596836814412325764023723456077185416
90 14508864505170755947431142101275461016937174443458156662121365129601815248160069269151103994853846545664709773886544852775925341623470636254640496205422575861888
91 821779727608520036068893265001353426280217349970515490185993525341657647878772054523215210181193633381381454129815190167599947052321380716841356032125769932422600
92 46545470217028915022885891618011857965432119848695744974976508183306170053817732782578991738654721199633035046427736688340790928032850843187363731979059382555215368
93 2636327868575014657288354713861225780224304718735760803808039041189427134781999328884506229245397467298216062170762122500693004600439012800292597089828415402857906512
94 149321182023046832075590861936380096033880280370214721766826147988019268120374916898508017518274534588487106941242390688200905304013582809027139344273696686885091568760
95 8457527482274705502437759343525483086693812731210433015731434405514807540440009685343823317814671069407717830410696583228002312399347767183100762951357750498769817918824
96 479032982088179065578704100236082556019811993940263528236608835262438412810584754269492795014242395935537575280664623062879770345310515971588092371302750118768355046349824
97 27132350253572640955839458637566551593739481252283463503495055093894414283862218195259967991214159546916284630543499631508736440715156442529199510991233604294763798356079912
98 1536771908843287627836079088861428703057315136793904561099223436359978186126832842328381612741262940809081813640249715950076431574829467406850624945058983875300327442449472872
99 87042511162440500268788038060823934270297561108153686194018609350688269145291042704664636202617088220378400229225327463089658031983804883012690617461327391498308433599943337744
100 4930073686189550613184443583915206240605794190789642570971893397997967740610153550452454280181483156224569716752300139326005198663744496151103438429503265563029373266420108472728
101 279238572355742014251847705883620372104884814440465995593948831879846116795899122017493622104918804759069916777008562583970396011460792563296122753269966320850655681419097176353736
102 15816027356690309428192388610995633850556664359126515762818384993631354610659135701152837574744922305211495975718326414564173261867294850537656740143045166358348874073606057877079936
103 895817219079950152517888514051633398191030141754586238139035708322392584621434360629984781804824243535893913526874877910770384806506685463250445243988727241780899131577795915555992840
104 50738941701480820184524555235303969806839799073427989644351098863024713024893139235981232660773864030131485440338086911944772520916044792143575310793377491463445077211626036530768440648
105 2873845411936098327025590388310675305250745146501274831782118601961054785626048296726540660520762641659223974948469138625380494945767601432750613667643943188144608326176442921131927777232
106 162774137077934431117770995989865594717261786308904733238483343192128786412054223515459146096251481378905059354961102745513026466814766624237804713402255584236322833287104074980337943670840
107 9219500670224404561135818031995137042292384426288978493523133656982444008608170728748450380552083276606179775706785936732555834298026187046096919727957312203096287209326695082590133433670312
108 522191019618623963920936444052052041793639129338288003794753380168425318851455197850129826849419185660078507342189588482538533981288475252029198325178196175291403409042619526089505798465239808
109 29576814485301289695954015418686866597735858691981985155325927236768745572144637005525335704730605437145640266984880892097888645307978762899804866842277817561162861573495899323285185202776824680
110 1675225965656818902077170466939045905528722722160386776192669135577017231660206808668123639643017147628823902515553365395234208801404567361486770516555153326871078516315604432843244464599628647336
111 94884526438961219100158023896930215911873640693161934242272692919622378391838080627347045526867689500613958232944069360139255530597430511289776237273808995997013814739831936898869535815460847294352
112 5374244156976175724096117868321467089640310416419950059443918030936381328562968483593417689504082898409542574761955732885217591612087510106029660752624880554552248859210029171174903418537607283798616
113 304396315635010790875609679708170731981546718086124559162549315835450473069025099504956827757982092338593004578737477496809789457231445646537256002114112323469671817616244857846156313925136818627403784
114 17240957847419932208224245463542666551102688640023349022303861677067785410719524623507505346857887334541788320837326481234035331844041481300149381452160429625422734980364268937932484518672603658929098368
115 976525050496774239151215545538375570402415818639835196771719674178156150156551652222547600195801425058608077993627730567071605850744681694051177932866742293478141266899812090081002543719567482089380843080
116 55310220156383689278609411771388833619412571049503106402386853930447379096549281840547999355655665968364070770076332580045250746694242780648758082153293142151719349063665420790413147716422242371072284849800
117 3132761880702760406966384638549228286310029856357596565256945794544075601156558434919666867572537127651100802090854044609015852552653786795471795413191194245389672912177705868601187609660795064454758660188752
118 177439123790064686549336407053421298433690391220119288853367909687030271356014328649104684482718425248654039822564230524353916443010415515154587615249389103171266038578401182124484766436079410066931024671545848
119 10050123134262305052522552690686931960016462375054540741615553393418065608372827424868416363619401489140027385314130854663617125616358025121883890159811216848650164217538449484962171421885476998143825343140649448
120 569237340989901402565817523783829498004299586821300694652380226199451503338434749482416661171723493408045028361599036820137101339742965464029275018736303695682994420127440565490945013371780805495761943856330832384
121 32241510481855174093753110087887316978981335615281389947885480500342888043821695193282544497778488378091997396020890869665696925467351751422169722502413163879072906781329863017888695212155854492151671231026810641320
122 1826153913838232642584284604569531965092534408757675143057376550438169860999405675523766943200444539443765777841822206736661959726428002149727303320807293365287284984909977220667497160077795752830016242481964139639784
123 103433060895315996225351145091492844475774294281488922405602154454538559299689954433667124920244913652191423789692257498169215982476784488373347838795859189290927192624286581614579501780208575691923162552805968690627600
124 5858431759285898909703703358835861721137809260913196397098473576968563998850688417441608068885054356757275670155797970386097693264045847558474805327214706646287144782954905821531292431797916531574918161376911822690713880
125 331820622740208606119346769071850243027424924375579401297269407163132032294034433849150476174336512116976887828387520490181133660744281997302143795267756753042544596725356939750426035566561154368793787940235860439854935624
126 18794266144890770337801691459560422863888030648023635964347395279808259278809226215634618817221067445934359314960280486156002205699800015867091701755034846917426530294039857159750282748461622196654888779454238266486944355712
127 1064504180023603906802859855598164046724782270867633097197341429000196413842750752961120518451017989403857094044674151605864637317404033892319937310234601610108223357982404130914761806481946940052123318266268417334148579039624
128 60293343754514078500276485132229045486207874124285465677547184178736909474665426056390970825252099688038193821994293747568928624147950399225284266359456348333741032020765533059731567284911810306690252398950963980435534832562632
129 3415005191449219458878438717065930220419171099186539842914778738459577516286069571207202890700816640186333551062722080221436828741252124085394580977310358850347605939226426972516068923202602374344914890358555018511302784446189776
130 193425339040878503023226956685340613979991432772299423088109571650666859703995320943924368935280389831861433022821461764463529482651830147053862577906343353185065364568185723255316970772123642246588440263685515374742666505306315192
131 10955579768006665380423992612407703444696267807732589656024781961880848051100226602760908275799150565035382988423190191613081844898865285277504605828227086238676246890841576630502455063731131503646282596318415047652369846882069310248
132 620522257571387578417151924663076994566838898095869209604676802522670255231768646860129258631402529893992152178956231143223470363463694131163701439267761820292203819165550105659424841706974829345431757957497380250291498191301325904128
133 35146279822263551936864641734860610535943990947164034757418528295423758286102809476970127809560926684346754748914750810993078058812493262875656869952469916860747151901532500923992119104698834163693672914456654103738628884952319126504936
134 1990679577199114888324041073560558454032539821920407139909802105173548165610562462822855347772250095741785089870370032260136874562338952859063152216981911565832926142701495168442174638482693086753920467740372419263086494618970606230758952
135 112751767729550482197723513794011055503366527379292426580363679635487822501307878402986833549195982774952364179336730914162395330759182076755829304978462186659222476073525309714189649098439611142191038119510981987454077189640142874827558032
136 6386241799911179616444624629934277214442267933563699246424999463663681710156010047307417657791952070021155590059400200099979082538133283361824098166024222534364587569701966818982444453859353991297200545101572152497301257073267316010928754136
137 361715697662129955442811522220990067302221592757122078143522968607057252283926620080163866203972057119526422583512550886309056564667954680524799746846832829642035740304987671763409227570664719120767905908579010112548270806279831782400981100168
138 20487518329954420978819098239030200016757233207035730023555100627101127871336651623335093689584242306985496848953476656757029187322689720341402589509795167189148599454699601527806853900134093499151286266086681222257853346901650242703722627783808
139 1160409708600167158864972143972447820497186048839764744240835906114668103437026582244470422385382836947309425997031502115260439683840911139074095141246689725188704755698925503231109457281021832273543590600182670202212088198828607168054287330387656
140 65725417306631913563106843881430938321947336045784202174114127294970996429078139801734682142017877707468765117294627909111195316491227906441118917787344939809808319387132823604072938550308658993743957087796974561766302235570457320240307904319958792
141 3722676954626685535863365940502309501286035048893258899041963060087206559672021184232702023814613877190190868065668329119491795260667558682947934539054512226232464560477097763123917998325125708559487617349106790917045508572727538978219545296408232784
142 210851817704781049602830765451778776034191287518486339709686059880627990843385471087961236442005498033466396052169488045647057764485401488974573153844097244243944997759204977506524712885392303203761633463785804021181323269317796642207582373060417724280
143 11942612687398380326114494110242773606437990113382293880999275209600525923035965711319182232933846069862938315555211587620984777379710920248350670405116215393961598359289362868263361566101563183586322170837469704459644849129452312744556010485898751778408
144 676427641714253667234139915249865645539241764147466225698324796313430933329054095204479793806737160852124697964505713625092151542057068076235448867374142177608294342965062061325203478169231987007633421186651546076419881820418910305971299529050732286580736
145 38312751694435293328152629494384674442063210836943250159785342437555035446455508891333156991031953888903676114195837909770829784975721987517413108807417475908450423973006588082665934539292052672247113787051482149763909216834315335898663116479439163874748968
146 2170028029427472733935596368878455284647030679366105286045243577689818807934842005882312793988468785382874849858237255508384676187797779309177294718347929038632583802212220191876342145056517658069338838364124498292845667422736698576100113825530947228536861288
147 122910034916255800051689371509548312436596260674214358580720036840877214023504926458616835756817878080917630668897511032350870721587901156297186040471615658087272340271711124878468074451735411800655396508892127546517632585424996452786113012595180356419877540112
148 6961604402456003413737207749071946439888918355496202761162704825345478640364925582115513505802981213616857562447398774275597060504968752224282059637432063103896853944502819303406136377675582005626433228014787158237401210491700259675802818346294400809267725125784
149 394304141962985310792590578710631498808914445079930530910852812632946514880990326435785441538504103922904305475646202763029522271413324391665119080087084608230632998148842981875700650059955479509447391344456981262738019683768052509218101589110750758913562691688648
150 22333322518917529573522752210267769815133554479481486962164264591847400414753944106342960656035026989122722053075092899228096204058683927197330454530509846251280957652420723802600362447690430430863667438109556981730365248464843873163696308344187595677332472884831104
151 1264955757885015502410451437371892898768643277533239936026632797632507781430224470707977851402904213315951746246893362210127536932116006360486519607774232541299352361131650373063519107640720510521889421882463761024360018362273358533306826258084728190884540805622056456
152 71646888547419302544583549840676865662926399527799677885875290707128698475663987276673456803771482630374337740814982320473512701302440288574315291913839409198797139830811547421578954221835767972976873911625502572811898025804883464213622691151084946415616302090823892552
153 4058068123354032861689779077037304695577564987527706899469041687668052237326043257385822760395001489413489304621603237009352093557237162216995315468842151549286894997848666502353467671132841764223778264357837926988943989564200840217123126445315216577796538377707572240848
154 229848318994102236448350110700075377186093359193322789539128627418116218935041297478754772810989406334979854276481206628294109564853311921493650275225255596455304872589846793240164791366562775086288410954664388987813677995621733287848950006537283411368037021926448635861816
155 13018571433135494661097541803798012895797091007320459241583438525194487273744669571750688945854339750818582817011842995848890082136936210447929907194103905256375398545428827180875318454230632920063641650027709475841902948810669969734844164011715916394212646126950727358661544
156 737369770209197831429098110780526324125395370513741315660627766899849053566564983870268644242367161882444521202430141812566441733674567368132480195799498192385901713694113173964075708754901204226804841681097580866495776642151165490411462197257651240684924257135099573807642368
157 41764503948142706052788524926312741109281287899329734468892389798352302805682460513845178702347986806537015773005629207832181856451063353469822938672357360224047174154777888929844076791395557008453266108400037706028152939182654901194440698561471412207824241970184650868370937960
158 2365534716102564048611996130831489314284225608608916499474794627966152166191163612700815229665069422740494123639576918853556530542829810913222677088375988348935048389261263410966444646298353037202669390868941907958002435080658860817214535816659667905679523143376709920147645049000
159 133983501876006000983076432977494157705273257853149156121329370141475124803183445519367100594079883836614223944959101626824890445338163897698857006635358087390964926407688002728444155116045614052531876106927662784556231297553482382449448911313246395684015509992074370643164838687120
160 7588803771408850947471312138735835642014813670376310720142417028189311675173971475562292699595375002877956992307371059837902801995621280356972528420406241238322612183317957456590970697709397511659698406643915992448269895418820405506684498910886803833313316591538953433565723882086744
161 429828612288738117881386674538981958468282547518989253821202437309100005306233283121960443958881441562913528007449469095723985808685261634749924810214677253260136394360128801196971446612857608249201047884507002758103177131615486837287807360810657531883193739227072694952278609197618440
162 24345422744771180328425703996847683715813008937830127942653011875818853741724230624144356370143520854901507175784691109400883875963324436351994933000457218027902727468532282710467050747420136579762523866625287824054171927971724996451342877314739094976512324495893288857768835861530536576
163 1378920787673099153322780425125596296204884854213825869027199466536768021776496332158334716169399599112079296340067900100108378419393376304893516988658365821737437805755641050674785342293541497422611552015995904771927812171888248420657846870811539432924524452567735466738473876020285802312
164 78101849313147814777040389681662276553057818381980519534925191831227477782982796627345074998729953717774927770698498719017861565915606559567817090360585779972535981037647452875363989513690559566069042065457748385617268466186994450285681534188282429159828587675847918907246146691493766737800
165 4423676052071927451210751792139880018151794858080964803535502246740777950791074918605932535408263232269951012157031307553547671918088821823321066132936766967997182582567251546168741938306903065666716742064325638421029896284274929283467558553923401461405616606838710743941483156818794457402448
166 250556292658494149942159818817141297583933996159258765235510332598364093217757481716302966040975021029917187908714167353822713645319935041024143134299508990345344447990655207158108175896579054082685129743182864728410521341011358739268915148589261824311541995624919658165750060561320123840560376
167 14191467696050048232532082995449484032389709523397268145712407602243185591800433026510953364461287196565391920680112037043620464049161258035826757636045892787652214447779127299364154673665403777346245370658576000501692679268247200834307753651127670107771986758544342415555714615057556931472239336
168 803802423922895818971848206610210987843896982942250311819094761786291196518249356077912880182954824371397398348545102613508848951920861754212721684051496033675424092235560461158608645575914649564414521785674394981519935193139129801171871487395529713659595643550933856230212325261963586118680360448
169 45527238657926348068200758646325411847037667054747844644780449486086858180636432811083949922469837282467103574272306770023214948518278222747380779720806676305781128694653124477924368474049346789446471346676674047922444131689510788907476695920802717776286160467617206804892251607657775887458984599720
170 2578655398549293769571510376457291732898025493967777233352060966356214298248297021455326210099137929122317073968894567586016368136914145187461092797750399065584502412941681081888029210671825256971651280833968391895078280866374498032859207753259961922587665469025701132996127207944384997817655184693480
171 146054622693655006371636540268523368666282844658560385792122792194069696797130275082368002959174523915869788460491266089936254136113587880839789680434680155871985673738790797970386724799595138919190183141146221068362885320281194336847177949441935577445986207503840947987276013686680127216093887383293456
172 8272510092735503131595310313905597622260541383146813774525664077773589898229933539032468716020751353560694191607065637838873575227666911054108373837193554228363332784954532127232229953470600945209203746632544025098577278204679295288104560431993365258583416880561224994105832393325450623667399459693234200
173 468553627213496833752710843168584911201710628518653489340279992009358364705247371505940619280156538401660524396644949089288986520125628507066786775853522975760826126138091779366723889562209362038698905351389489039708930426824421999330118290500693813699646956155371615340508392463258839292923085708043184968
174 26538801296563614902250644590492056219831714608876594144898383221686927712808837279826201624187428968171697421071920297626789053510050106160649965214524368323789004721542840460442550066714189436579642634939603446411747611425826374315291205889310617213066993760683858676261881397672969123786732167437607989632
175 1503153392381205742955165918446075389220481032137478253331630314661286519973162460615014944162171313461853749109860988854942821408018782641825205129894979233763170506629899376633413031494073258020532277632581447317230670867412859395811353950603212251457163815360237747428919885621980234140809108132339887045256
176 85138363853671690894521038814332370627444369449796816508265502524382751995717453725869905585625899641866674573076516999999390983368295755046684564172221797449839323891645379200538168607037346851611701932393075336155451325050237757676590224689536356303222819563852795612396275339768840217048208403268661687718600
177 4822223092080765631300390883212636643675410745306776005416186695231366915166396729713226744431011453514127652575849740024649879194935079173416310166818518404537864281062105358218535817506063701260936190922341923837982818750270417885679307350330532956593747568494273073231364247592980404084210570541670922548814544
178 273129932233177764590060556108863926101698299095273720060360889009726577597994848970489674982362320593891238927814431126105420247965115582115151513462069071635692787400579147734188210651493452501302690942022238251443194573363594450681280305538424316474462400548389088645061970522772371252323164691463344952351569080
179 15470034972917597004103009245248102784361953511419834981742458679213051053288042863617515788549879252109973888840773485595930676339546854525404658658747051955640788076339422484281412395592437813183444633991355732660614163339576469052086967605299065836398073112515685715313125150508254199335888185759328479875928040488
180 876220266693357040033716477486378021746673870180966802833153548183594894497959572191003919450721733743727418856734031350250197309662772720802793088456965334261106969797798726066445992437851702122211812651257871273066346614141780243130802980559368703434277882660820427575815124953109197411518969350957163574278013719808
181 49628973503178861409761448850781703927568144572624594049124162256625500144956714452172528455637875101528148817147400399415655891000470127170678668771719245032092098060627286614790127448244977311610707222383278627025835250036611953426345391768357175990184783513699913174926471110093031699275651296986336633356970257322728
182 2810976993575059378360091367270405900281312660623635454876389855619563917759007699248751055768548877402769050836688102614843241418234837061872389193555810995348972033812479170718538809669532302483253915618972153772331493756585559653288614676234719812688210994888225371995280187817336655465935472804326405247015282042458920
183 159213280079269873710431646598735367915377429759245931351317671251565355940105108981329736403236501271191425319959643048918933804523614236416863838346547534464293212909437636517041312453302459669836583472807447746062878002928214397642118109310070018682684454623359257647597388692569451743271605289636364440608208996984211088
184 9017814308526521089567274100140741350322581296059564372636799136444571671730961238034718864749970924614038061546002071241154146746365413401522156353972021193480993653452641789799513392537202399939052125018964529841192881443867116588678379631108136507105192044148762495748610737725136772961785818801290104992960638691982486744
185 510767536869896654042547862456162270250945534402696703476474657803413615103284489354468718243920781596620663915856864458905273785563898537776174418244535772774552024494982440022397428514865186514438757399958802901361054182086446657492715580156479722698782936287447429421713296673660955241345070569215447340148685794362497117064
186 28929790278944951322234587330675185506730002932275790933602492658830926000232181924659376063067548768295023761344465706505416202480014129354192712735065952364511821871962526743629402408816009891958777111634805694850651650201713022547574875616452039308114077657265333310478035668668525816781548094009177074566568513142136887310464
187 1638578619762442665733983894121096080216705727434291358021283259993814795251054057050889565251782859532716535450062494851999430395867942596936129778090946389358099032399425432755489949317808894712278042762268154080387306800605465458607479309425162081611697141209548485766017560744444571922392354909790732617165102358771333784678344
188 92808826723389212625530647478368463511223675888952726136275506634052115039910994178093573077951871851484578895249797347377200145064303685026702576904202289043894323667513513927765854322475742019130115322869865751928621434671080066923199443155307815047787157427008564470220136614567456741897513106005927491943458499347212166307706888
189 5256676862426561989138858975037570527905233173517730115753532601205117018277062110156246187459449812231944771353029896049881777965315306274613322407269889370046420366781891944709300938910019601723006301555103518667081968035099107833789518062676022497116593700264170971049838727099183223135490930984833045568303045143514047228474459472
190 297737323178625234821879562202242088524034638650747940856510780207163530502145084293299249128784459539933747679300246163201675757424910405428292266231066448014424844347971842637602582421191792719211667529039237336224179752209794886916752609516469734763144282912847906438912238982516621858486916138676598495547635700582343443844130943608
191 16863793596902223692937131885108734531913962418382802725771069953783000663797495332900218661310683747573949400040574141730162731894358164044136352888911877899968052589194019774748287077562011190493847233845616606522948621712236839108174840308297604619528755303588666244109325712123172305848692296456883971268209114212569054814392144101224
192 955162528643761294632810388551305457591380911858141799807118852782839380649480070521924357874944572971826431368155425705360385222461403650010961964133448746698922163953790311871983646378102185001359325503589771197945892930034132272807384894189202753010187719318873581810590214755161878148368806552430515373329383932420068438276913550447616
193 54100250390442076419872972933001556908746008902017972013639585985496125244433628875607833321323486197799123125177508286082150914459005366625355269062005697866770318518659890648737537935581350539862405676336769169200842863737375772350710312491837989900705121969500925858840410734453434677130510498456924145407138927524788708001157376894451496
194 3064229389802753823150559409479786452245352672042892208677888198869589351889603500492179702620994664375420090785629559621095464457113708010485609497420601807185332420286118045181425547330456545311469257060758467278598012961519196449437833183872911304786127950393116393442022177540595692830268057827662387989205343759054842822677613650515453800
195 173557454643311704966649379091035218699919319256003323748277325158440424141803126153954784119980294873987914888414999653386602484218208828145354386370779272291988994735052875806709838681124773994077873449841137143325937959360277640585619306412264507061902637185820326633627857294258278606612774519920416682455268963565004508790217265948303096592
196 9830266024634722953768072799186172312085505131797394806132228643391907292467455492656017661092587583250699482408017539586858575730855086483309056031831052356111031475247562749323697200660104457999704037579142136706883561187763357015096613528496366359833166352452375137236357250542124888259658490444162291086686171410257253570055634305294454996888
197 556784670031525492263140349679341341760780385172509652095546714373805813209422918983463262630917152047550350507860034593123154084332476603201929157604717852149050735226152209827196055324475744957945681673689182701110018896123240611512557554496598639276736823365630990464614823933878534887555261713674290525165177061924551311360086840144307304736200
198 31536193222566850028188601611774016493039897029096707203111882508647540703430942513617231521573851749352006454274170197544365598661500090390103390458336012258076799422288021310167791591659690678597650745905835026099928690339278741698887766532239391801955203399379074740708192652570310761321901158765111742733974886357547307624614558718087998285660032
199 1786204858899510178429310715441360786349212607123114649140320665519666744821632389830608839291374691953157511378711779518757952053541226662909169351553288560130832517878757946862483123938437951335138766832966901822590751865377001227661888330933929387703745885857618907978479967543127000557856593360528926348357134278087973213164530309090843135312312072
200 101170352916062262211001147242900861856975135744668587609397953209863597308917985567754838343812918451973202988653987253266071627455335454964139553054575461213326664167588190588227097750083794936478737621008922056949469524283369764373829734835482813682468778608573614526788127196845238105718170959001807399790309808138692366211533586879885677179303636808
201 5730272347073724945278256263384817653790632930583945906873324964703182673118242387135934606861976751073701684763711024612120252957827977021673302857965578893086675517800968275946199006456323471833264103355113772697393390951194244535598088976297576845222664514447824255093356297865092133851878637565670270562707907757511141069634626559212911184250915345360
202 324561694460834695767408260528278092886117295377460696461341647029096416134256035747892796312589215307951713234872975702724140908101147625958674800821312399937735276417746082030775765092550257212264407310872447217389318870686679099696934107377811491571336761942346921568148726749056842916391664690181807760560721159877860571669138493661424560560460746171960
203 18383121626859897066053735283169279405042680273804543251698191410159666056683511064753587962229047897469442859359133599689729027684625079142116053130386599412506112416195546522509981686586007515226805422806797643443374845134717582684809779002933697603659595290038494692151275745641304857118693650071308790350233941201502846951533646451983748964096986932808872
204 1041217021341080193281800042204216245612722470749722653751398792218299953696606025703493563511828186466981150702186495142127547343375830138015545157431488028483195123349185584530620855117290402602451026897992881722101481957491874927980978411169121228818952391944676401198482916646043869396572667768897631198819344559657268581316613602900686656360729019737649920
205 58974362871338789947297889901691701006474069710690875568679579523647912098354555529551157900771845696782402288648788305043831808629265877638753638117180032454409570600818967614548850115405087648498608899018736810158559311728463416114336737000969023690018104936523759044719204095593957855567963530418601802332032533660685005054142900173595069836454511708079191400
206 3340298328585461729295239128660139215192159208528756415447659402900585014831053123422546715686212555408786813030197494102613000884447426957363869704424208074269191669734424792745492986150131865437905157056952470180613997158097565481107800499892919556720570456768699828280171274660500829400703883015898075833625590686535285562343311312255340028657215394362219357608
207 189193954469550648168878608560764675639379162593281539031524853608141446081318618444791645357873318714570415667006840923120631806462753045885478773389359459393365644733261022487891335128585477509291053397629422712078659463336578784610716547052280754303966385791998209939977310939582494981964060947396734405811538488907670401533049994074363510276393445596742408375184
208 10715914833566520185290305930009960971239128417242313803259716280639069211404905096251691167080590351553020443010763534710058135096567479093460731637032192307009986871072271363628995571173692283084921917723398473651614861162903877202623933463668836035643804305849310562684822568205088899735660963347948749158697879219112397394423767436983465991136232705351517024923736
209 606947674634773519102317575032544073401606578424386646998018950957315162317620564835361588251102332267093937258629086902860636739853896309696567094411544523161291446766212718998327638896052346941142152917176410864978292442157847868571569567525081381350480517413484460550931026453665248401703255676511179877833499894254687392270699988790736101859771895760861820569414152
210 34377417650859692798144749320878139598381482274408445240115718358133603962795521436643427774845462745381092119038776348675832245389924846116486104811152534367944204353687127217275964637084551972520470740344947632981189225341085499089756427905971660989010521765687359966590117977930962860514334675928933164950927121206785774407189678449383025654530363497648577475763177088
