1 14832
2 1845126
3 228881560
4 28414622976
5 3526904366260
6 437792367422004
7 54342179402121844
8 6745399989408922240
9 837293938546572140624
10 103931774917513439888384
11 12900861490983323374922924
12 1601360442803299418791408440
13 198773954879366874112113077056
14 24673449049479080843432046499340
15 3062670300447273541980524961632364
16 380163687506202210623303754026957536
17 47189026285794131600346352151253450436
18 5857487906289952050173482091224428954688
19 727079307916837322317299035636484556158644
20 90251030555297694580095541995784955573535364
21 11202696085066570182019378316673865326367735932
22 1390570266095371348405498385159664653340058416292
23 172608955046814355105877228379187387265827515009464
24 21425635287043160830946788505504882400010939790314456
25 2659525094332258435564512409539655906565147609119471616
26 330122007241526582802992557546233307869942053200109522364
27 40977443641132687198770919146903246825920289413858429040304
28 5086455463521146834933012886497088817729767872474605190608064
29 631372454781787386713588642044821192364028758383804958179866420
30 78371113148649306767824007343225590669096953156432550990190057452
31 9728063569515692149233921014225677720256220606023953537748709140336
32 1207526817094462013132299186595915174768521764673847959230968745829668
33 149888105025497343274043429680885451910770526154973930356349525952180912
34 18605337546202939894366477168664329161114706234836799541468179914336716012
35 2309446671230276027401341790142863683926182824277762701845129771228170525468
36 286667410038206811925529694491039685908195947579840956487394172899952715355764
37 35583503616576634265800957575711668069714702762850514502577279838551810260454740
38 4416915510075477901277519284809495294518760227366100253551514622038777696552483728
39 548263679523029111083931268589871901110764406395709397195521291609611155291980892816
40 68054972208194701084863810418867810491368087189008531445430238476192396000522259547648
41 8447539779194171147702770092919160400064619955299627952472967625155183070311251831803148
42 1048577730702167927273419189221700677698982868588456704594032313176640703796965552872456776
43 130158044361336326322903374783352224580072797037223708844847527928741665368257542510924718864
44 16156281042344064163610822941550987953359802269854040016226921144220493187355351596579281590668
45 2005449746882830816436469816295840180403575813218299769601903777155268334008130157536108372292348
46 248932825365663215454731371187446104768831593827334434463684130228216524030029312167360284044848400
47 30899578331918310562825973039184546687392583167015619945223443641928124447447986391495204010042379108
48 3835508393430441452844298069792312683371851077703701617971323886231708029471892087877068836391201435440
49 476094672815623132148469366759128923345603463874101110426854915339312819267577710174858517252381908913492
50 59096764817841331343518780124257197273631161173771113607896337418444193018891735588999528013174098244267044
51 7335573807791290046940740362479966115998094349404263864543590977100152111758805834271772477851962943246967068
52 910551419446029586278404811421704696392013552248215018324250755493490901016723768910585941869811548111214017620
53 113025089676634164644404010775753977175923203978030167455653865430746664055209467922672197226133552090178597390424
54 14029598574656198266466802927993702550016014312034643432003917717062489339112096315673116950076729511132375255049864
55 1741468524635783561134313839270807460575669299152045298114284607251288816951328585344917017569308549114788595258170336
56 216165316930420491854930328353177301087863750972977828792962548737566138481363452222043975134777054133191620327226657516
57 26832207176068179055747822365560694126205691971085089476282986911866401712328924696647994363617715918705651092930785038080
58 3330633018113578744391523988716746086386045720654842206629472336285457918440365334940390191369548673028001727557068527812640
59 413425411802961535177466932524868387937120320106517509883696540990721124433944980404638675725912299282543685185144793580920596
60 51317743562530107050592896892205677704402869506893419391072527532932974781042041066048441451007429444080707463470346790016905068
61 6369978064156179499494081891098227015128038216549541963758569911435563965467787192219926389813609644478247227935166706227302474976
62 790693778037780275407702880001343536354276660726931213290317027019552853140160399926244056928678732557678047596588958680098416860372
63 98147378896896925464930162242450510259512533510653925732209909503166127092611022870854879984627037727475465081177142772312071984708096
64 12182855426327607085905086246912300235199787759897816813203463871758056036216956383266957503968095034436027274935983398274331904609617020
65 1512235660360488760571741925794923135145971027300581607123576565651774694991824057777589654556010743822814078410450578721700026397084637916
66 187711058897074368406290883068557663539444553928138426805232055763648096990168826438959389056672592359657535498624037184233415056829192851428
67 23300231938626186522149744785747191974692303737155073341369065435553969394422028943134321808453964951580187734916929367176131576025819870992100
68 2892215363248570832562706693867765254989019356135655563946736289693546384018212986320366512532952877710477259856079195007532113282699962243941120
69 359005426617408557188520674240340108227638483308292212403273214583834779046341823259630549609947315669472812935183516837622825612025241557184312640
70 44562689894566657010004835628355146243341218371426860864317439484518185038025750849315832651487973745426591533062774013679315236004181555075469188208
71 5531485552600329607058412830010381241725225564694533245572479998688208133169820050733235528388366238790731168261600496819900622292412339125846899262844
72 686613229385795649127647157695923540562744701402472410168229748908802763816556577636152002850596183378431528161676447895048771793351676665796926331308328
73 85228049912553818815045464863468467130215924634341896816261329804041447406179609026297733319543281882262606646538713156606303205428894744958708817421575184
74 10579202644252219398432096938830076352703032836494791912673506169239412171853191782679862716256621766688637934925514244356583704757384269670778847071293103964
75 1313177160605991559162519291045826078103579807179507855656170811907334067445526155920107808254225614236961862021599720301493277263797908807044399510364382109916
76 163002289787323012373524106515456438117312977087014973481203127112395577322308336041197471688217785375901208527952654784457574819596168283433805298847677571288112
77 20233177421125184119222343938470647904953443231180302166940327192826385732902040010100590463115919544186176523613891035687830516634270266211217835108307535766094196
78 2511507470777679255404550031862902991199464087980463900283893209027785288177189221677176991218977209204284082682508496562504761802527594684402929534135597545272192368
79 311748849154376691309395382100675738517694702488513915700383767962439548043663159674303812997096703684549526576035511235581813077422383220503544219170661341681958279108
80 38696816983381140754454852513197537035452584137594690805374077780615403083243221865929755168962093530763580487938677512905154494485521860711616872359838333434424326374836
81 4803365429277871778789142411432856920695128329382511934059208611901270675096724525870835965955352292576871157817140890370541280034050470713313005777210310522633296233950188
82 596233004308610338909567825499791968904015648582906270626460718003605887854014023279596815203793390845069414089113151023522664473959211640799396360382398898259278770957616724
83 74009317146689705743755793852573830473754776580545590589751660926759262818762405321944854661502730860703063642280933196084330421457119836912254116246747541269830611569432056008
84 9186641774168218061614900438830490020874145071010917452940660026138623628530552594441057112308141640229604789282455738238709313905908743602946049304743820248466810754009932604008
85 1140321115510621673921532658287670942956401803584252188170709217227366955350435184901054718504053107059817886401658443234215453123980405065721920881817732263564836373570247280072304
86 141545983662471041657751738968415101992266150869001509815271768077169613365584317124913794498902388536343699827493717908390158315810339071910997453173416383361820337546789161494874796
87 17569845211543745962616878597375479340228634060520681818424139954220886254537211540560355759626090076706981756741553444134048115108789074729417553168364827417152891268138021399872526240
88 2180912893252612214067466832156313096825686436821373746396144206630145874428952443530971276318320141403511429739332299537187840351730718880221932876972103777166427271002735976052495411888
89 270712746224448280681746656362962766625714949230348455583129464085139243054984549256876668219731042863152293496317444421553854533823430170395035496562434022895931925092430651190229717672100
90 33603080249154173048313584748698969675956751479002517448307360082650605268803791147514308250465782574354611437709375959993391933167237225527454213254935640544912060048160701555435124527165820
91 4171089163621802607274628279934619746015271049295673975320686569196412732590175017993709243599944814789741340081966199411364175792051111855548286841585221004523510012780350092271134004243809120
92 517749702761881641956527552844268354514115020215178625370320015389015751910471424682636514556678045546201818979234466818995311013719378463740140535400816234116910960483452133477471668127824122356
93 64267327835603786332734787374273445726836508453866958762729880985951505930155892806267398145395448086345750610642396774012589449985668598058704446233656083934518499194134892312219131740325541498048
94 7977386380129966780331674138491348143221438037703338264032825776467094825249500493472668756458715797953168753978275662690031829223422035549145003833159696656808636233634269997582680562726191422643100
95 990218445376650138153628427068543851684405452264657748616981979866906523261849794069501967096668513378697449147810832838575864345887295127925583363342997557890190092840162702046877967605176520334772716
96 122914012540053891046133549121998555815672920374827892827674417524185689980314485084284102695203900029786170891078817768819873072649733706044428816069507132041641968258452875009099900035591243387630701828
97 15257092562994965377933106386279347505236293865233107770778508394784106162812509965929936216954711503059448258203638067951136015532876075725335983298460365708867333928397665207791244662275148880285674959076
98 1893835118269699446128612904789380912226875983837486854243734955985673457680825025590167932455719699901354920657470485304316759080712294102013259360402900107557318719889962545027346196018135371211874593464960
99 235078304754517075892786228504206033485803002408309983373417784759141478140919122535502278991273688271692781001302409850065053789550810230847586182389099812896543922933159256277684464090469389287165501629784576
100 29179841916094312517778458407766951236763119022274936215461434138946763100343793401024276344885980151682198331118058336076055701695342867953324175945213045592952151410884098145817699540804137820620066392118051728
101 3622040643594923522184728795972056448021166128807559683055220699980596184749897775204814577293072902624447109495969576360727270834086084718515485829075328296705407317004988541816705054997881786314230803767389601948
102 449597309731056774267494161835559901617843112006904348675261874898624299353953204723990677368178143977806034146548140683388368022146111088860076379637682435867700171107918331578587277199151157934593422800128958833560
103 55807695387089693599419891338433628928201217011737756044850250089882758615812708866429815806023793731814826517301140729671682813472476466194102512436692400046954938920578362092696186953454662747571938453236639248219552
104 6927307608404607046612114352464811909629628461760999266500011639118098404285250756269381064321568188308561442033465917488860383776883213483292550924431281656816811415807558416943787445604835974377836136504334816456337372
105 859874079526344218852273529976303202366207453280922285876250271233284825758877025517858555568849780844011918436419697435240519501012483241313196293171889203322581090067034565428052990366665008336063972121369709309969697132
106 106734603750556036998113009472190616831599510158708082610642053911388161744473690837121519333149408700505598290323303629520988685478276307731056343536078774371398126662583910106780061336591847285189046707985628781433430074528
107 13248772010971150910762245187164230145699057469997575163370779300017548348541477520418172943821046814893551422315624284706484971460054799272856887406219833483764408687965438383721299264071333734081647330328414368403717403527380
108 1644545945089322784115010391280078084396493710251493776207763368506787050857792099753746594170983935423639943328841615622207982900033562823634276842407427092017690074139009831485038631003837081205782298315718639054322210427401120
109 204134493617230603279021693848204133411355734197334722863962872499509455861804596354478082851946941292875044604225636839061426346786420362967469013750331368706975206448059545289703447016000748961335700754804887243610094949270295268
110 25338842985076848009976343275164445722127097439015664784888295217633701643844952529216570237419247124742301163871104699746773846882806725665565742047948958042044552750845975044828998925332881685087243918395103586407171272127212970196
111 3145264440346319725373374271321144476410958955718040239733638432717434718019836348146031237666903217712923634244395330276173867213369486958268429018181233208954841947859276840549074327604718381015956603760691957711667290761084640210252
112 390415947781565415688800667421037652744058791242283233691734351519552744518513089643861970454342074646432957215560518108717510116482369548936300361078875456502634986525431514988039432967826559446524407733800451501970710177353488280715588
113 48461620691389242380852874847514011014443739353632345652620120834134204131260790169292804038351708332378220988111815028214686661836268054033745428844353756712233638315785913407538465052623209204621277450208027319510661776606001992998478696
114 6015452732863435352961942987195339402436743159549511221329798476440332734863998546553584286107945249903239496530398055929159437028383319238541370719551425723364833764014789808387796898728570875614408621280263463907943746204100119899274080024
115 746687194218077716440032947332448812130230252368755521151898140968691290063902054007438511693387827547289213477986657051039302204975307795595468791566753418979732033773460244809497289898535813073702940780522145643316538796493064849986538237072
116 92684921778758293170865096628840266318421588341416033354436014431022775806923854980948957920334741974717610342784419413505495539690814115638917537002298009019650262687258319996831006746771428037056700075606829149480240672081055960273297910734108
117 11504810570817959615868661273725432637979456802656398208282845857915165994898199838214851843392645687141665374430271061948103553486166533128335370959868390421718529470237463622743930982934809692800616323674428518219436514578969179676549550480438384
118 1428071187095065718197918699613638511335382981461907719392002058156672415086939127535664481424888552521090328274693399088101346068098552793497340038352105083210273525928730613793045642941237524677157016224110134514395521040566355826229803184044319632
119 177263876085368305466908541779774673415507300240232999874869150978486448340913485208279035631618791219396394293890355950640006039723697794750382712223080702360841233392220224577725004562860068330884039946765380971158104842144907545786458674582803640644
120 22003442159439798574135531309915851797928062798540498468487353856367569241528414577474268378853081333700990764644658599559944542910471030895587055696290502640615222547968101543910906264981501154962059095560188265258054312054661708574979243152962867422396
121 2731247209277150185913704480145658422253187093825569042712908941388246221570293374001402362495769038499788586461314131238271760767874562787303579713460572732097998394415312270573669875727432705278123280739939167217233545225978430653443347561608497984926288
122 339024742771162090253692602485285461702895426639995019181209242688552341795777644804016076672927525885132210702231201523129900548777202551297409258241081187236309018971418972546803276570705758203948608974675744161960620455586714628958683622795715348565013796
123 42082523991474197831798558588679022886996904967065575666083184862040618599775027372791606253918612539054320733400661354599398607609531184242230115725815493386099167715901319964192567983156598244726859160548802157223438557952592042766635456325504187826510255312
124 5223627075172992174569145778011290538278607328430738873567157910185291197302095749039450630904225192897950805945272876838335296360298989993954937339287837136850930776568389242508569175518294221088521445204200570491830205620373639370704240832196629832491308959084
125 648399317160930583508393057200357419510257114712818691127076646125805738331876590510698285949095565368117526535773937023508194973644152175177454757949210134524122643679633576459751770221309523685817476008719173176739215284274256538089367259438532505361526199966252
126 80484626571631329428009280507172965628907358345218929027272407226411763577773388080158877350873605938873067911743059456767979657936331276458818346143383152673732656329240722958878869897573770597152161645233432146500912900670346403287073268907223657371869462934315252
127 9990410142222869292255167643715328238054380879429226619028459039524685480358387577720669610770097766278291389578058526698446035283706799556862693196302014853912793114398473936878278491678191725926450374421013279704993771720703115277519911526765063933977718517510958004
128 1240091419458847516069644727626093520736288426250612354148176052077635967617820428338176893120603941200546150972462054736619300862030281266743967456467308578908045202080078995743638891814904418510300001200416629202037949828277002462882727731072134414310356836149680965808
129 153930289820242793499171313722986996071223309240721423866752459658551852403454444313970047099037542926142681177284877853177889380198951226971541255030362633491210084899991447760866047090423673900989625975246948972405252820331645725480895752129687020386592885594179349131568
130 19107086584377617535323386830180106101409407124550927678825633215206924019772533556124279706569501975714791478602145417958855397603655431275567972122370601553818830881609818370145865523054240799295000104585633196748411457762325485942670935234452973966930088289281874673037824
131 2371727865706212251414488588030342263926148919826327118555149122807654564799789169947932776793265050300208184636322900072988148984541674584947768496469737685526003796063612271158780740773323993704263763319270731890965888063206896427445713722842069167040162564274123421128595020
132 294398261300943023466807760174141449852599134230090787644655150581103633129845816705252255792649681877348641227416136140436475456388980817586857949821263489478899348759817362110576655329916686240059603619260476236951732760017927294087544426449963287972139315733139902768483497656
133 36543120106745943006278410468326764236327707856383885697983656935644624638184214866164606506182020331925429030827073380395561678376668961018939476196951018594564669783793888902521316196328107763321280022021286100557823675471526793750114714079683919205491210091012482571399281538976
134 4536030957638614414393832807970896036612822839203248320040255543911855392204384307047793224700931100920341047728912003391284917623582781267689738413122135124614205616884193642069835590243393192271968891058160837817764158739304866854602130764148391747512893957613222339220678237426988
135 563049263132230110727311765758743230390477573191549538889438510792801022771500538995036892269100638641976455538839177649441542621424961233811719647056588037693094858263544614721448768435474361952060359068756700101662517194180906867952975902721978530912134913180893042061432664091952652
136 69890279778598601329540372641238587159626295501901599233477144655847937899274695433219852233532008404355555336320764685247970376968130867599732846759168511403749398059587479173221430452847994921785116423643208295125324735164332766592268679809786988550361809588075128136742442281327371264
137 8675353166004669201279364901487259123266198572236089771522998649077620068390898333536650560358176866237085101714775212906370063167624295752979846216073943684963192779935482562865846707325412038591771652557299387127128087405296029079428111352664047385717027711926684326712500518666147284452
138 1076855791582529300482988952756471992971471659831193203102753908500914676685788821643173320534958779936063245817136052687123151917131045326516124514602286866591166993986852385084591012894899388572329757459982700991414761787416572366078339385289477838563914587358166796805105927706163975826272
139 133668148567014967232933101716499913443533782926777287913974550869923476136936664234629871189737435865987668211833327436882188679319640838485027801932283104739325056380379818956326661101161691158511292572304768730164177469501201970298174655328025651906290836508710785740423948566508768486694804
140 16591983885861155824405046798024411376549877773908785292027903564761722230288127877536944408897799990216555460499336710264280318826931329217686137319064656072408746280994605349760800203125178694113792176690702727083725021078193438626633070595931431732031039939619899096738395584713801480354552484
141 2059532747479155370812053706310021430194722932839434168654904225130371857050393945864348646424827887880440425697307145659394886081415855119562143987931848574111471708281687067027397006114324959026312954115922323227255343007058792223020089664860521082333564800659662988410643388151558501410224154396
142 255646049750179544528757573381584170467428873423842474887574183017089786015982990625493039877160764401984009603061490574149297793070754261553986747973663862127152373971863053888756015571773989475605079066700255046637738496989836283383177452302414974821002446171308224685413718960771184026354561900100
143 31732878650686633401104436896577544218101066003182182016904888085031342303558795466055797847876434407028807899994017086092846321457981979290562646761708074171523450980929211341648312750158522241776993077442274194468726409263416913938675679358998372032694480349322835697644781430730691276423868794233240
144 3938944444646152078338237473564340271338106500557335500993976051233190406350570284006711752066727299603628946304169110834092195159712442035028818203828078806454997402696067310075847590003402977986951886761937728125539771841671816251669264499767641866925991748189359855761160567053782358225129178127239992
145 488934001506764183776508017531478325229081212164503364549547263045037769832618890879592851949153646857075547541683077840078383924241392408812458693140499291194266001262795311249255138879470809708833044644103576630598129248310998855336667524352768617663499318411984956045200262296254311117736741448259983008
146 60690487309193741098956379742893134001496991168675353346388335712853724649945303101567787581549005180715822169861406870964104700673582526238872217275981739051490773648309139968497012772384040751496820368367829332008725008040821730437117086918973060947834155584114367089481880789872270827806553014234511035356
147 7533399678640368080450865106909258788729488498032303616793339525772684222208416567556923865322258675831480633385489461485959901446991956530966122043065229676741801436218149109242742491983832040377254835069659385639480406878105802480519055451542408035310864373700541350187704701564139409586968298884372371819088
148 935107184574239984917711189817223984659699347112794694470099006749350115169871363898735174452970786488232550450937399346330517132677873462823124424504021810940526633725284581753014407539676958883699145217843363739452108118931376366011522765798592641401505170717947472355580495438805953084163462255230942124486112
149 116073152088510786326045417170319386341776565107219710324380725655984324736163675914271680009594663833259040219293111006217463409922680115024721824548561451908312249621194893041462607570664538300382878457214222161389127500119341181973236978348475099442642521263709531542232278691616531332102118303748107287683434452
150 14407949011638579705768629806572646784453960220056789424133416915238568038904873296817972340473052693749311119542472002137486921857354348554558351265162232513175178212764773773230615911257077547390982542776589023653353057735558836377495849544504802771966211731070936257290609313405656467614555963449313436720769251660
151 1788432475441707321856599197871920510292300587509048094195622228843791002574954429716944816246118158784634809545976655673736132607290958786135223963580805217147784830089947245684366055696713410640710333146861821566922290151097019589956910735255988773888549875503696387361341275791534874866643059535789646636039939501584
152 221994866627501812602660357337735098518598922046208808285398530734322634549007428441818107049125109757283953189758617854148132319506028144857941432741425165556871942521104951813065154262617590325250104350016490096041686507382774975888679895535117628854202019447861826455058766673570270344537042911433733046740891972181252
153 27555818564964668951692469630016445783469296678321983460836642803612037371036753223070636476520099911835230562879989608120961032821587411224158504149645412664167192540446669702035626140898496677398948417330910643744486326643824290777239055557820004945024216752966853570626088834642070448853951783405921161438799229380897680
154 3420453582196403968007746296139634630534330970036535145329733392223360854480795602565604186013513276172862697546451670049174659517719798354366169915246935455048355099803715125326831911424256199835365504870306018845077389919594836117635433687729137252821021915375479057463675456708010976461293695327073675383056972327376551052
155 424574674868680051645155412165293076218307604790528847425161129834362845059592119633701289142060543436170458280247330537272103414371253659430397108445628599153025266562613949295427177675702773165484321331286027648887860960460177124581356408419636349738043581872172866906030838528657795655102179062424882391198399514003275994748
156 52701681285232116593768149956058371991445768605073565970856600153669839581653059338115563134097989069626233979657621008675859382256822673857825766001312030404356451812796101311950973347777050710812422758944423060768098445068777380247331579691649543939447067665256681805282353213769302862833494572571215997765189981682786458624212
157 6541763733668875083921346866660064079929205577872920620702124846123217639665676210674826452135036349189123482453364093803307536707024470317905270476869216052337644087314710344255490695110747922925815776965071326179096643740190524518636568560974159895112721937347192911912617554240346359179915598717850292551499753774076638181597492
158 812017220390597224757537335221716797040606902761067173824751807358254068729023858187936787598255854622939326119054680613287181694177717555159635607107707171455977875812274981729819996219543122957305902714205300157764566679779251396946923614467488600970304971447076854351996069525757795761905653534312823408178883332512554526742817200
159 100794218968386733030298693870372444095404339445312840348648682612109136587426626066331338409581604449288614243134007100488216175335588466896394605970067695704176806943269274196991652029515931730955281087367483429645464499770728743327199231659142141615330805445977312500734346683100169100029836392494624080476638401023857389811534084144
160 12511402864781824030398070131153140786750377651272983014524565707361086383992368054393626568067782808045111260461048571589553767075879234743314516525277829983803233420755972875253151396355327549363484616291255200221799032859454884588316502883841165910971053192760566341297567598058244546714129143134471684112959112802021527045639670544480
161 1553017655645179363702543597033221172997539910898827323362053107908773797475978797757356914616057258910204923292582533817383366144356713484796368868009578809453306230851056112931844700392337964036372100673635638926463737012561407396787826249563048592945616501482529958938408852817972336708139728026752797639280718286060906499417171617874412
162 192773253712001495997037732122445402648424869129320529207230367635603355203766346999999064699114413331534990431450825897321157410662106980911318731935492181262690527057507784744829167988460134397614494625202195979509513912474812807386592029519630497917648305731672033949500880543387767490900879317523931000055238690751562420294699401285582632
163 23928592963274113051235505656144003551263379091914134623437035243970739465681566164927178013831892743197553331952802956045102452422875791822368284964271347455111883021715070159343563174517595640182395063826143819180477043543911229011130932006757631336101753397549341330606890172912966451104587509124190704812493512943776284084348046526024418032
164 2970212673058204459412188222912451657844871435836397406109582818119582776547058122362254381030414370184827040755594663865079086054365238026195019685518766490145198075020911556966247459194558927855037195631184236324818058256358663948965308274501984221542992918730333591426295908574899806059196463908995302094342528382519865060558818125897751176044
165 368687090659109149708932220706480928636503221761409068512858079999660551907293078405827206362555629164922081701269663050453932926539166874445328066741114933318243043957977114697814722255011227531458364648711655530639912354196224857523049450246610530324381499280659265089912429252910052259226049449419227950401614183577491977342322043967331543744924
166 45764457222762133753310170248893732228750998807607755724816326059893930556485831139965920326053256894570379054554524222603413882792546039372124604056240641233517052275956347169248334226878389215856777235262705455475801362423438836661698287089584477335769190196605490998086842459031334664817781749513241837963232012946587617383985892161795040857744752
167 5680658742756224739687860516509364600239989749385581104723172316659359225389581902393726878161280956069826438232904774823769043615856726433365941671559981390351509996976728397357351538030900059472555679990030419199107224862784172458429875074109367898187958933383006272657878711377146429520598038638163289678284232881259402483612653278832383791796044292
168 705129825851020309095934882517068502398144989402297010648228072406050366235503924904936079559203154290163570632781519454025301015667405453694108641161730730406318982005172620614613969201958790735934165769338402720130620374779496834264727679838782373120839924993494405997428327003485660462747956828734545042927287515893547342609355115705622875636305116240
169 87526481314990517419209798198199736658844045908960577816824844186779933454018683878866421227370984057095024909700233517723136596423297994937436405616570480010681259015459403765213004308547775211539822324397567604911676263783443403163358078504425794188387540987310172396893003538943222767215117894331661868695030917881160826625357554627571043549683941285428
170 10864502749032735479184736150669499467305585534199520762991539358162383189514572536991060723536939411723751895639633822635519505113982279345731953902460925908797268010053211893718668747272793909805739297928629824081922485317523962335462380545662054801546031683152312589225090225471271786684320604754554220005332469117425689377657765330514394939207499040499652
171 1348590943110651363338846785454337527941985633997872127081182900496404056613375213420068181687123248393983752481268988182964964090239842973236889226840554179714938426798755304850196712212870344130889846729675866271326815031655402024654196497817490383069810693433033560304515592569664892182665072792973986540760239896284437097258608719289185468140827343568011324
172 167398138124820703987548606663336836038658828039628367887137771253900810816660740503029113384868057141427232051683148576067521858223736745823432621160247266952721546379020353301182251999295867943903994517402674562812138404292432573262510562017468652309046640178139964501704903810160351643431734622565453399523551645772394387996619746093623570996862438653406884980
173 20778826070877257437570148699286218942661739882743952859824982350787823493928630696894039521768623122927384401979564918509292719594710612884193591263016673898845261309244014104179572256694301558259449087673115404574810635797868594480596101212910204039299511690340963930656452044776502372066699822394241200781212020641127114745406745708842326465873507334900971519544
174 2579237844102101786080715540529204431973841840538497081045378496970234945688014132663052415973887931337184322329700627638142591986235861336779042189139532376313374662776500544307887369698192903129332815299011966432232149004987384616656406521203924964266344301862157403736873121452575638391771479623817164778999747363224182748109380876995459666926834360002567144795880
175 320156097065188947889167505579313236514920949852016146602072050042246565694143369430177590769844402517919552669559220939700397140933005701641942196515739728220790607626152364494143782212389439638607177952463790882866084310823644468107856032780006952687414336378951253866405421625517796056406146746584363810898750227904440567720840646336143780489841070208629342588725760
176 39740393357828353153742588304212910801183341146280572997794338134968841866031814045816840761611712025538059909397039191245564356950876776627132678720534350586461980613249727295552224368175907228542496801072916173632025532662297806947397770039939869305869624921634325854722083754474398719628632742247479662876249981569798544708723374734380713719834733575680188605820497548
177 4932902664394228778515622510538284083789116209859503846399576473047057417146028455663488453541325451896108005740560553153245174620462134556685020530854024647407178228491581228411353640722636624697211531644434917050234497917103670563901748296085389243266879882546118107524914915249786972964891758284209275638582441828115910780131274939598764057580368389584395049852123073952
178 612312225429804029321899698188828051059649036359708391913049276615060976736619309660293462524425137879083223126036910226612077223154646436938439921948045707878568617842470248273604040115369196848905882880925968365652099101203813774998318765013733602138152724714379895635315832143153122768735444499986946310228197687657361473836684899542086520627762813184690281964216022214720
179 76005201585878222878879891831769701792838550892453253522028299001783313226960467040016516523523353060260638360549820190377657606618755067117786766500428708255623549695766084954154780106748963422204059782602185119920460960798002018182797998471366567827459848175639276878299152813286672323400371260447620958246314979634638501504180837597729579611354358313952917613918254291822644
180 9434387275307214160238467287541145158041388774204546011459982633738109370803565357578154529369886266104618064959322183323347108731713901010071695137860135394705665395110889589494175323492111666506128529774116360366105310166543540937836222226856735100384871219291007752369423208747104020915980330788459376610579249895868377756493054313011933567094403891116385802763676308174311756
181 1171073313448277422610109822015561549766177727425109578464544631100484013699382985485417226308693514834712630667395380307858063801290523646922943388671154532797166972632380540233129987672466797713977307866433317617085653753148159648134825027261670908674386536739344109572086725485333106212726230206462349041572668074002596727934243893771403309654598056068602821892450541439078476928
182 145363197995926003501621256333561785991989262371701790215775160055002296723806544984985425400905650628397109468251070872803045217629938454512448985837110811487108703552392179503787123680482484968684818056142518013889172400958801295526450219313858392096022868827886855232092726859069826589601299100493399737921179019967545680806657818414341596411858123206486405934425044464660956743092
183 18043669076006188702982192714376358923010039693416542698283985575203660234717412152185393652733720673035831090278702443504510948183815202802402603188916177299089252747626566921830887262841531678102931241503077896933308367436985226426068269665846012599066899814027748923330137179818468574235140613324193799692867030620172881075746092475437849011877700242552446372360802834755453509440352
184 2239727786764478521956023398585402602729613766736753719816458833915045025878609548352702159873428052549870042431178202383198089382426070534974454180091746226749043266543956678771482736974887627956005470342962483861072471423681547992991636169933688912158115914927080630206201510226535768288716442976028273628744546370048665196874473862206645690136059784373317313217278998379259466627465628
185 278013331860287151583021399367830974515708723863390757757675187018751266828636877171102300152741785537592858224879042679258516887568120652696269134169758584479136023084041765153938395510589849627159373794482908332642837385086731016466434940201448329467645186735952106376584098189501439212000392423307021534597384447041140464945443798012598635701452985736752061629029987525133123435540984124
186 34509288650525562134085982497380438432608738134876702484984068726122817773771665425273082520067625490904491361068570495981333797979430715117172391893199516301832131963418824703433751559985407789752560304948388663971776618203470556827801130296037162050844747168452806959792110178689062550353003634176764094596161644466644350557358604489747937858055071036878378095238313941151887534640862674244
187 4283575162373014761108643778738740551881432012473784411614850631842560541141981197888827339032797370243206295955198109808136452599059867680774262584908344771245873921572822847518866658332612094237580779998194332138446529065225930490828142005634289451261743226336879289436099207671863107811862631103104979621746284553828506660969286624458398011279711508299018459650857649882836926223790885057604
188 531712384961593576049197339036164388863553373635294985247499274296413353356336639843005364536362081867990978530321125205690172319970941628410613146302441323879561658673628669937812881733789223300859441893514346903623307779562334811646400887146745700897675074076540346671407778115304715975801864334837010156636149275156243781240743533435432426860505872734622547152168510232551430120635394056595360
189 66000490152465480510645218585669013803797124848983398652856374364669242074042510355859733132041596387683729474952026497935947697712035467176352401453488995045489780694074407541935294320408725440714009703916801016605744162329094816273023208096773087338797003687095842695273888843727778075350030132021561178835130653087233241150336236919976422352968026129851828374698294784720560387099380392563976672
190 8192520662614127915444100406793860273711960929989950187670937839595721925422306377809371873403125666519956195058828423771723172821809897709543700425292022497186690248028917554565366995042445505080661796776405530732451818415792379487291967674246011049005132775674502773543790887734770075854099714987395240244367718331744073685574418461755922726084116264411311476804255963747606273620343588285908789456
191 1016922672124310375113100143220305884880386734258683858661044715570328474543592948976559620936153943094477144839799810640385046735302276718219561583208899643532701057958816665998599863771833424422155564651964481278460577593863722283851500990309669006717152237021074848804513028606566857741050482158192733824838573224963066691415278746479645121693993597582930987806375864272771306049299560110879164948444
192 126228759580628208937409396945791307942901434314530354501676850330878939782547599601932557192080142918105189326666044703350565734172129207313243437439895004160185811549941098861306446391332220819214840701714748109219967830808830005471954823680160914373897420301602140123784803338774343182838902876824267274190726627985869101448046139231232053450969531687550963238602186794640560265584627892449386349415304
193 15668546077332687303782318025439782777176872851770247054970693471884740665811691993430467575546334416287781317405109520651927913496899066539106712048731978733735493850607251857851986624331298192445704240069727576035033231859372999019194681517055314556084581064697796720222756416656007223217104883049359862424372094630221279420650210410721977093761603579295094182301995553667460445854050452010655906764940272
194 1944908093790489056307368608753812896591716268657438581003727825614524678015502536778654443120434225778200516901349243521180132916308866010202305794990521537701238520486050492073996386325358566433233650931485820894077127460085278393814632878779888812724226561771687341621866471620284238811034785598768861127884723282464011986413036999429730869603026113443985553224753953583226602618633854000436870841576447548
195 241417900207349092215352271212262853276782737593794648589469479177863563762090927460150248515942402628187102928455674994881466755366834216287862411842227217513413447655241103454743614091856385747454251470117756696698294189218788980945260360942789681210264694439268744940154801689023374577331645534274269035806231486018773171900368568055766275455130523628151311828741017735729280189206205451462192777672949144572
196 29966764355911991973893684122619232897587487165803263206044841375451857938006087872978189246888752598825297339199169327922006944567437598772774093466604466026876785442554227220658710368217756855548322332064977432923583506553556262988669524388446409875508847806932147121874901120104060898988590750301490979504208390020795356270650838628619126900339725529975545048373404701823273819727885448030803071274520653915664
197 3719719893145773035211205248076518360821046705592789439927131129707632771082747671816721337350436348394067781837508197180469544203722450001831157459867882473269084283319760624751724164158741888787679231791371864512711035776730629676371059545611282955285241485400161510525989778542920239303201556447369850430288382197814466966879327831126111164061204494753294214415380114334481787310089571574184614721169935467196436
198 461722057114074248428805789297838939917943673239355679851017669949500833930709950332258834778960038374275195536539847587597189358787976166130720948209202743153310557479685610180045468475941617816037592020394391609886193717225914332959798957092033683853566060443746895278205842089537364026349665341463263431286299953829480924905069482605286914238186976221245687516881579702826681775182025789160927608609601930484844432
199 57312718201842784132208386216044792336644864082285795158096580291098900608836383990723303305741631129468306833393131621713062192925950826515699270373006666203515974651978605503412117943937009855998377179691680882732608810787853329116241193363812266034019367431298550009814295607879312253275075142207213902510101412127025150493367903638560125079785197529789875004285328222232035081003107213019360481254406071196677386276
200 7114123349910274918873855450331107916833270984719601555882844447811493006437198305627546943869069090772911585717388776774201777149548225228271481045791985595295369995962012813109156206010681199369311979052587640162995293150403256915414650606872586240024192560715282569648989228267623561162634968478641643677198803009106775946347596878965445967135948651384235799672369127602807862278296474102325342274416009845035860052692
201 883063177347454741722830072905925726472619528843488062865945161814535863810942700612923733812432292806799720780981989619630135695479289953723869659354958254621682424290701233228103213572107999143363828771178403666910343677146829706123868232136440898463108355179216203819001225448440752863415784643547583103803358153538414544464433800296704384108453162695451686907344136543295988376507409599618462464568306923887269211319052
202 109613024238161029748230244002466851437297202038256246520257012821305888209245483215572356190030664444233350054760111080509595409021558981776835017154701201467093903583751439618491179402774713173244280521735156894191919496273793162277329255922178373477588347421990542565843801651952659063932601039696097378716597088533509753876194350806561577497969178043275393352422721354980274498376892860460804112142199437320613405700622964
203 13606065104793952425428145609868951193091281037853738098767529603448337638593555045735562944766942892895585648670785846432785227709499602271107766880223906709422488085079260075172293064833440688914517712481341015652542219931125020551324719976891033662439132595796392043273532020253857467550805422937701087276075889391429365321649319781717843662181569350603054641539411644181825517823843088613904372995503772682154644606732203304
204 1688896086232074361542582526432670328343964829272998065968323988766788392313027888789956388529598085976259528269527035277350715465219505047945160484721853705933829725870969538531756441871439025751480006836155492731200866914425862111814210173426200447913084659788333378907577337039198286468840868864996621211249969663160089257804243711674706151314483157667033926947104129367071529938510116275230875314061433567365653397615313710152
205 209639595880297243959104999189239208063647869956552440395657500863079635984403288596214451970938271206627681405293243827173246547825633288194824674940527663605299735269699040734146989742497220561115763519859522804393913338828084174065154840773816071083889816887738692450160998234406716354398633374860372473307129804413954899521527312510649697478769838876955757263715075079914229518344259039524395056421890773328591406894340353390992
206 26022181304774046393922669653888719673603606409495132713506867933063011274665362068232145376381504027081876546061215693649392845218090036673095174897085447616833561140971728471477368193192708842949013183219779597012644960644755045385435846710924920769479922706461757018789861232349130509116481972055256010372610944867916944073847036479643587052797902120901364502746718278918758810593064403522542983575953818021157026889975001024514636
207 3230085981682497069273975131072460190693134700178801826806980535551709204051250957075801898098334205797516657977731191886439546967670986587884682275791872272912309655859669883245063900219259122530715362784301330714073965848176274145968685578358635000825671609343445256913375997108153977330594941395544148055841430797457251580941517309224825070993748904322727554554191988705582132929016475734522692023708965238881159483403333614123337664
208 400944691256441758596211693154878820995995528701533162331131892928709325254782745980129534830028278759081855475282337762625026007407356827264211322969055055767594038174302931888625110019176833258933505720877477058259398262739635822579385368515024718023195094078849219558692885778195864533692579073449218983124141924754687533516794722937442157237712779326169785290939368746352838790635848307743883286275756683921117676705048316277835992912
209 49768534447181492994198259606335220978062471456038443927770266357457023834433841161635849884636028160116804238220084723273100717129419218510007626010610028497650811225067611968841000852356510744459337411746715154731121482215433698151917765844718781572031018848978877074523132518267711528003901328915674910695983996739023627540579820616169264364823724111630711071983751328646519270568118556942789989110982457603652970791690062833473719092676
210 6177677557616235850248148169808530944624216850712938509373937610551051924403566565068162499146302106797613146889973552276246826368344865139260546304100994297562520466808292818605150547357499148594735078760700188602386475202268321195685872736842349523347354498257147229700376831843590231903634561931844527368036690501530045997825298183875070008748831860979386351794774620290228402331268446533814501523557179741040926461202597591243206764248668
