1 41
2 3552
3 329064
4 30836932
5 2896732704
6 272236743760
7 25586970618660
8 2404896311723064
9 226034468180738520
10 21244822678014930356
11 1996786217098139769792
12 187676559324985292352416
13 17639590385047137646170948
14 1657932935896241165916716520
15 155827973325524616041710127160
16 14646163753119922160662260483364
17 1376582831089053478345393676601216
18 129384070995767831545948675248975376
19 12160719609000517301019383237461376772
20 1142977649957909025251768332840023541944
21 107427681116535248943517510327795227028920
22 10097053665485916933548544025829476787388980
23 949015111041155951158369047238606109318464992
24 89197275841270384518729301408069905141062628512
25 8383590445440907994759384815211153356008123576804
26 787967884601788976887883489352242346364750484032296
27 74060558087193671073119637444777229500616895170464984
28 6960900782090243814075157389232599465055015281226382692
29 654250264237248734428123321359140568262561859957052402528
30 61492531161459164980478210972132157561237209779299627171280
31 5779640598313635566621795095231596518583342359840934695587428
32 543224434166917536280353051605726633588723936729537883663585720
33 51057289957107181061975331694654565332332696806124255741963677208
34 4798839473710247998547757215192395694075246424300421071994029625652
35 451039612830724279307223410808455333039714180250285018809472204379776
36 42392902170824538436496098190429115628616625905101316376047270303771168
37 3984479640681971599267011185293144238323577127040390343355561126515243268
38 374498493710942486829648701683636455510432595801449120040307345845587886824
39 35198855167888424649844119200486150469335321065273764435936648677661747491832
40 3308316123926200062653881093286059369752940291133515940857142962829855480785444
41 310946351056754070583401177340370008618798165614676743152457763826436208047536064
42 29225633105691381383822007911630703608611447009762734502782630450290704648522662928
43 2746897101463610571079158668393125845238250966458143611969655986139259527389265608772
44 258178964292814252756938756854144161098110713980574454511614072218506290949642592839480
45 24266062812398102163158805374979468879280519658765025302894816535708520153215552689169144
46 2280750509741040851426368440702579655754193345000729866313142313438129355945381572396609204
47 214366167593792101846759049633892124791584621249963064948112855550382217454504367537168677280
48 20148128264177086703253394176662157254490294222391597686557667310075979790692151520114742937632
49 1893708681301664206938300931289721769079703470735839732353374328208490064189408659483201829250212
50 177988373044723468003387817620686196158480273713633027322909362170043509890551454005839609044373800
51 16729004440816154105265561338152372214298873503485193284923314691697573853588994950750871842174601624
52 1572347590988574111671374758901081939211990100905644479596553636262202477423388601285924726813100984164
53 147783865778384474878888222230792226117032540132579882733473378075036825163365647949926703688196926736544
54 13890103632029709826451478840398222825458241594665492327014934607632894324386992998430524415475219970673872
55 1305521261690695765984091695179104991760204948046486447514409555982106082886271567622355998763246999053975716
56 122705043092425834155352256394958907529453567949125854599619861713198155967661978193816908492114837379424085304
57 11532962382255919944417743089144641170814381849494382313741646896409102349644572688251619768032496695062488533080
58 1083975181120655601651486972920937316484310327080811963495793450553205460069053376243579597126210061522945570424500
59 101882079758914491541533347740442253727813520974685464768527555822020621094166434218711214099373789260161270997482304
60 9575826418157111699697596961921442835876861190489703794995724376839014007558944645389373794784177062978728447698832032
61 900025321505594720031021856882471258058679864870185897326343558461113031321171893690751512467984027193241997741217124548
62 84592759306422781633439523109066847094633158594716966407132729265042479528660753734418020768394013461982443430470288425448
63 7950815111627829403221181977205414749706035551423878245189773164438990134967625769062815086930314233109605946154614660479416
64 747291629420696321719937069522737727055574422206354640944742423474231414762724132188945251311983920365693580225191628494221604
65 70237424913268392533583495355371710228875513791517418386711279844732516225569364105100010031224367884124436507043544866402785792
66 6601567131524445924977787740080733939421676110774223333420469094192410932357761294219106994733363439362930946118996710400698696720
67 620476742218822036401239490361873779896358225984649035257330571279478214521012818297653381078658747874764383822139642997109475761028
68 58318181117334122896291668730184236729371732274768285830847558602451893847642632262228432056492062596933840482782517060441758961027000
69 5481285626713724853714691556344904743802330658142536718541586076949623864438358318738638165575751316761560792429587032932720420763056696
70 515182256133297663803108430894996266960399061293796494811966151207945811223024736527265000832270018964718825431723289144306620216905426228
71 48421624981751133639294528454724463875612155948699489963098241293635632510768786101616911407323256527095904558119343352165951090204206090080
72 4551115140244062398867132682700256339199182777742933870576353944998300744686019682033505961957994823548902330974392345954970853528347012976032
73 427756173560156169965453336830069671258682968542042703358170171896011971932209371763831174452641701697080692890761039805933440570057469106239844
74 40204507770158071587623600185442770879940690538088952840779875698606612959202716228653912688297003326967598291121942914147639424311361227403428136
75 3778793960090871679536446375879774403225437631297035957589498934992184540299611035652141826877385373269356648677940450787329914554742208615623839832
76 355166238434041910329883510484717488076966613156130310454862636284635389625976335158860710037444241629966110532060200030560981510189972284158549910372
77 33381829826030855119313583156062996512793720642861421064005597201562315115981224872519975996885282895803421660555467082681610158453186864437409960970208
78 3137535165074619041307076079666735247347804767812071644334707156435723977857000384274790949034581334748103484966482947139422210313396490042413742627157456
79 294894766505683101134599901427402480856224141272115794589614556500574266151768565011847391052874066417436700971325722694094895653593949004484718206449532132
80 27716955742987869635146330615408122794318128365011248793763506327717779395181691713421678785852473881856106729943292613690584575393783152049757678995271985848
81 2605097556534436549921358695690452089161714663921296835723985487007634538558766998171271445915844350295029825055192075673267033671072765236532242836266817991832
82 244851322850584744762065144494541632344840563281244639741827016691451831086000619193738555716228852681343093761863240822745144957681086356677422152710967818778164
83 23013406984050035072487342486102124294535335137573109422225228080135502482796309645074337219809492718383638623177590877403442454021451276218102019638882980118342144
84 2163014252272225859346482889592113503964824308455608969493965659151701563224339029057084888947429134321988325271989477855247139911011559919274178838855779032097426720
85 203300217945800362246410618823272610107479592414846284164194899293983707428136389008950859638168990611234142789354152460361150758448449729050697668991342406588602989188
86 19108047287895643078687155410831253342183163899128344770295316849991510914869730332875075791404905475079374179666978077916448112054841503180661418027314320139756519365352
87 1795952187585927718775897809394006895476543676321538024959108218817240864103699281837155180053063014388452832121965153023715990069329498397816852319523424738392923881011576
88 168800307613740231690048955971018842720259078701030771285289254391929228227620769378313127338377523277874428724782571378945011602608436326478623958472221702046058864469473828
89 15865424507093148155668325700467929078064988574227892838654852378466892231903901007827760073033420588760583808139546354387981176028418473753035061708757206348578754132126961216
90 1491180308546918194012695876399268796988694356248014399376195792446994149231542158308895317291691503477656533971811127277482731708310249283671736017418184193835481155289547836944
91 140155008875050390463027900676438199349336245318639059562186992057748938920866934730831649165611901207796936916903449862839839828074531492318691643527333291667887468027205907132612
92 13173072632582578755057333325538931997125958174074058421907832742772119185246459443542901516137701338204750997041927113708731806199330754558611151498347856167438501397569958475057720
93 1238128012520763518727018030514697718816502694924069864204286229707647065728606886794428892485296915280767087585310337450315691233402815683478802468042392762626235691923729697186730872
94 116370798077659972165049730161460494282211635378610975093522262684091941711686453262355656162734280908918113697889533106823621803450790090563765410458062576272326193270925113085154870708
95 10937611061444590795846464684042144463993216447902567963801023697592533160905394835305217907733416888174485730907530962428668413745639484821880206385892708323284787309774725486935384526624
96 1028018521034797564978611399811125061188284934641615400063682403628225099758414230589400728813919555156699177049508393708909822740186724733376207012581942209106195746100154622316459648705824
97 96622751865432686683455441983826658219206433828716872911542401205552173329819998700103775209609988612930369738778616500844036785342624814848740885511749015456059706616907451597098464359960612
98 9081505816307137763698142722140808288820478155011642977058745513576984151710570918786403860351302073824311517408282144175655394710151856067581141658386713401831012864694549515498975560132361000
99 853564469023633791446381982592122691504756389495023386835030692088575350540007619087540173479147860727221440999722474808138245636040273423495171830352625937611975501337573816449522269460692631832
100 80225935821275641604962309963405188157079958136025428803392035867857417301508744798468966357213437952520442587460315287592033557066356867184238990292743102104390615336268393539945894339852708000100
101 7540380383641801259239509548771191676744984960236519128182202919691391279456132794576465431134602693038899587330588596514791817520009282721264930513101923442037004024293781513851574150309534944463136
102 708715152375096487903874267461566207410878195243454587714917620178311406502589106156816293683054954149445033309705717795567638640574276264088977012465258039005304713818007897437218883770116788119328976
103 66611648438280755255090703633684369016158625796113763792576837781942898909136149033014160422555644436254903884159635583593935668764753772672880935617015725144429730228549285097370206674031514356981605156
104 6260782900993646743496149328602753142540009197157983542655296344533080253829685734068606712571447204070919262792536664818580959886783616998097138002962999515223403789617932258385722582158149038939159396920
105 588446667397713584074950680939179631163534153488213728108879814992939777016654275743924802259693579600347649594365045496489797568820760861671114036791550885143167838845460400960667051628914474132802107298520
106 55307696472995261120868590187817752065880710538287815608099630899977194324561170868197073429008439170985540938327517663647659548186135374180859443748006796139432404975359076573253740501748452603317582491860916
107 5198332251037331639741095008547481165698282744819769238424357919782696086866333717567707952960340137179328913785747801518742497239835924263850683058555066772915629174307699234494943697239165446049294562865218240
108 488587663479512906608364432958482443752737766559081858000256090074950852387489440808979133681397808743702943017745291339321866398266350253566565430416000528277545748939117717334191642691092920789952254935108293024
109 45922017557983791492459146825032927835461900559459951376813333135632763268502878398191973115140114689065697522555795646396896905077223355364339226184707893100661398318098298865629731790771505137210036445717213042244
110 4316178762225742496719737549064466567741626643348540038445960831262958051356583508455125431897301599071417989031680582328146441695065689060097421356615813892549927426095860386355676765410155193164536264377172472016360
111 405674665403495989076845104043846097598229971916865205786218163338993544388702451210349311259994771167724074090379375018855756856167092771082450615627736340178672774189984788376050753825393770108313413723525891986936632
112 38129082046030203644121454893289314941284860943709420327572316977059633148709404776422277750317939175978913568408782420342535901413678305272633292232675600915550459577319159587316086239138753260591207542952690523248354596
113 3583726127503879746022299233547969759429472608519606328910691491257449748586522677144947808039855648829176059803884728173048625218625882275304138566836126511527547524850112117483622523804687502547105855799392988005555778688
114 336831947368927240875839869175168962822414325092585891826033376109939078275711480617393897833049286895880577873467309747050126828911148803751579505450194953861048783157910561219453446962180460930567598887963738830622033396240
115 31658602452238014521734946011574495491841770350851059743277779577860179659496658747103026810436655339570882366877244597566459701000768899584578110118813093503926068323470921862655627495175834677535348569404752966130282087915524
116 2975570212557901813261058361721124136587789037416708982582061879631459441330948139774347819502652495009897649960617342876479413462682829453551995272022305184368254692493328589865742967347417145442227495717842477427464531985649336
117 279671792310464653670193151916034058102649194681387364002202127266482419161395066004013507961868450083420821907328566816467412261178529531299945310925296265638575265775883375376890323383906848887247122047996849396095515038348906168
118 26286158896217159897326273817970022332929456478346809522461963656938795152513171568123675519283089006944507864980430189844845428429542321213417823637309268599360667253275993781832709673232046569369644058262359769110224220764020011060
119 2470617947590999783416694929078372687646913976701449606414210183499637780501182974093938626958070386546000841633524799314371203515769127192704628096421170178184956672743459762934603128986275169737383773564761442623241218410282170790112
120 232211677143790825867781523966425794485688804179829031164105544833834345105910712114722868791942022193176961311084433343034201524801550720360556010385904849621983241050402721047821370306584276765733446596332574268504564965567901643435680
121 21825415400430316258034995390547582375038586541052000498946204516910839145719656087577121753928139691099033400449128663081283995229441602964568722269955432726502401184062223994137955175598568480608517634896269475654218373293401223168051428
122 2051355742572647136074137777905731127016502603202688135701035180014166817345164183641505825182088624727024832677765097459712910748045281607070159343694372087490015205746691361669494747662284599613772740608912074621086592151256014085027061544
123 192805511619394387310970487283980399843811955514522647100761138648009054287024270164791050864240852942238994068368538411653322754796222407741748128071745483634878695007042622375161313702312191514910671467759709117939883321649316394933248883672
124 18121657077477841514902515144095131092002377158207612065990408095521487114906531150068939036807943025440747149827586370579204299115665532056411052900643467550606918968134505154160711865825790544134923225327928155450028499361367070484978416226660
125 1703242051928298755284306553004343142265983721759508024834161295906758983253401140846998696331282805303975635244917364327865340491342716147683246448234153148687356640937333024045192366246527359139988698177921202315468408044383014148912841980685408
126 160086545896645186585071884949557713542107686690695421695278800002405358413659383392676621854328112487736216441042828674402007937986029862571816746120090407286463486995111838076929998817608892223566582516957908987281134211457429871926173113441506768
127 15046424052356319558281843220473959121414190626068855278879790864314892869411444141318167214837647706571604286837664655818151214666431665408551923804518757911673386941942986484499821370454947403447452311573448609012655034085788658007787591606275822436
128 1414203020592945133391774433666141096557698755224619246882684032774254341554802500363639663335192077470111878779756159070562151591244179834079098899835158452916358774757276147691351159409425022022851401285278612000702254366559809939834399822337768246200
129 132919966664172812535382679060741377222889019061153827673437686286354517506913865767145942805869395446720078118443247750889514518334710231732557116712254642510235580796992467065759345237584184220096967915215066765935133020237210232825211873082704875881240
130 12493056004502886016124850036034715709797537308986036190720695486338999809688805733702368140117984570064900986871217300234068744941244496968859484842587708451754753555316725337175657147155885130493162857296206793935364428323952837632549401707314168606622516
131 1174213718590364267386381165901462936658418858392558209170682132770792142940935710672537043318633918569129431380571970212352456248491373208023714737728350332089067933821363994374698629147093156712999614635120574495607016547772219021531210329146719624683283840
132 110363537666753173656073941038057782569202760106718403282162161084508405698699214720308686465400101789259652609403800820377644805890084613920154094522857447087861173889574812643367810505709683312454806392585015744482578674492132426695723774675774398961804638240
133 10372992798059784081016932397187394013684787185151769113788683535874738733533933082044553929930215699278079142040395809234089359603367634018972689132391243808338548154771262086179381799473708850011729291229230724531968157846751543956175657987334270330337461355524
134 974950439822790824277587565056068789403278603232538046997710152976689407183859302463775714545535799583078017331274652354746668297460218953235617109050885330713919642016162282610416430359878127521227884467631734672845054918928761610091425600966986542540817079851752
135 91634919508325967594519350852602284343711857302972791979162203756923878490711745306655064972856309739095562833313277235472732656322874858059879012807640165024150647082595062007067068703348749637710367213090825827037415405463902772798239989182641772468356080181946104
136 8612702892696401030387623467046701750808116029995960119418190207922793274980856009624451616784088825295392163957031729108569862814330506510964000571210334259536510797832098869930565826787056678956192806262279382886290599400539107521971715510504714832098427314871849508
137 809502005522262356935128015693254909630553340188232382802883906067097740547982667053067051246233518152236257650936337667547484140330124218331244672729227401017576490791866878261217716151089565338204338274996848126977663997932335344700587575221021050118202073893918944448
138 76084535262473271749478070652721446603470420774214856204111347471195296139622639364099540454667132758996523855324315030832026717761428186229298596676442161809297575400059282279148989699666578413557481167420068530200689221609084823391301581298520353400932485122762112843792
139 7151133001050159418669429773795069501462425084469159595567891115100692296872186379944102259220161287886050132955931649298650741662201388170829486625977699607014723942282187418403928721978932782284067931981027926352265711897304361269910850000792526541998596092885604713335108
140 672130059312217438674888714565938054752902584534179742994073181360774299173957895941564920390173752461505711182630058484688648990242990827696276236065194204614889644532534347676727689941424797477366011816901122393998272913381772212935878984310516661542134778037058414075557176
141 63173040770560856339974521697671067297665746125925510603492727911871220205783053721432652083498692759211440235894829330988295517143782953310752806720928736240852659283145007131158656190010572938703279617045000355883263274565820821526038297998439582387935278710311792121586961400
142 5937590537585412296249926327029204475892782075419686558699030054012293000522707046304032257308472519938114758838995499663222601697510089392090275722785585927155603781497667228503699704090647357373861432431040079064878254056065102898982946757192768107353611228815278537718607529140
143 558070040036016905984256274646385971132080159586225479845177824179016349593938365197911604028120720848278420542327099143656027960947429179083729597970692898412853670366536963838299587935172207112724946970925572374722283474843412201631268323952517431319287653475020461460522361162912
144 52452618215141012283358649940339837703754736467651065118271710813148326083157495866819709277859739409337567175839740660666660752100237071910262376861963238673411763117243691561650019242934193522325388950212882815320487505353124727325567178526403285256227431008351517592730202333661728
145 4929985414457618781997360852140574380069807056780208455563795023245910228870362084988778749774481046673153623883625991682631057209857287915660403868981273263711835910707193132386653623766034327122699051020117163084249776964187693258512844488935679027333039238831035474414635650726069156
146 463365929362683939557434531859548756365926813328228813908947946230665590779075797485503146975110845429610825011895675192259337921405533123206273549086078879629310958902799928939257530387062852065547334513656177003167022882847804890389309743507400085706158054793404402043267754088099417384
147 43551444161374925210479775958406755881625519786588923046717822350671586084120168529851290774116290638861285347559810019578239062723306862003898298557701821908177850391341937193010229073973203992976392274280089948265420367694479761090625920106808294017641281230272791606730386993338579755160
148 4093370203437548018790383872225874435097399659422330997551167877248794727821543685066247007978735103227771782656900315290505815807322654929966977728751279216534302415510352693517247751052691491801115247426731655048298737160289354509006761344204647047406764090311294684113835514405850651943780
149 384733042612871510679082477180841782606264459443210146298179898305896481736832532561388580900046586244008377304448973171143045748424386425325539139080694000556525374324351810923491771069771074060720355788144839706117276210994869963144892550727908053338039275846679384986360685253561269758824864
150 36160793361385476963625266798833917302714107801776030836785301745490413435665362764050143593327425067587053144063593215520479754251145449816463091655373477634133005822944239094926112005986263675905427258044718501656309850962191477212151523576003056299784357180682770032342912782179734142623927504
151 3398728031375678928556258996235945502240506189238353754575930305059139957213498991537960752384669871958314033546885903884747692690037597249225947234997001614115209116265518044597052409304721468288230428479584581989677101237478016628897318196540634253973001107836047072578306246507105150818745036196
152 319444103889434563122561263429637530794839482871152586589997460222059718979685668728314131137923557992291363254726117665737035798900950599388020015659639599203012556699274248327406901872801323788588396554483748253810479626855013792837919328801376408832213231413431920991440615876559831408099219302200
153 30024331034342875217031568068084834607365334451465042971180032088728430374444225426178848243010999035237160902489977191647796250875515599050140825817151551964248106786121890898086285813912909523709663727220656076208315140547129031623676261899160051223189546684464498545066569502948918902769732765558104
154 2821966168991544854191582197755999625937952678962985925970069283462170622386358757781162809627896223548971214045532662063097314480841476060870117470362681704837908932598972494579952419803526761993494462525878562754629169675280891562069426184785799065234529738054998498163762449854577660142937755272257716
155 265234654181766636477345834084159374904408470846010041339081715518079050411159046328792344765100782245072246890580884653228431638843779807389896888105854082897427630166481655007402537787346336282908589044250592684330969693526130709183309755850965560087255235926876357376913699377907043757020961800750805568
156 24929222239422289159126017731190167713102222121325157989623215267417157613100619948911145191148792192000673199122931155950378462996696488932228269073613145296389404203733622581002883666897591456415923386125418129364722882732233129603413122370050065944634873365143556887678472254541406733639812202152833130656
157 2343080406969041870163733665496079336733267436397094824050945843735147488295762314497715405567862748469483896054037767759474545718425323230233023810632717401241907858746921744428494271953118001561420640383149802981950727734570729540428420598419286339859953991629720972391817280081914467433812664523140126630852
158 220224511651248248565280053600699177130535377623130742105174454393139747153767346336272011056019836482297765813878677104832176365448061590766550249055278046826665995556831190944051532898629566605370159528699630592642249531564386824748964518084072928885783267993664318046760044024289280067542526131141023791677928
159 20698749982194516371674810108738255731039238356349697010512705101303920379957690859147390917234126165211254084008957068381649375906173065102185038142683121442147134833333531648984084609195097641122862570187205079583801023620002988451337820317477909781120079876752458379601464776870666806531032302964317692865434808
160 1945461236866677699887710977042099786062691544320760723651309367912748769709361178869515579436336955529394954187156108436796609319405584767928471745381013717141425782503685695341273771627462529277794482645624041237287279027715810075015482683355310432366473601907848676770965044023614452705499857654569867658956546340
161 182852560053462247703594053409987406499298739221885927970041534423847215878886415633608207676932893067630579601142701923558762816140609206099232110835753154200805546129616525229271435837717280111837999852162008771969812896867314500054097540873355492272813743389481328897067724168205202096983684684366767668268713170688
162 17186186023400228542085411897519656047716306305642585471855806394112517870206260531552117420922305220028149726889313408409941800586218413395242907124856811116532207037637460685728149335843974080999227555135728412114357671395939881812148470822239322604766886964014990264389357102763302959177252239941991167057545410406416
163 1615317772660983483081280370859749604909127942399532376872576151446485532599012705001436937420431308660590027967918985132985376627933339885357510628284559209483938118255131499276214966826391005336419034845330908394795684613676196763756123221373370009684788147917270627289980729622166088085174703960514440222167353376263300
164 151822603521325621555752113946476447443776238085088029185943335134810046275779976342166031155412885896154921886857784206566961029291253944929168865247525735311840011082956056382967556564988365747796473014271787901151244747464894693684658686839298853802079596592613755936732978775412327383786364052276106312322758100824841656
165 14269701807355338017662707804460219736314706779366385490203150492509386622402314447426503275628531268925352247080938428977079663799691912767027785562946748207905561863446377231174230976208085511115375044566226351411234233057583589439979920208102552133065782853409162704401108943973680063993219541661315436314463811179643235128
166 1341199432416782978089893554190016103860923322883682574258355642628734136778910443010149338828741972847403580899495134556552517408248868582049781887752991201907440733226632824795609787652834086618746829488135821252697352576631442650089828260930354346024365358466843181296778960688901742295375898465852179924785640534199086129972
167 126058409755128772026516573800159629536575167198209217812833891123001258048801872887471532642612570718824552852335160040527918684841641027525408490798998949173381067295359163666348260481090623689549322142643039981181474951449230921808382768279601206651418926804426699907563086053791884490170756703019643746894172900979671649256032
168 11848143002385226501067579533300764832511432070655757003702536270819458977951169586219897899266225427282579321424479489248451104672830847644848340023532905883339994814762092547722510445252634955644161080378428154580220920421727728662379339842364837125788168643208167988373968889150919275231194025081551320595772444806008880844625824
169 1113598790256503414485884575221780308828862817547337374421216630274177081088212526492563709640589721167467400408853921877077214120294581537048131587707501700727718593845788529875261583127383567168617637134813488055524795352510152368905897111488584438880561723349090594639301508642094185901898084115323146231006855168806249275841699940
170 104666382353006277448814591153586495526850005135001100370669560536160184969242594735355729128319599334212760512580249577974854090653649271772901682872153529098408967921316249265592958834469004486342563434986741418783823317446420240563285571129695242908163172599844310216892901673431957609478257481686136381447572992030733733944542160168
171 9837521098907036474400329155616018328750418481576352981116676020495497136633411751711892824202992441177053277117138078882303758052755064400794250353102411295501498234744896439096912864750983775819269240491634492827678758201347605902050686399243950952287746787472823327752128755936275404119851572201430669307352499147336589424176450195288
172 924621824083341280912597665369873329083013687757199537550902291787195416282618951502562439587448677767609660990258038315480227195277192660141305391614978467454201999636989381273589204849183668351480750391495711338050211784730620791511205267391967565956986827485997471210276937268185426654643109537243799902752488781408228097809704245036900
173 86904567621836036821250382089835131634884858985783051366642775689089012776298008893993404996135987728457377496543935084494008110936845999538215565870362247077317658926062799049064340848218888033112600322607168010720096737322399052722150115249457340488853965951434257488797042307752062395144230310444141147423258205349482048190018541658052832
174 8168100380959137395616877545544670962743570886698839769437482181585633566601243761022964372917147774690516794198923535112844970915988914838911342241957526655670017576932713517860457006442041325478182028232822490328864129603562032850031301794857118397056810640406696695717903970658187342589942797885075612537393464854716467732573760783592234448
175 767714122044155612541022625863126400865034057914071730220780284417724634107590596893655693883300785059883766450292689512874801864782270460268771348326653366499365772588818858000824158055670792510912895244687805046242817346909639346158602164467311477129204875749374808024936486236086474464040202415580350883070002417784469588249782046395014746596
176 72156920911495979611084456678661535738805125400504237876109440544672682725258834516839351744058712870638487327291794924047036415965486820159741687984939004269030900922624776404868337203250668324603154844267411291677545855657696738853502718515677693490695629561953881902679990444576860177279210754268767547119154092615100556650163895896939207963832
177 6781979236703976308547134167285250694502038436069031017161820663457935580637383136331080534629707498008340950332096418493953297761930133127712479044157697361980976793348183196271414810266815977736491927617762360796550032499075776844471033387629061223909813389914499303085821368306153031958174821710984716057426756133548810817856134852501703769659800
178 637433551571571092338736911614375881083038352280268633992044223808227211615264762452008105266539286301726759357945405867001153323083447296517029982677325011499945489809387170199035601888576075973620506119644967241152317992159263249016361494884445171073995517712621883710185504206922676806803348310361085199320292533986515149315394977970423450711259188
179 59911939934899882829762912181333010879399197117936579400041380015256356512833105465885534259855204077143247192430167521861902570190501081855148362588532804613154477854538625133851428660102283091838006000249182663684740623059456690682709922321738039442348255506169617560583571056748294824421572577586894071295967766511608067138702767511162948188214610176
180 5631081918912811875199977101121375890247671279799468206551077871204835128389067312301510078908373918524407017780642700596446439732327319276157328694888113055341976299325993600517754685192325592062775152965821450890409912495241870037789739268759313055933470162387540505316177188989812779559062085491385308814158907784112773793773872719011381401215945534240
181 529261506336830049085467237977370547182915728633369167244679826627330653713392231734520316931108368792249280164076328700413531372330647148985515721424474723419872984868141988928724442439372378105095110692724357441414987779352859924931416479500251966168439002979842000215091294578338069978287281220252345572427997627900021221855814733231113738768845562582404
182 49744923999260959933715062496765410952760416132610896446439936391513926765668244223772025938870672401181045202179803513047256110845079089179003190269306562072987029627650510675290511938228430609987178584434932653877072793498213481377364458943390744641122436819097267165641276370746354514434046238291267036351467018502608225191989123192635974624278984176075496
183 4675491102346300466896185175036309794687967827573377977353958490612814518291800543578195251576823752557522789972882685878259425177437961017123523649093016389601216830242861978167742614862386941821267420334110616789691551464082015353377811105711605269710231369670494510156886400063421733800665485946474371894411422990481950494660447288604589098456989534939626616
184 439446184467870374967320092719997087692829178811423435768234966569507163339990515496430471817017859412535212609956363770323244374253346370142150383656303117797591340277765269035869281716111153323929791697873139581571863121128727562691168826658795405005006833103754552494866459453199101007065047779542695987942883665063606003098705254355242318944770119773086888484
185 41303243833885115875679228199645298953206748637501380984146886673858334860778770999410879541051627287174297752412021422699926595628394342403938722852961362322857069150070442035450482404657860681168376824940966338868145145235508680824387055158196415359311524096918348917308792784152665986388515574350390460877749476535015525466937097597250371708793919327037058421568
186 3882063405026783403813259235641149236297928767594608196089332599637192709363328360943444484860733983533495250289198406559179490368579067665825717202211630659632791844425433607036735345672842223599410403909192079342412764893076351355574599871514895932605607413528432868641511022258863054017579775266930859406310012266213663849416657418222419925034980177805554873834000
187 364872462348451142766869713765889362761933032553891328322854060633020710355397524907451544023764042576125982826509853875272766793342141856791481441104323716417469625614364098665550849354568226858418147947068590229730722506421489801461772006012255741758181890263060732943790919251681130065805447999283026947331379149451655274404793582943094762989803909811562477971720644
188 34294111118286431952556642776951357832249366458160754312638430214968875367001947434104799872558252212827439496310488328640558927596256727057814225233403517576965678992755717636724280034847423420536670839708965597789318672626856839007449894855402835886289557866476817752220782367977161375975917696940368899708894706324519391516554669203408403193391856080052570959650007096
189 3223279854620054937283100986470651755366088800754541352909200031577956851985342473599393810129978456728393632132665753307374859100152592656842590529516068541527563090029643727275985080242894789624830890240780995315174006242039880509605829225615875006866085838279277701730781005335083518121271319772241385418715091902856857423493594720252260137332411843384784659129465425016
190 302953850746099015098444490433419209613843479562932798002653674256759957896524336555384526752809307862864701442169974705667839468618352247805768725061227140327335182268644578815682367799393833080537858428860627714485753154421546840143830293373656896040517048163214205106939772625639419375946796553216889800673624941304966545761360038956139154889758538126282661922419946941364
191 28474423513160434341113952166011039655743803994775574060291033007538485640333903134688971472461322865005621965452217091166692964901181584065083096185311005795761143415321079083008743261316522928760677057397588217330043252785062764929996815374650654139383409504448350141667815001382062915058710988974784276729606454238549339367937748129550180248753441531329456555576813173633568
192 2676291429899456342787686081748355186892406252141497771174321904852836848713584152158975777564343033545684901661337016860759473861015215805410979704964835035364302073657419925285444649758367064130876759446706195686595446568727595544948700187605756444809765084053483837115305668063450016854865447720374927078996185754853353205143201776593493074492479010260467915221593543449376544
193 251542785912517748629790124498701573759237271217582991305253011717114505321400405568524949121323192208938780753359894113042039958835188578193241042481715766957563716826909785847887115843127339943034033462133372910022974083209521505053540651592162186014952106033441967606935664560809418888835746780683566354270747018192935099336388965606286567750378360565496939077395230271628132132
194 23642332982775281748872493499932925952430780795544092304167145079533525802656528956554143417827155673338346860869395934027370091684782297143597525751994714132223921449257924502788795089946604634475959700268762615203484261239261350667052732254800143464645169816508352127003175434217550186460044098947105353834796466526617480043291387574225856593305477549819018090777116129938999625512
195 2222126573181949993586972001560263153555642744981530918660966523338502548479196955832198645861771781655893372759877404299567928618657995664463874127457073480725903992771113658299297583986053898635120113846525133289405347977889259277826855605012630169549061394232717916882473480726032880809516184660403882925819383463325038045956166541676141676613367445886946997373311789288577706747928
196 208856144223958117827086526624836147992957705815035296980507033177940579211276174238768388912507708480518721469294410058585308144530040541905120465755576040047727848566744311894858633762370841587435403586523351213709679269720616492265499663661057996872748298718544875654933539991660679795257358130580546523863080231263045334699744792166612187939327213276356188650134768531863753300532580
197 19630244967385604869393117030680026050880475452573624561857258536547725420914333751229282371429069488638548230737271561366517561013947715540594623344859695846307442642253867822706923660583298265404284678962451609569189677811156972289009261653144757334067951649685904718719878706672377483450623439739902486752557675682678652519581319029809640711794496743351064504977871541203918874733158944
198 1845033187371101264851066277679238768966239490382033725287960159522713191163293334969487176832774202168255985499367348005106167461515654322871562911275033614590072093870017485197519224788259026473299068115782635490935369667333111800040178614296972508903207213392824934222017954066286677636998662176881796673774905515522571439507686194645822538779158735622075718678980022814211309352293902544
199 173413396937049859365444569091833918398239019120960242508823000328020347639288620734717837898403057720681655017666830446550190535489475504777816289774595590479015838526165292618491675153585557264924532623873331373258850028238238040623324644414658869747471674564062704851021954350405696269029573397936246423840327551440915128351220280018340441480075943652121031824038054030246410052417401970724
200 16299005591381935372772401381531292463961771190174534936393569982772071999330697155529333210998779758832161053757021038323303936719211055764735619886546654120505526792184714325930517325137314202828536782200096869517152161904257494816060617998453655694224711991791960613627082242716804188293992882527232213361965974723295133716993633215352994795079473328855867295287368753786092550233253512582200
201 1531932295659573212143289236437657894426498508965913087426560201723399842087395866284941725038957485976485957259036588435737176487291460690790518653072304822444325262690660289616159016119604344556827572323343021084289178956012529025272594857102721522959280388360164076084769400890931678857796556449810809174487667653660541939526392683167768681056119292712728954293616551834752940697718134589374424
202 143985260040998103039789856116927593036663338263275003196832682535720148272225626390034715755802590524124789669137317788909471745637160841310003023038519400117788433226211705526284349670500800971692834613173012137355653895109584037350043619083386306909983463571776463394731214608901227505495073758672699421080863066874680593957981868153610248704197413269644027390499508969544661630032620710239103412
203 13533075298309962914111296003828037623242969351525517207029187658452510586315938961023580005523511307277513978367352704959718685852632713659477207271731400825848073628449896487197594738895887592355921167268341173614982195419405159375576707351357300909607724892336876480041161849936236637674301838999823653672477991217008118798224505514629830314605683105474057939176704525754529021505452171409030908352
204 1271964414812871564597399157178141271744772887505572483845920851963181639994958261024083362546347508041785852522362189431070025179880691482079614554995312396371923567594588065686236858903222479095791606197350487231133925483119419604893342544756097622425014992592287223277354886968069322076084159995555380636051965483470955011566706862995742454020634328751313252519128083071201842230485449299866561853344
205 119551058195345778155015597448449152400773419448944626430243837399231206489391511404860195226842988253013226376682977416537515492857223265054386886953139199153782709680336984857163595004001352435586997234134524179874013647207154596396596506821641406904244258287418597926379688447651272357173567066867935647686052301216928245948369038127827904045641286708796069937741578219779953409833370861389491249068356
206 11236521516782861914807588877318348805747356432886041288504552805827544865397917398102234596605599899642594992878743024804749473785891238817757346172548707333095877656966890446163934361405902544079604637676236025283940920624092772567004478121414430979048116275757291840102340841167015152393005697579040854661751094391264875578349097705712547654797975449190776959727542674666552954332711286511127556459052520
207 1056112908601921614159186212345420869920004169603057942884498841715989026909069229731018477776163014714611285314087046325278612347366535063999042443631388922841324937867567125513835216835067734551494831623376917284370705980553071067296152444043798031932666591529984712048746594274201801063782191406499754846536946658349918307354979216070824154519895133225446034686241866253369382802129469743479841487117073976
208 99263323978838840601699788018036890055350843760252517451588486397024008469035417227889555472900484925394867679520578421626773659190288680489589831092599352507914041163217466233456101200567560251554903126560552396019189468551033438415515482202181156861006252033670520808410668440904491554582271311185039076368943113629818992102183187839154487228753135879443153518696422959912232078310969850952002035244212741412
209 9329691368294666340067689488306192772706433671907687790053396595957139058802099306101284619270313633763872330157259754687430621744306222577249677675701208567638444053439504731493571279129135788347213494194907053101721617043300809071087672119720066456530451404368332635494527891636426369090148134704209461353358730631537545347241200694947840616362274999704673341238746277059706209437437032470183575016829818487168
210 876891257904964366560292805833022129375308849206849447047182303755851910025947625308940672507323442562753119943702879712113954787245366511041914525851683603975551408046815177775483580070215920142646462523583089450399128615175535529013180036749358881102947417065564841837191983465928935562730770747656474535239275553713413528496831158250347672073490000870405610778027145579916553028672529568148094841645364694988304
