1 1
2 4
3 72
4 729
5 6480
6 63504
7 635040
8 6350400
9 63504000
10 635040000
11 6350400000
12 63504000000
13 635040000000
14 6350400000000
15 63504000000000
16 635040000000000
17 6350400000000000
18 63504000000000000
19 635040000000000000
20 6350400000000000000
21 63504000000000000000
22 635040000000000000000
23 6350400000000000000000
24 63504000000000000000000
25 635040000000000000000000
26 6350400000000000000000000
27 63504000000000000000000000
28 635040000000000000000000000
29 6350400000000000000000000000
30 63504000000000000000000000000
31 635040000000000000000000000000
32 6350400000000000000000000000000
33 63504000000000000000000000000000
34 635040000000000000000000000000000
35 6350400000000000000000000000000000
36 63504000000000000000000000000000000
37 635040000000000000000000000000000000
38 6350400000000000000000000000000000000
39 63504000000000000000000000000000000000
40 635040000000000000000000000000000000000
41 6350400000000000000000000000000000000000
42 63504000000000000000000000000000000000000
43 635040000000000000000000000000000000000000
44 6350400000000000000000000000000000000000000
45 63504000000000000000000000000000000000000000
46 635040000000000000000000000000000000000000000
47 6350400000000000000000000000000000000000000000
48 63504000000000000000000000000000000000000000000
49 635040000000000000000000000000000000000000000000
50 6350400000000000000000000000000000000000000000000
51 63504000000000000000000000000000000000000000000000
52 635040000000000000000000000000000000000000000000000
53 6350400000000000000000000000000000000000000000000000
54 63504000000000000000000000000000000000000000000000000
55 635040000000000000000000000000000000000000000000000000
56 6350400000000000000000000000000000000000000000000000000
57 63504000000000000000000000000000000000000000000000000000
58 635040000000000000000000000000000000000000000000000000000
59 6350400000000000000000000000000000000000000000000000000000
60 63504000000000000000000000000000000000000000000000000000000
61 635040000000000000000000000000000000000000000000000000000000
62 6350400000000000000000000000000000000000000000000000000000000
63 63504000000000000000000000000000000000000000000000000000000000
64 635040000000000000000000000000000000000000000000000000000000000
65 6350400000000000000000000000000000000000000000000000000000000000
66 63504000000000000000000000000000000000000000000000000000000000000
67 635040000000000000000000000000000000000000000000000000000000000000
68 6350400000000000000000000000000000000000000000000000000000000000000
69 63504000000000000000000000000000000000000000000000000000000000000000
70 635040000000000000000000000000000000000000000000000000000000000000000
71 6350400000000000000000000000000000000000000000000000000000000000000000
72 63504000000000000000000000000000000000000000000000000000000000000000000
73 635040000000000000000000000000000000000000000000000000000000000000000000
74 6350400000000000000000000000000000000000000000000000000000000000000000000
75 63504000000000000000000000000000000000000000000000000000000000000000000000
76 635040000000000000000000000000000000000000000000000000000000000000000000000
77 6350400000000000000000000000000000000000000000000000000000000000000000000000
78 63504000000000000000000000000000000000000000000000000000000000000000000000000
79 635040000000000000000000000000000000000000000000000000000000000000000000000000
80 6350400000000000000000000000000000000000000000000000000000000000000000000000000
81 63504000000000000000000000000000000000000000000000000000000000000000000000000000
82 635040000000000000000000000000000000000000000000000000000000000000000000000000000
83 6350400000000000000000000000000000000000000000000000000000000000000000000000000000
84 63504000000000000000000000000000000000000000000000000000000000000000000000000000000
85 635040000000000000000000000000000000000000000000000000000000000000000000000000000000
86 6350400000000000000000000000000000000000000000000000000000000000000000000000000000000
87 63504000000000000000000000000000000000000000000000000000000000000000000000000000000000
88 635040000000000000000000000000000000000000000000000000000000000000000000000000000000000
89 6350400000000000000000000000000000000000000000000000000000000000000000000000000000000000
90 63504000000000000000000000000000000000000000000000000000000000000000000000000000000000000
91 635040000000000000000000000000000000000000000000000000000000000000000000000000000000000000
92 6350400000000000000000000000000000000000000000000000000000000000000000000000000000000000000
93 63504000000000000000000000000000000000000000000000000000000000000000000000000000000000000000
94 635040000000000000000000000000000000000000000000000000000000000000000000000000000000000000000
95 6350400000000000000000000000000000000000000000000000000000000000000000000000000000000000000000
96 63504000000000000000000000000000000000000000000000000000000000000000000000000000000000000000000
97 635040000000000000000000000000000000000000000000000000000000000000000000000000000000000000000000
98 6350400000000000000000000000000000000000000000000000000000000000000000000000000000000000000000000
99 63504000000000000000000000000000000000000000000000000000000000000000000000000000000000000000000000
100 635040000000000000000000000000000000000000000000000000000000000000000000000000000000000000000000000
101 6350400000000000000000000000000000000000000000000000000000000000000000000000000000000000000000000000
102 63504000000000000000000000000000000000000000000000000000000000000000000000000000000000000000000000000
103 635040000000000000000000000000000000000000000000000000000000000000000000000000000000000000000000000000
104 6350400000000000000000000000000000000000000000000000000000000000000000000000000000000000000000000000000
105 63504000000000000000000000000000000000000000000000000000000000000000000000000000000000000000000000000000
106 635040000000000000000000000000000000000000000000000000000000000000000000000000000000000000000000000000000
107 6350400000000000000000000000000000000000000000000000000000000000000000000000000000000000000000000000000000
108 63504000000000000000000000000000000000000000000000000000000000000000000000000000000000000000000000000000000
109 635040000000000000000000000000000000000000000000000000000000000000000000000000000000000000000000000000000000
110 6350400000000000000000000000000000000000000000000000000000000000000000000000000000000000000000000000000000000
111 63504000000000000000000000000000000000000000000000000000000000000000000000000000000000000000000000000000000000
112 635040000000000000000000000000000000000000000000000000000000000000000000000000000000000000000000000000000000000
113 6350400000000000000000000000000000000000000000000000000000000000000000000000000000000000000000000000000000000000
114 63504000000000000000000000000000000000000000000000000000000000000000000000000000000000000000000000000000000000000
115 635040000000000000000000000000000000000000000000000000000000000000000000000000000000000000000000000000000000000000
116 6350400000000000000000000000000000000000000000000000000000000000000000000000000000000000000000000000000000000000000
117 63504000000000000000000000000000000000000000000000000000000000000000000000000000000000000000000000000000000000000000
118 635040000000000000000000000000000000000000000000000000000000000000000000000000000000000000000000000000000000000000000
119 6350400000000000000000000000000000000000000000000000000000000000000000000000000000000000000000000000000000000000000000
120 63504000000000000000000000000000000000000000000000000000000000000000000000000000000000000000000000000000000000000000000
121 635040000000000000000000000000000000000000000000000000000000000000000000000000000000000000000000000000000000000000000000
122 6350400000000000000000000000000000000000000000000000000000000000000000000000000000000000000000000000000000000000000000000
123 63504000000000000000000000000000000000000000000000000000000000000000000000000000000000000000000000000000000000000000000000
124 635040000000000000000000000000000000000000000000000000000000000000000000000000000000000000000000000000000000000000000000000
125 6350400000000000000000000000000000000000000000000000000000000000000000000000000000000000000000000000000000000000000000000000
126 63504000000000000000000000000000000000000000000000000000000000000000000000000000000000000000000000000000000000000000000000000
127 635040000000000000000000000000000000000000000000000000000000000000000000000000000000000000000000000000000000000000000000000000
128 6350400000000000000000000000000000000000000000000000000000000000000000000000000000000000000000000000000000000000000000000000000
129 63504000000000000000000000000000000000000000000000000000000000000000000000000000000000000000000000000000000000000000000000000000
130 635040000000000000000000000000000000000000000000000000000000000000000000000000000000000000000000000000000000000000000000000000000
131 6350400000000000000000000000000000000000000000000000000000000000000000000000000000000000000000000000000000000000000000000000000000
132 63504000000000000000000000000000000000000000000000000000000000000000000000000000000000000000000000000000000000000000000000000000000
133 635040000000000000000000000000000000000000000000000000000000000000000000000000000000000000000000000000000000000000000000000000000000
134 6350400000000000000000000000000000000000000000000000000000000000000000000000000000000000000000000000000000000000000000000000000000000
135 63504000000000000000000000000000000000000000000000000000000000000000000000000000000000000000000000000000000000000000000000000000000000
136 635040000000000000000000000000000000000000000000000000000000000000000000000000000000000000000000000000000000000000000000000000000000000
137 6350400000000000000000000000000000000000000000000000000000000000000000000000000000000000000000000000000000000000000000000000000000000000
138 63504000000000000000000000000000000000000000000000000000000000000000000000000000000000000000000000000000000000000000000000000000000000000
139 635040000000000000000000000000000000000000000000000000000000000000000000000000000000000000000000000000000000000000000000000000000000000000
140 6350400000000000000000000000000000000000000000000000000000000000000000000000000000000000000000000000000000000000000000000000000000000000000
141 63504000000000000000000000000000000000000000000000000000000000000000000000000000000000000000000000000000000000000000000000000000000000000000
142 635040000000000000000000000000000000000000000000000000000000000000000000000000000000000000000000000000000000000000000000000000000000000000000
143 6350400000000000000000000000000000000000000000000000000000000000000000000000000000000000000000000000000000000000000000000000000000000000000000
144 63504000000000000000000000000000000000000000000000000000000000000000000000000000000000000000000000000000000000000000000000000000000000000000000
145 635040000000000000000000000000000000000000000000000000000000000000000000000000000000000000000000000000000000000000000000000000000000000000000000
146 6350400000000000000000000000000000000000000000000000000000000000000000000000000000000000000000000000000000000000000000000000000000000000000000000
147 63504000000000000000000000000000000000000000000000000000000000000000000000000000000000000000000000000000000000000000000000000000000000000000000000
148 635040000000000000000000000000000000000000000000000000000000000000000000000000000000000000000000000000000000000000000000000000000000000000000000000
149 6350400000000000000000000000000000000000000000000000000000000000000000000000000000000000000000000000000000000000000000000000000000000000000000000000
150 63504000000000000000000000000000000000000000000000000000000000000000000000000000000000000000000000000000000000000000000000000000000000000000000000000
151 635040000000000000000000000000000000000000000000000000000000000000000000000000000000000000000000000000000000000000000000000000000000000000000000000000
152 6350400000000000000000000000000000000000000000000000000000000000000000000000000000000000000000000000000000000000000000000000000000000000000000000000000
153 63504000000000000000000000000000000000000000000000000000000000000000000000000000000000000000000000000000000000000000000000000000000000000000000000000000
154 635040000000000000000000000000000000000000000000000000000000000000000000000000000000000000000000000000000000000000000000000000000000000000000000000000000
155 6350400000000000000000000000000000000000000000000000000000000000000000000000000000000000000000000000000000000000000000000000000000000000000000000000000000
156 63504000000000000000000000000000000000000000000000000000000000000000000000000000000000000000000000000000000000000000000000000000000000000000000000000000000
157 635040000000000000000000000000000000000000000000000000000000000000000000000000000000000000000000000000000000000000000000000000000000000000000000000000000000
158 6350400000000000000000000000000000000000000000000000000000000000000000000000000000000000000000000000000000000000000000000000000000000000000000000000000000000
159 63504000000000000000000000000000000000000000000000000000000000000000000000000000000000000000000000000000000000000000000000000000000000000000000000000000000000
160 635040000000000000000000000000000000000000000000000000000000000000000000000000000000000000000000000000000000000000000000000000000000000000000000000000000000000
161 6350400000000000000000000000000000000000000000000000000000000000000000000000000000000000000000000000000000000000000000000000000000000000000000000000000000000000
162 63504000000000000000000000000000000000000000000000000000000000000000000000000000000000000000000000000000000000000000000000000000000000000000000000000000000000000
163 635040000000000000000000000000000000000000000000000000000000000000000000000000000000000000000000000000000000000000000000000000000000000000000000000000000000000000
164 6350400000000000000000000000000000000000000000000000000000000000000000000000000000000000000000000000000000000000000000000000000000000000000000000000000000000000000
165 63504000000000000000000000000000000000000000000000000000000000000000000000000000000000000000000000000000000000000000000000000000000000000000000000000000000000000000
166 635040000000000000000000000000000000000000000000000000000000000000000000000000000000000000000000000000000000000000000000000000000000000000000000000000000000000000000
167 6350400000000000000000000000000000000000000000000000000000000000000000000000000000000000000000000000000000000000000000000000000000000000000000000000000000000000000000
168 63504000000000000000000000000000000000000000000000000000000000000000000000000000000000000000000000000000000000000000000000000000000000000000000000000000000000000000000
169 635040000000000000000000000000000000000000000000000000000000000000000000000000000000000000000000000000000000000000000000000000000000000000000000000000000000000000000000
170 6350400000000000000000000000000000000000000000000000000000000000000000000000000000000000000000000000000000000000000000000000000000000000000000000000000000000000000000000
171 63504000000000000000000000000000000000000000000000000000000000000000000000000000000000000000000000000000000000000000000000000000000000000000000000000000000000000000000000
172 635040000000000000000000000000000000000000000000000000000000000000000000000000000000000000000000000000000000000000000000000000000000000000000000000000000000000000000000000
173 6350400000000000000000000000000000000000000000000000000000000000000000000000000000000000000000000000000000000000000000000000000000000000000000000000000000000000000000000000
174 63504000000000000000000000000000000000000000000000000000000000000000000000000000000000000000000000000000000000000000000000000000000000000000000000000000000000000000000000000
175 635040000000000000000000000000000000000000000000000000000000000000000000000000000000000000000000000000000000000000000000000000000000000000000000000000000000000000000000000000
176 6350400000000000000000000000000000000000000000000000000000000000000000000000000000000000000000000000000000000000000000000000000000000000000000000000000000000000000000000000000
177 63504000000000000000000000000000000000000000000000000000000000000000000000000000000000000000000000000000000000000000000000000000000000000000000000000000000000000000000000000000
178 635040000000000000000000000000000000000000000000000000000000000000000000000000000000000000000000000000000000000000000000000000000000000000000000000000000000000000000000000000000
179 6350400000000000000000000000000000000000000000000000000000000000000000000000000000000000000000000000000000000000000000000000000000000000000000000000000000000000000000000000000000
180 63504000000000000000000000000000000000000000000000000000000000000000000000000000000000000000000000000000000000000000000000000000000000000000000000000000000000000000000000000000000
181 635040000000000000000000000000000000000000000000000000000000000000000000000000000000000000000000000000000000000000000000000000000000000000000000000000000000000000000000000000000000
182 6350400000000000000000000000000000000000000000000000000000000000000000000000000000000000000000000000000000000000000000000000000000000000000000000000000000000000000000000000000000000
183 63504000000000000000000000000000000000000000000000000000000000000000000000000000000000000000000000000000000000000000000000000000000000000000000000000000000000000000000000000000000000
184 635040000000000000000000000000000000000000000000000000000000000000000000000000000000000000000000000000000000000000000000000000000000000000000000000000000000000000000000000000000000000
185 6350400000000000000000000000000000000000000000000000000000000000000000000000000000000000000000000000000000000000000000000000000000000000000000000000000000000000000000000000000000000000
186 63504000000000000000000000000000000000000000000000000000000000000000000000000000000000000000000000000000000000000000000000000000000000000000000000000000000000000000000000000000000000000
187 635040000000000000000000000000000000000000000000000000000000000000000000000000000000000000000000000000000000000000000000000000000000000000000000000000000000000000000000000000000000000000
188 6350400000000000000000000000000000000000000000000000000000000000000000000000000000000000000000000000000000000000000000000000000000000000000000000000000000000000000000000000000000000000000
189 63504000000000000000000000000000000000000000000000000000000000000000000000000000000000000000000000000000000000000000000000000000000000000000000000000000000000000000000000000000000000000000
190 635040000000000000000000000000000000000000000000000000000000000000000000000000000000000000000000000000000000000000000000000000000000000000000000000000000000000000000000000000000000000000000
191 6350400000000000000000000000000000000000000000000000000000000000000000000000000000000000000000000000000000000000000000000000000000000000000000000000000000000000000000000000000000000000000000
192 63504000000000000000000000000000000000000000000000000000000000000000000000000000000000000000000000000000000000000000000000000000000000000000000000000000000000000000000000000000000000000000000
193 635040000000000000000000000000000000000000000000000000000000000000000000000000000000000000000000000000000000000000000000000000000000000000000000000000000000000000000000000000000000000000000000
194 6350400000000000000000000000000000000000000000000000000000000000000000000000000000000000000000000000000000000000000000000000000000000000000000000000000000000000000000000000000000000000000000000
195 63504000000000000000000000000000000000000000000000000000000000000000000000000000000000000000000000000000000000000000000000000000000000000000000000000000000000000000000000000000000000000000000000
196 635040000000000000000000000000000000000000000000000000000000000000000000000000000000000000000000000000000000000000000000000000000000000000000000000000000000000000000000000000000000000000000000000
197 6350400000000000000000000000000000000000000000000000000000000000000000000000000000000000000000000000000000000000000000000000000000000000000000000000000000000000000000000000000000000000000000000000
198 63504000000000000000000000000000000000000000000000000000000000000000000000000000000000000000000000000000000000000000000000000000000000000000000000000000000000000000000000000000000000000000000000000
199 635040000000000000000000000000000000000000000000000000000000000000000000000000000000000000000000000000000000000000000000000000000000000000000000000000000000000000000000000000000000000000000000000000
200 6350400000000000000000000000000000000000000000000000000000000000000000000000000000000000000000000000000000000000000000000000000000000000000000000000000000000000000000000000000000000000000000000000000
201 63504000000000000000000000000000000000000000000000000000000000000000000000000000000000000000000000000000000000000000000000000000000000000000000000000000000000000000000000000000000000000000000000000000
202 635040000000000000000000000000000000000000000000000000000000000000000000000000000000000000000000000000000000000000000000000000000000000000000000000000000000000000000000000000000000000000000000000000000
203 6350400000000000000000000000000000000000000000000000000000000000000000000000000000000000000000000000000000000000000000000000000000000000000000000000000000000000000000000000000000000000000000000000000000
204 63504000000000000000000000000000000000000000000000000000000000000000000000000000000000000000000000000000000000000000000000000000000000000000000000000000000000000000000000000000000000000000000000000000000
205 635040000000000000000000000000000000000000000000000000000000000000000000000000000000000000000000000000000000000000000000000000000000000000000000000000000000000000000000000000000000000000000000000000000000
206 6350400000000000000000000000000000000000000000000000000000000000000000000000000000000000000000000000000000000000000000000000000000000000000000000000000000000000000000000000000000000000000000000000000000000
207 63504000000000000000000000000000000000000000000000000000000000000000000000000000000000000000000000000000000000000000000000000000000000000000000000000000000000000000000000000000000000000000000000000000000000
208 635040000000000000000000000000000000000000000000000000000000000000000000000000000000000000000000000000000000000000000000000000000000000000000000000000000000000000000000000000000000000000000000000000000000000
209 6350400000000000000000000000000000000000000000000000000000000000000000000000000000000000000000000000000000000000000000000000000000000000000000000000000000000000000000000000000000000000000000000000000000000000
210 63504000000000000000000000000000000000000000000000000000000000000000000000000000000000000000000000000000000000000000000000000000000000000000000000000000000000000000000000000000000000000000000000000000000000000
