1 81
2 16
3 4913
4 6480
5 428383
6 1262128
7 41634729
8 190532944
9 4254090231
10 25595530224
11 448363485787
12 3231395138192
13 48307812545787
14 393486251977776
15 5289839833178345
16 46862146728089808
17 586190042199419197
18 5502521762723124848
19 65522243331949360923
20 640146332643567964944
21 7369387984340828151941
22 74015575936950973984944
23 832501121563241942710331
24 8522540651681660766598480
25 94337309678262186143787039
26 978580024326367312026399472
27 10713310994187335141761101087
28 112148368738725178731096813456
29 1218484948406703273338918624573
30 12835749960444800289946493353264
31 138730712863587821975068085692905
32 1467775595309817401599710786978256
33 15806701455795554863328099614337135
34 167737487720021948420449800354680688
35 1801892180919204172505228307423471097
36 19160914336810297045031318379853802512
37 205479153036253894674702730153517783559
38 2188141186298777617962429349479308011952
39 23437505497773492862554812047314382752539
40 249831354990462391359746453393509693992528
41 2673790058972833522022610292512753409794795
42 28520570984342700054920493732104917002800112
43 305065537451470110522950036020948142789332329
44 3255576339893054541538649837096353228480481424
45 34809153750095619038274886386206726095125135709
46 371594137938588467996468674895756033460792718896
47 3972076251944635884285059892088864019583995507483
48 42412124560956633225851354817346320472840521202384
49 453271187276119082976772975449476725718782093884981
50 4840581585569687159011104269093041213026032757336176
51 51726129864021378136280127472670952256375633157470667
52 552453382614872858422151371483446644610225237081589008
53 5902957841274035287928626021310182743669141679765340191
54 63050310222981559179317745862342135586855733155628180144
55 673650716797254351917646551918750520589986763464240658575
56 7195721263314768745357684502295715700305669825236604266320
57 76878269114038361912373136888658458566251169070102137992765
58 821217773972733114269400122561315259439467820375267271648496
59 8773542587021170446844287202426412808444214423487354727895497
60 93721711891207444560982162170827145548830150492028688140132752
61 1001262969264301893686608560363819523349141434055309783459970927
62 10695980706743749733531129285416319336396816568294564184275742512
63 114267452406866454547490089459650459055857713821570165249514067945
64 1220674836410904206347085459946174543106650000125412102627522278352
65 13040606196889052561732671520628052701489684544257249027213794629975
66 139308838423783385168871492715450791405546390478484905036880969793904
67 1488242143344392047781452120845755093121171628038011566887985042266843
68 15898526159865884880447659433121316681998365492314052519825414907829776
69 169843847414353897169109117618941389130960695814240036797194893055079387
70 1814407056964578084657158909723511500336282400091674184670891210244168624
71 19383237515962498656763593734313677284036070640003805165419862692651536105
72 207067698413553461907807943733905595431868059520432418019146170870067208272
73 2212091094616807393851174747704090432979443975159393526441479845889502515709
74 23631420440681614513503862219798050020008675958667696482547047465232352148976
75 252452589328719407488006087770069746216949640842934475993692996405358849524251
76 2696914560336626405477598149521041191485875037758442415936150221424397602830992
77 28810894543008739522097443646924281305801828169938118745284243200344726427827301
78 307782889937569168819090608292132462984337987480695595790353330327332179927525424
79 3288014462035093828450004269625014885770413656121287810830376312431649385845464795
80 35125434570536907111500057702943580502729807294084510304629236466126302474586631376
81 375241392377278789098064932425443517749676243497248063673417472236820216396932462495
82 4008657048803971823001989354228732917116420976830556078892121610923988083184077970032
83 42824055033261591584038642786279902195017852147093364057290018684980131161519268408575
84 457484173790366855850160842511102204801465844136309418007685589872311583387586995795728
85 4887253416325173213145462043589283638340162028903149647995473696771869982398808751522109
86 52209944238068193348875019112394271125867787115907021352658296750006404606390097177793712
87 557753036742912958461953568247413323933841891209077709416687535381320649700658730545964841
88 5958409840348110614184293842456209411872237337727200637916386723410190045467990496664426832
89 63653023600654497154569316732488683305622188962024980512317213275950390184476673181514451567
90 679997798786479448540523385819500344218300022703164359704514830184580799184278910824738084592
91 7264339609121671919231276089505170840479620998422531138143445638377198048624900217479967889753
92 77604094503784713572236062940248491066603774640394196000288379047305128412103679555150600082320
93 829035724330387355657567267523580235795581716223197399221808573338286070125581149708792680044327
94 8856492536400459643345631922351129560880100887146256197707590137932951766199926953358651643552048
95 94612900046037277862435555993813931977713612691450793092238816827971906658961288885953663291695387
96 1010738673819407363859414446051522475868902605312928766265058102819037468913311861639514793385616848
97 10797605746589859444470886748966281274615920337412054177229421746281497816912839382924606700448732363
98 115349576391675212454613320988579033342576089620973558717663292035909054439104452307467487885579891568
99 1232266321144527588592449190983934641273686902063014756846601580664634785932838033623426325984885300073
100 13164159123579025840947179982175438840959422982968085115226402903805907129895168258556387042797794611216
101 140631203396666719528590110069189083507555353928551890968132909539221382135929913124170596405678364073757
102 1502346956957532478487653775647580426414433777321409460556870385615879338003215080201291679872445085715888
103 16049400249652918886244839732100671306642600885231449301891247072189573173975751764469749933671432027121691
104 171453896502088532165751644911756453191381003415628074264450839558967730645816791555808644480014415179682384
105 1831622303247944488372696438628325974259899335587334929226367146272869869831156682962890900875998590378106645
106 19567010443982064464277859686656611334755966601127566411572066343069897202206309310372801078459542806232903664
107 209032126576036309350033124121880822813172187264703725170181963970300220059523878596768430530389839353708832619
108 2233066178547358586059436994829947324834522626838486443857964321949660932277011971283143752571232072496097848464
109 23855589598183664622328303151336021529171626755796446856256171819097176579152116214291485836170165446777704417951
110 254846521891931577385204920326209825187137846307163024364099060245373183813010820964083723102145800711123149707824
111 2722496128306968149230342723661205219272844346043434867965272057208591079284500744948551239258587799218936236173935
112 29084113280507744477282251235109963012317615387432132608727787175395279152541226283112999831369286983986007915568848
113 310702241925330949118452024849728980175336682115808934056972737416232660752261289433383322092619001209285978014811709
114 3319196349425987992032891060376543647113578191532009474888938128813626081442246851309821306562279256741655672997727344
115 35458593366328671055285722271491056907882219626700431628537222802542557651496604516198810414521305043264362238677285385
116 378800078864931922152752811938996358796603482294213555992760311143879588013360771067089880890013733147147406431519992080
117 4046677731984682371870281720423010702425897673733607412748417756807267758229619215332674967418664763460845706639951611247
118 43230193283951226062614089366982695456294083583549041752927412093587506647075116003441213046775745435018490983393791952560
119 461823189058415300457962723833613213769592892279855360731207079476021185702728022372844833978773305382891221376533029908041
120 4933604071131333273619905116572652232543759529129163207845518048826608489425349528727757949142318861749064539446705423682384
121 52705125559941526623864568153271593075310276908198747237856871434944437123152030207590123163262042896670097983041331347833719
122 563042801349388034865133455947626376230330028419693843554871255569280071974660330637511363543018024625865085083533081856739568
123 6014921567857356109554611059364029591924021944191054550444673839528597209309781264325565641173402707467825804589768258004982235
124 64256716098374592661690206217858069113705699012204330328638706291206883477021028775241525014907478208470179363775358879037998480
125 686447116559124884962598236578195858531327591995213593808220406514810198511100744643551569448462509040446824827888308015465014715
126 7333235686086050115532096464047037968819196672643031085102947019097885402575410081843029178085707047555692645934966731602969219888
127 78340114418062967620013389605744143266366791119100422223639193188851649942075941191696009517155201222023581921837137199701443332841
128 836898442560873003965372402166531552776433317100044795279979138616460019221873921696883780856185080604690280693009010196266054342608
129 8940489921323785768677825474883843003188735573623327555266465285036017614085039619976645332706568455686701130639404264053812757125309
130 95510226745041035953277573554591605218978999799117443536196261731582264136074911584855671378242019197065749081177220314187840201713008
131 1020324780322403420653334821319078803034373007776957733167666441730076483296101401903779021523688680104480970052035341548981521005170971
132 10900012413578541864154534044564493812343003652438809606953661644924188298675665381387531473245671348966596031309520793982281053430120976
133 116443580442239764942816941029033412379342579799246299810501393374986026144873196657172661360921144655948922971231981924614316012143950405
134 1243953392893563888996908628676226454196433294117450424179036651905280131227709487765649648402763543372647051373673804124002241051654029232
135 13289011193067868182853701484805709132814637216014553335052519361446893080172616750847582893772928468295915150492677099641097589062225056635
136 141964979944242058257680625379957629744620678434226927275157590381035343978282439930275005122713406223413952232316074106375882930769158505552
137 1516595572030064577892546038053474270720471577367695839747416354161317783825300317369823108873392466804220087512905133240042023362611888731423
138 16201616270877343977539221936448564606498276238855975179313401392139974165167818201333306898028567421024463013942036994945406889626621476626928
139 173080005403705638384916177146171480372844815013604461002552259097627763773615608113448314480237968984863211975265037709816764676289091913928927
140 1848993814470228911263387218207286411951443139998770226664558547229286944485197262170601544545656161515659158357559572809004820085341819036442256
141 19752588510127135949671372550762807046878012884503107970054319588224014713659827067239336999051464077467123551634797515950192270760352198466530621
142 211014633897378822349064046603911573126111035320607068430007020660306333557652488822520283636059242185141800999967544915705524667233978541203082288
143 2254245092844492875373594132836317552822610307480542284716864806659272880568468372392095094200819408712839952429024518973677558756025804749309057641
144 24081841361684172627481830359076900636272720916819043526411616909030596125018509131541896339145529459764894008856256915439470873278540596599236006096
145 257263544776001649107878126240215931104430358600897265243531235453138070579626461224043021020167940158274692325872335381029859519149442924726649261167
146 2748316894699451976105828929907932935746059284651585443872783668773351814616890982188777337898078186219876090909345660526449312522384969029133530201712
147 29359953662905193946457695560321531504039369840289979253072533985157580152248076114216378695997930467747838904412901089082651317270266725880870444333753
148 313649012143445712651471187872673232761791009486314773736024198258304978118048918845516598409030896251980488676721654910663852464941047730822303281781520
149 3350676365121117320761493841817540834028188187889647253014833112303040083287752807319614381407720098418340133348941430508059386094865219362722175129022023
150 35794890686828980405554175281141844327535406747409981775181640051306295721359607591775667021906483556283252870300987836706740035871439370668691574185310384
151 382392705134566505646211091292812201384803765033875549072037510913651490943430364632028552792034295399937438635508524808871532884971258725301418515487097115
152 4085057340132184647938606392754899900989894165897745336775889752400137627054532530499272878158566048092947849115447252449554864811727894331561860645598133584
153 43640198278256908253362774827649887156544464881569263209237177051007000804518798450175562456148454624780037361142819987211779154232310376016163848996169451179
154 466203224872705481840688245725862370405629271874711867631852533595143856465803915495621501451873992881228571560596562106221518676083578009645529130431733349104
155 4980395494457958037691114363555914879245128827349704592545748804598873802168878408781830483020158297426375005811254113415209252746633181657750064684991667393897
156 53204992925425562410583931844363212613747770104274280756574566934454085816880898134406966991746780244912547573218851416176838324239899203956130632840478095472528
157 568382827297496497097531112133706494469983145424414020440363187240597234681317965242393250061728837030468164015195221312412928247956620617126861058576968836280029
158 6071968448882641212088301626560216778061597548356545653146122310248933411215933237559654056266029928035403269146235897336490013195638173546095552480008903823148336
159 64866141399052230044983023774750623818193294669624826591505031203761524492050277113768754942393979847032294516728421386183083229474294701547358330604640192991168795
160 692957536821809026588472438972240025655236428176994222983748350769443013470576882477881647815118610210104515495757321808548310413807666428562065803047855629265226192
161 7402785759745844633290390290166556079117624167690912790106586796285583584078167655534291043052971536779032418007468208804493543379007946079995216995647800133797577205
162 79083109848256653237366169380838352725455107390384623397971349450330111006212505114473108846434999707046847993294504917829136995490993276544219505734389385116381943664
163 844835777537060822868285767111814444685718266926069559252502354126818002648072031904252815636357395448037019066512508917852120597872438344126183755878123923964540322571
164 9025283557713181614865754626401779476492774787431750265800217159474882191022281767988654720273954359746150481145844281001829388406634128971613743711183310641672631301136
165 96416067433399153129287700269620631350630915429033773356056804861765389893065666786767181413437395112570590174064896382511715653235813549234213289425759963564451952456479
166 1030001772229527430682615149780645235540655601898399034934349107085715827249906874885038905999363300389115984088508189743233911141675862628007076935950281615093778316718512
167 11003390607370540507844846934393531328235560664852717955927446710130234648390965329599454491126291888780476045957525388403822032559813440409867861746686788529408312563335247
168 117547957802310615618295422811555744463912027925333331926391508553329747240714410275370149906447766477468747902749666490812594911671381530115551397665443177500671513810761296
169 1255751329434850896673903106769682932823526604301878877992843354080273154302819120068424834239971288724729872828990109971602678689654190773426697733351602386495697787430075965
170 13415047193156267978054001240834214546011212173661774595124897922739560323384105150917490552676031341286049751333950024888176247133439006081778165251900270993247424893630387184
171 143311408060086656606798453573124413924726955443761649011179203515307297463655300405043471614554463773447033389406201940760942375200520918926654145199458852727079065101560092745
172 1530979308864449864147337836763532403097087556419031284876890655622852571084811035015905206667507181580092277081163083943982472982854750573972021495556348565215095221205120798864
173 16355276079546672688707205301972989604268459540554403679085393978953033832838600702342677635435835009473834571274370309374056394199990186360623948871362604466784677752511155788655
174 174721535483438954043588325319659303412145250410925465181864934495577938612116010585406518879788707946107650681564635596713762122717462754550110957082953753901756696249552268541488
175 1866530091770773358732320077544438226323793344605045443512324715549566802685952999084444979822325281798891719966011099970541977684514578923786041007835869293278211732478140270936745
176 19939926545665294386378277285513952318669477421857966383329990306074069246483969270652473741264970220434071008736057368203824616591646638624749588616574487962325390866423667739919056
177 213015944612680851725571692152491365620456412538026949298523330039036720120386797521133112870532640208463032188804454601974680208946042286831149430290966250320350191263513916070152087
178 2275624865282926712497406648315957978539389223585246942121631972557076547631284995644295727990543131081118691628892675714569330281750129049920701392138569592694365511693512185176666224
179 24310239014783228401474337285510194302404946510109554335275965133387994641032089406118249911504754899430274313992569272425730732616631472377153454229303721668582409957971674407674434267
180 259703490664045151319362059675663400451532514045101911472652511560521146053390291068179547772479702958328287295366800883025823924171171555968677433114832525481556442894143197154513833232
181 2774382556340844062849632222293504125848411534938872110095990272058477089781736052686817428565180063952698084549980130582020446284512746318222848710360372104005293033747844630437685073819
182 29638410131673543581257891565715824427174003901375248933440652274797139133528964339241841926230406475503974162152835566704970654125025059515380878626531903373074329708298136802807760399024
183 316623730611930245804095923736481870579121258977989617809789783269436645064343831430763190894278818600204101682734862270828099683272182365710059181226830696797762391578098715942662777180905
184 3382454940775673491974866897072304606528618996143919059060762942290497692877122092096055246315785482379684802260691654845470298376567346953103473075184877037852385131393902841163929301905232
185 36134377559970510487362392291267395951442060390523769597681157544687019102683873449383619048089409353099662752859938515364501724384528059954067140459228863716036343970932916187030184221069693
186 386019404399534861014477686872560598681410262539520828422667455172432779118151431415187298673104143151466698614524110641841151513214511579135170275552213243830129060786149315802430493082184944
187 4123800951757539558541740492757275795368441255288893757896135761311318367735882065791878303801589731499907276692178030414089588174049280463268578712100084797815521407993136051260678846259133467
188 44054091830355619454491778113159471597343740328340307168101657381192288974891205135936950942912769235658711862716794267930299960476537242660313884141991062532098165214415771278469661198560635280
189 470624802142856421573977661485026590830304546956425144102142096920550044932033264615954083125007516883868090925747159059825585632917651489447873792973905716272737753367148378410801899315711478309
190 5027630696483567649716973909222245229762635850149315133848087659561857066823037012827287331651518715146407393652274030393135871438426481324699968640410984292416179778359424199542443819427242227504
191 53709601162395104455704798251624000152860508247776774890982400791171518561981000878878673947784017887988096507445933648515421910870778648096248840831944917697026624844760944743086474522526955861531
192 573773499123788329959647685726742773695915559633430923635950128691311039661501593462862122163809082694310889569760030441929678966327093176129964026746980159247064039960652700313234473367437500496848
193 6129556376733216325321609014614533105657243995757386785651409778619146249358616580695337722431474418484347738107503867899354092205744744479333101803687058170190631837661153177127686044176957461971103
194 65481346616611404463672586873017144617921371003055629271690884978551401048670593984088791270305709017025275627019657384636712212813285462031320974584817387884873620637748392194714054350932712222869872
195 699529703487289696593573427316824117533325403068935716315230591307928157147828706000753344639253681163897492061832673705776204124110910392658695640698274243372013189720788054211430935532423581710719167
196 7472995461227699478056203622213687987095849069498872475835415124473087440969713585944217957536939391177240747548645270367227353175203633062405379533991282739730644767511622184805037752860846126557554192
197 79833152023607473950268007188069022833646695812123774030346150516225143889652358624820465039249526375897462151620349343358641866794969792169600934453142747720137410502090956220251071976131135636957536573
198 852848391932165688999133197019816266132256645997144580513420076196740158039650557178666263527081290037614318031449076644325004303657454816744414421242798132821989139757587717002539745022000857597499204528
199 9110881396818661866538220860479982066156261333183535820121647434677342383347377044470576514497232641453579733258897440050694047895258889444231006506227408070939049005561528342777222121355794313657939608489
200 97330499315168629289839398744711746576802471474146360426024052976387566125809447308147775783681100110238440024852619549581080864229476361609113124065160511099257329545816235539845007166596285030192410224720
201 1039770542973801371841737826451394111600604888338604054440986331385458922350790105098381921295052553701031643483298814329227154901248244781669473034264651416237313035482045736177621290776401170151000022109807
202 11107749263005619132017271795591399436678284699254283710683449555396431203282898005734385529373146190444470406136923927364646510191300269233963229564218886502122482451624680589864071988644377047669010714641904
203 118662809331876525334792658330450328937941057210959031678507023778274407994108110390294966480126630923234257271015135297733100333800745117133538233769076741844103310908347712544205719019993205397124888049101337
204 1267661160252295050741909417159660643550384960320863007396373906756538813097907226792068535102644705572040497474027180449897920896769677065066646620660800133351768982185046749211871515753300645401041244698018448
205 13542278547593045102666183089121347094756369124805760895489357254065214572689469215072859544079193737455418396603479472309152843221438674306146694232753098183030149070836824519275181447018609834504199884050849639
206 144670606003341681346089553726221687110118480391317124001927539139019706278556271744036331256150677853265970223985814066753363384666485212680991883532992323918132277678925911918159694635474959878002090758778662960
207 1545499464349304290570237076170025522080734644812051679925895948652697004478042779168336566937550949480143437696693107909709617611180584318281810640404232817588095060943663365552544799634428816889327600766840671003
208 16510393232532762547825184807563894978909515906515840343317966668206641908309265109988464967175767857676510128370384223284054026234142266781184480215048790610657060724153582428529967906330900622348928640236971422928
209 176378634209124424846589380057520760887718807982905930073071588179177768098772690669090211996227243258450197584674941361791272686829630963708684482564052828827962730972420596360036627355790264141903065419206881785995
210 1884232687091717427546611702550872743671289832156684934823805784980657032285453448911289651394774506716516217272120076366204190391993282606058904623213809311201769652504838738705503578783300356364400690211462255207024
