0 1
1 8
2 728
3 37320
4 2226936
5 128171936
6 7444342896
7 431408410784
8 25014514225856
9 1450226501771584
10 84080327982982848
11 4874715696405194752
12 282621433306639435392
13 16385536749696632356608
14 949984033027704106955264
15 55077209132605857634211328
16 3193210500669688937780589056
17 185132715369399224337304625152
18 10733436555288346612068231879680
19 622292283904147337104562110875648
20 36078630047646389356725259235323904
21 2091730172096847600578213418481635328
22 121272207594636902549183506081011806208
23 7030996890065960271593414178462155800576
24 407635997139289511272328967375919132876800
25 23633505854413679219010689047211365792989184
26 1370199400667147356911137240088197996370231296
27 79440029302211369467167866647687322101181415424
28 4605693341030165039865080806111801517363970998272
29 267024211067594768957007438408135387018380380209152
30 15481258524329618358848286645816292390482780597714944
31 897556684238113278796382196901782230994917820518760448
32 52037629896462261871081263754352811615884741861703417856
33 3016984857663651288166412464060829664382749064085850292224
34 174915684082502153094885871328319027449293572038519486676992
35 10141083890537921151666722075146893347606696214842783219843072
36 587949462704674570905274195888845199727745503586572808554545152
37 34087536837877307720448715069612229264590546520117620857333874688
38 1976292592102073134856879481504847157468545065465726903824058155008
39 114579484817969270798971190027192487802687174938812838361460591558656
40 6642973005928861742954916807957276767793556854399891055112314469482496
41 385139542454801300169171947099826053804657219713945697549387518380605440
42 22329229251708050001564290269661740693709321568094677058237083222141829120
43 1294581376395148617210515608909906020577340227312489533812865031018328883200
44 75055924287263886895945832753991485748874685070933734044688712725619837763584
45 4351516152891105253741739594986872618432481015219758603949780327799120887545856
46 252287784191412198338693697470006960675063325339506781240784843295829394859229184
47 14626884932950257086828294917888105962024264516306943483105412592015282452461256704
48 848022679843449579646345765572216498700404293062433609081513918463593944235701698560
49 49165797695505220802807852698528974197886222163647525641080176355659462881009721147392
50 2850484686897278568699355342775918678379142091686652480091276060298684288634634689839104
51 165262506276364040573656130918474100596646905319840066902842294386040494587892453517295616
52 9581421751286005508557390931944412015298891691940658403281177568888333071357911704591663104
53 555501939577848494165033450684094444561823563507095118271547149492790066974998953143042048000
54 32206327295146372711937132519946713555594717680611384297658694767161415994806928600378636238848
55 1867225735755922703066699682298887802784633764460702811623708967761807793435332785057115192426496
56 108256117387053994222271087185044608012794522320973372618784485776899073200996765258267076696473600
57 6276363230916570812234923097868797122414931862275318522864163638956233706176575031189683735355195392
58 363884613241379261708998439803765153585026333928949507877954973171899724259436877960656416565492711424
59 21096932551893006823303185020188609366383282612671023403397040766616629653519674678085369157500006301696
60 1223136529831457821217062468150341040876608296817465136751376553855926700821603054478341283525588093501440
61 70913767531285038060907312288603385268559015051819566071109689490789614789995800206276194957124257055768576
62 4111366395192264212368077641279896317964056407546001353676393562631734273812393228292230250362366648471519232
63 238364625431288598358953389823062450964814641320998233997110291591646057111360049139799524341839427042604482560
64 13819662174463409445671361234485634245196415600040273547366390854570654326113926217335738014970028721844728627200
65 801222338552697032467703038618886781997414568036214685774700137424587152761487660139871122205112420154396934930432
66 46452455037728055752778526346205676979344290291391371880699025389274210256855361178345747868146767957456226158116864
67 2693173261906282193337090013183163529335783934276055291860290285195128140297786086737751844762560850903618742212624384
68 156142064240867087795892682617574923754250615797501987694488656064757839744962436370290970521519011840312169708352700416
69 9052646025507533300418982798774833576787591502773970856590154276336251958846693735145505188957100822436163398607283683328
70 524845117563704193400321046199606753488014812971777896920130411588166137606629878537020588835173157606355454715122331680768
71 30428937202922918558288070536034583355793010230422365281308183015351149472081886442730949711976253327440537297429076409057280
72 1764178018074143393082584253436101581079638490410786339426262116833896763472491343529838342345125934931464113953934146812248064
73 102281721464693530954973676375654261091057801796658058473292680065636794842697377600320906973746485677906576726636553743477243904
74 5929985771618133900353260707425216324869652278377526169635360989605798131700458067083224281446334244068992406913170954586660274176
75 343802692680842041121199480183242898292244708445357836646659004468713121357315083311055553155892008805740669848363958258574066450432
76 19932643356468599359434719093449016452584444151103964705684951587033873720785771773582758866627002699805327064622593730650595783606272
77 1155634553290138875645861667245048198739963367584311310790230863367482334050664111631951836532294678873931364533234128712635902970560512
78 67000206489155957131811536759094545354277361844098018832407606119265287690589286656936559657480815868745792371385619522540235177200713728
79 3884469927633342657509596768388243697140483429046554241417141103106095237072897612156573392217412158314626061826254639409096325891505520640
80 225209852467096077339064482495909905025819279494107083235764656301319538053609010548784566893785480882188920945864032267592478601487306457088
81 13056988107294371020588483073247377309125880163685482182311455060216466724950664991961833052225509553116720245682646601453345120123361444233216
82 757004796044325230139853442231946726668833068075792122351121442659142577542606276860125238364473165083268788861419220320670794417087936867598336
83 43888855264712146412356137567480932752560659592657029254310753957587262636542614167246183430671473890382406470059183886796907586119163875281600512
84 2544543477811815099886085996546795805387754410889332146672334494590165599984228399467274161836161059606766176625502628849756215089144691671368204288
85 147524957564352020514049699902141341931423515669517282719639385436339634870608134034987693748397611492916239886181222096784289023951848698976275529728
86 8553052165993848152441139359182827866881945660922169305471009250897077646269500975131740255294572211344369673463330941922059429410302397529928885075968
87 495880172155285429577406815783295026383424340796931791311250924072320930778813778806039245372348108850202711328167372972212397798528967830187778817130496
88 28749637014307013927813206911055868030445531116244925987821788199168190560756610201988883619069268040401334723188279002113137996911344498423814060140134400
89 1666817257205394936318735716159751910480990163240205041735761674808650052932318095589837127077553367096090421953704587710333512606664771825672836465312137216
90 96637038148868740395458742407099910997775367434661982541536729291929226964345544262050330560039156132487090889637463977702074939255101072263274671061558362112
91 5602724054971276984382572131980554662045630342158896584963127581441481462299911048455392234837816511771194621496392285671571187165768177597016519674102619832320
92 324829045234156472760150747135067222471379939805626564082844146773523340064576199709079733048435874169546879554756363668650448967715094220668613393418338460237824
93 18832608494097002465565595155184677295725762959222840450237647172228977055957059462834780644632353195583859946777064667663101105604923408676374611592008227270688768
94 1091857849215020116880973218764217229107753598499089473612729759089516237367326286502212166709876442034093812130452271589808041028409262724174229428362595746071969792
95 63302625510753056220449196645286437390889821361190356266560065830568198346913684224469311474337315175591526913721382817816178802547728686849497193239780941806287454208
96 3670095332863700743965657792678230598578589258890983958710599125691446212891821031736877199235827050040814850988125098885490801919073972196865900478692138647672879841280
97 212781059926493438444448107325480417174082022853683388372429160285988463182806607038894170003346582134272492435526178756132329864494769569380072560251536372781608337408000
98 12336404195831671206875117925546053840478450129162158257708391065347309545864982860704258061680637163703015712951203826510573307864684338395105941456692114850040513384415232
99 715227513837496521675950826615727108484119587507211856245887966376423730830205095374354567941203354675860944307382729014023266761911947195861680523175733669377636657770004480
100 41466734425174984251213321124330421344501313543267666963047930263669925770268584549651409196474096952087213779727338087135048469117034008918865561335464420110858970666555670528
101 2404116215639139099043218757627066852446300834297727779698204471463008332006084851774366471712695368902082513005892094492150098042887626505817881207027400163989783611877409947648
102 139383408373486011910938901634815654014865904857412165929303147662341603227936830205915137420605681793777790796403065110803228114676627751694120160288506117491505626233254245826560
103 8081029695415563952499240654825087613615797942357771246661114706924516245475541312138681546440520806914074635489508511477804292605415473494703813742488782550498278844108900266934272
104 468513732733560631130812131864185772360846521115157709427678613343417275629701296385975100462036018561965345571942305616783354831387551647572394931869076152215357962131107469686996992
105 27163013382373954166479084520037653762558898984459929868826669147108583730061407300127163754850287028419409491634000574369713054629628144416005243877550557812487743992494373240645353472
106 1574829603619373794632506858118394829029070728235711356706923312361931279851500031167108760209170291209203693463643432521915699966267532400325427752909141102405358220751075713036176064512
107 91303871390251576634922465162261319832164050041463355092100996525297771244196433836685377405901716984040045874668979728915519562751696265168211739494949319464535760836890460687848259452928
108 5293523128907636406815105605360494172384886968584038120365779831699828117330514831434674031932791599237159689727671775606775414883713206781779499283684906532782869390709933600230557605691392
109 306902507961693161970562666762492128669511670573525830506565292747039046793678203262041435576403007548729676088642414005683104143731509214987972751175501121590283394184124481671702653349920768
110 17793281921980355651481871980684612522033061866497947025286860746628271066985466812863297668511190340720573228790859852150603649579015596766163195529124015687140440965219334010924010252118523904
111 1031600828738063962249499030972004147034290557625738305456089005221267049960285443019630771438738280270158942803069218489247295188413138298172365258170562623108366568442632002054683239235283058688
112 59809105173477579241966864025089130608000800241880109051154782854912239124545972368077443747470531263255525167570669178400416350591067133496594943383185217476043039541211487812744952849711509798912
113 3467551558705057273790228810260842595323354874505130190096792305850279301108752115544771866049336549769890175402855418780885470432783774308350995554271492452996176193246743766663787696566799410659328
114 201038182688108357297452589931647551430821245801980222562311011037699910161782946437272937080944619216239895701727095623048749202746157488659125055489017855368399475189738974233325135272598818521088000
115 11655587585157796233826358871713409530329813295170572715061230352682682350157209964074224646983682962874805283071869301354429208886017991402859115200320468129051995007864077054870455638026717062309609472
116 675755819808852632631021667390629150029317323307859713785782506867079972684358967913263587333498401514002342248077906830504700201263171961237838501412079490098477770653096204864300665555018812927965659136
117 39178284635519069999656728098796350474063350130864259759144795281902048922807963393513586722913478678497319093289851482119761422649201357013774239192194650390263598714190702489913140446537583839026431918080
118 2271438797842583396405993990717754381561619201911345235402727781481091642722161994726979159820453386380687738632663747310626293378675461515227166540187664584643989311495959779629313751824356711515167563710464
119 131691171789257268634975118688242410562479885601415009716092745519385267724271258149313161852506880276399065722052023344157680688445580051863542439252783810471892327457661886532655940969980298836650604999213056
120 7635057014831158228746270301193270154568707271098400228303964717693287037474217328277397093894780666098379492454197078972799370280451317484512169059123831529805894166087403944694928572118722159341780967178108928
121 442657581580406505355181083717580559038241750864329363512272736646768384949698961878717849246739288764850434837077804241485136621134821868359096742739731682369492998169168703356765217077827868141065269187042082816
122 25663951709854702075896649072774855042057486135307435610827088759165633781816526993861148569659202945375057807480949148618631207278820287150896020116287375518933904025883471828200617298035381977797381601197385842688
123 1487918528389907983906204781316458049753497148708718573072362339069864139725078810600696253924459017156164267547538464714344874704748420726913572243360501729519682499934733770146777492401345899454546892565555896647680
124 86265029335909841484641198378702514742230614316027084181452437001967184707875452041178018179333289434832509702340154034909718068192594311278319528603139800482092791319238855738019718786775158813251176361440260109893632
125 5001386261637643316543235992132592063231200656254042529315816801696886259015260380806467157791194817926467693654065571481466685477757564349775733845426898734532359535094140568145354694457653296225479282430616960375980032
126 289965293360019219820243483106042597565861744315681776792228763171712645938307483293671642819068646727274109959122309447185837626116403866866959340438816250741668651359399697393209871162397593953936631748310516422892584960
127 16811313294932567634052261731709766541542077536235210090548698144223795806487415222255835370816393059947578602376467681337243980121834371214864953461824552859599587148443605092683206894597944756747516377676629022418833244160
128 974669248948621037812957480672846129460765820765920542141562165950008109234514298899800320278297177903234209882575957998817885888540401039605816749250268390774381136662591594016236571079758894665161098979592186673197614104576
129 56508383859125475065608510720817978656534658601712807462489822462347997110170821629125689231736036863353836539420389902279796192601244853038716982493024572515149189371294861028005117381207231513125640082341765044416792668143616
130 3276185690494273036139389528771044704581004964440040773783233405959260474944719464563716761634952987162430106931266756929600180361175455055903812598153885039226448694953404659658741015521043268575318604722993342498743855479783424
131 189943366728689642735010849957988342808947664224713934915481084135938604108217272906202653253531347644337816183987528911210604731605810510893682439816667827248464097948665553160915833769084738889379335123016950177206633951104335872
132 11012343613156548229460799329967633984891072188099749821844554442681896510857397244903035422936769737432503361460397952557043015185086765474181095100629837273718821567949363621542758599000747912035708630434428018830349574061099581440
133 638462474067079696960994453074686187426958187726653333024786766527508879900024340500659863433329021036034560063030798723746818082109203030019399611683126222415630953254587302746486803710590606552325795086965042205643134649135313977344
134 37016128910548334986451556259122422302355243125094850421730227681939391138919610051813175480389011386709303776349665389523919028488911261943880312876496664337663986107139800797181039666355982400684056019545295408793645427516047238365184
135 2146083529066382736859573059413705952777898192592038547802153817828145373044340101983383208575958397242440652231160101986091284890759341058718220413043075440645657608228494841684077103612650918539020548294805201589853232213779131026898944
136 124423451324688881571019182452778934614072678991628693494606099902217304086351383715524389684114304698644507329515831472542242459424776274969939287367229814093994084147982414869815466723630323695862229048196039748732674003273155706336837632
137 7213696498701546337508728948173518882647375889877770344888918490197740794020050542537085515941545885312174545435900932433523202357284166789647297090997405950852165355218217840506677380997450976419616568384843260012265345595755646080899874816
138 418228369502344434938136318779526033966142266409381956467364184261808267562279458546977620942640074822327043982288772800647002693745983522529289259308677208171599721507674880236166573260733997992574303478396206865124494781084495121122292924416
139 24247619661857684088842819151392402122454146813592939114431651627202509383058145273219427791896281422602541506111074584246528866535324195852300877436131833011779811793447932601200253359659666589759449557618691159074236482818976707613956537057280
140 1405803867312285553527342843031183866866314133929921759192429772238551183491017217636026297811806211853050380233431582707458389107579656733488185391751968235705284376867987334323379894753464673762193749961861008936568393004130519436185917473161216
141 81504268910112432169533133405636046314787525472179359346717246519042554241557635803560497626321945121831448111865947864986960532771736537199755411216866283400552119025089055344397996176250883454037350700223108946304495714276453998384247961099960320
142 4725371728612733049031550888943786313652393552731113978199077143112840611842330404229838928991929319006275185542280232834554954341012205834896887241201630102003673756162937149221201467584033761479220733499193597973917637539696930956622661108663058432
143 273962803079656341468846801856707439137617345805720880070653307980083912240248358988101730227485780703873972237168390191862840160469655295387855997091389018982615658100983800834940130301509947215907864518340934171341544795247457654014540493738838327296
144 15883537165296679072336413633783841682176787401851478945517789271694012469319569275688766086864766735751709010349596075225890493781581210082624637973269144320350409653085988343060910860204063115482181337173314948409601239821178941377378229882449251270656
145 920879586737207403135398631883815260462836218147465039456228813147431926575338667569605904863633005014635763234181253355706785073501636634292467718692720525154777660761552183016065497775728414670541912522879673138168280804191553647794307469020912601268224
146 53389821451237826359443453851660271013426103792600797269706462272985368684094546252743456204931042531671103494103632542042479181618247822824352623597456238128295087226179912750840151015284884851108692518507785424979626455510023816115468453386554286085767168
147 3095380846365202283538477920331226501022559998285909797169806055514924807578423293112964586357147183211573402932327420405523812062212196782235001427123445660059311733744208255494120600608369027761146855585846910269374100602019600132699680530603501960334147584
148 179460847097895935291023101540380598928663983934005373609635415081209350396547165266819658998072844935588920764036259354584471764167150610463165396503321752535389151720065214726553197066330265956501738433499394774134618624944257650119397896868522668993756004352
149 10404598735859270973312290867996120934676054300446748291669426798255837292099380171589063911349262360970875405851076798606754835393604376962430757738836309451328124069821344421485171003845540491889516462087375185630739348677967556484974135286204008266353073979392
150 603227258785816623821882197751186631395420087642662065928658939430420297141689778225360350215850300813724905127983587580766814966527159615396126567639335538127159749746316105412837854382304743103915349003398515586609076645630638228618268939899398832640562269519872
151 34973297383217060690699822972592192140476866255950459319536156509320113458165196471595003760026550217635396042751568523799441441008156897866656178227057504642610960261566286624597580563695255437312396957552496066233762333921482221084311762439399911440057349550637056
152 2027646317437431054197324089278875771973322792041214029438172563609257455097143600826339584540587413859302151874408066078282577993882423273071427357393270951724339237722609335579037292748336226441097342644021158458798513316993880160811140108474978572908095666424643584
153 117556818951550287020373046778494814794322562670684835761003457105916989924880532436988112269293982681243226645812716625185751211586330486653985756932353340507089079471983896975151885214332748110811201595783682699727905830964804185899955814390842678723732293848831885312
154 6815589860599057358164019015805081018915652035675471437259468852252330417237977071761447553898928646638588465371614941582220687572727072244829792516695298066345150825731742472192160454913798453539601646422883196626531241939971311976516800678028173036320640586979611770880
155 395147347148321984334045610276602892096190880601341406611247703826780176307924398838991854783025380545932405714595744435741466176751790795261283933974899350773633175823528770320501154028896311511771632605633269683402675201819670037865639706908087628801917415064381197123584
156 22909451588483995235470795961181412935195193951505993986385619213928694900843033280801013274316653131788223715135416390968123035666905606849730290187282191573964141644737552389812788742648743984439170888757375744964158683195307926348445985848459877373084736148507181216432128
157 1328220917773459049486593912236467419374429994972118012549817829181593913210390778899667190291946753964478726787568431031168306462713428379047145085137964659190525642771423783176804742047579545846065310878795547729593192581324209838936572794464490195354220912876892222161682432
158 77006243453587257935511205435939439402252839143424367938030499749246134987680458578493703728924224878173702656419981482864717078683406913823046428300140089710730503129182300527354563130093315528248442530189351736419103862570728041277970407324137299526271703256903876165467373568
159 4464589776807417235694444039694059589881963018106839211389356475669335374536638218118492144531866930098350408092410080089313494106638830283683914058273479183859213451211804345202661576308130338519780906656530115741780385481737580618410644267290700339328633075620426542510566801408
160 258843451923309803012863505027126786774695924431330244433179405898377914943138418180908022394086971813677597080296294976492026258107185816675011607257481515554950260646446085991718750283712514121940904980406281182297026968400302673595727673215589564531299153709028684843965042655232
161 15006962778892927554237499697082348974590605967632567138637901562078184477258463112417685232518294282234979984601621094559124715123108180175532509524996922541059055831081129314503580653671793147663500637531857581824771739298943183472424829888033754695149378157321299367160226204614656
162 870058447195344513216876179123892356715882271465299798162985292664800427471974592367119770134786024324117963442113493710031844669388673259274903058995068334252662330981015478550186535567966658455830067088887769851250227584828942703893575876502578576170391778145501090202176537954877440
163 50443365035907589299681385152586672391786410350755359891999878237387861536424986435770448779825445055040864137661194259805857362178779279435252593567424133643475231143485126116963808002833193940741452600388078566418940230145243515860296676157752525909191335277900187882507519031924228096
164 2924554188684899525551266802279679840994373155550575942451733299258139240261449405719088064438869859907546367852767957402124689569282155686600277221613199639213349761876717911585789036654914274121714259209959526042215635817638531106639341702431373910249932220557322557481519935120723673088
165 169556832627363654013788281670071179099236238662002127756789446027780487379140556632895768597730331008421978398773886783105331893902855642691095856127625946955600979857156060527991775948595305365979832116592124505324813053682712555129567738088612543494194502803470678115637729241639877083136
166 9830393843224278697284579897683946826641729711409962256203046930933817502288672848788307702255736003405543275278804262682503638317233347001680741184669134761276374143305185306659971556277899648306613788496657425229649783773060385230307400329484138951250743734060302962064999591683088921395200
167 569936590672703193807414678833809602667034021463789429765423337925700603197637535812331371082836051007000216237394469855301007698610110295739658432147628249064941707046767986402728706368653408601866668678366813856992330066564884629763030777009050384191512946879946763460362069108067887529066496
168 33043204836753918674003727406735875493140475727010394870758185548236960311749639325849583475911708173247682237941913235255962705391722147634709740067314020129694407241643145589521711497801247129917776521623217496338408164713741038685371392294785565041154093892442191824230248409960322761823879168
169 1915745371945587025771726273111813993845230125194626122961831550373877052882856205638768095842324277725005338090335762574779641259747069803496095126383395151607234651420715708125551220975799134283392958476013662802962741696036301250526535691382151744622868055797498724612541968989763894188787630080
170 111069139578395539092440003066135949605955991940111032646087377312879660529727974471257584766275684393673371276956907667408260528216412033890071000137901889832182010874613335809556004437018486355439881863366841453720815645588163029886410251850850103422542915020012961738101606377795063759103793823744
171 6439453774671835784919272305477385140195061556474167875957954469951947035229269841375756917838026126611891223247014791979539522341939656685699140108903052913353275615479927501443535347983548200635564534812807938293584687990556822372134721264479726558714035430019307382190286271497606789398240472072192
172 373340111155422742417157596714865201124136213597491033319005245397120735549124667524583199660996746011557676246126353273995138205015664860298308471732598854271231075871181819306455904556929472120638391316038646414375849185966764000489272930684632312967707670187527682476820803600189311334600768187531264
173 21645133807121174215149874739272810417645258769008525257317736156876671493072202937607226773902332207275583323067799510234826552490458422400898004341931806769629524607488021961563797172059942050559517027057838462436306096087917620084773255627145401891302684449795125924062569831664113527183101053779312640
174 1254919585463821041090812573915971202160920935393585505918065419712981149622178914547457131983856717113982609520900063692009391489067308570942381996396676409498999752042626814871424760704391660421922557836812943209598124406770880199321313435677762940745513468168906070981282889981201484471182517390188478464
175 72756453252443145587207019932150110236771949216195716854832639692287700436063494955813359538898155458825396597981042555788042226809411468622519760185828362127020893972646574918189670439876694639899146429937286882497688193113223339687695724913644626177031612129280079381560808391641545321812192659521929216000
176 4218199756535359973123591703817634686744982662050126539107386748588897608857854251989590919637422450016514866258626234579461042508131345696502660966259153963380873281387684221948346548649380210765119386719299160144045738495676023421102275926999521338381430174652803179158688344200784931395322930473328334340096
177 244558501557213801215596562298654210898327385270175627288753584008752769751789147820739934783948630462051535126215386593069051625966684526872766799071056132007544990519126627843520343712169563907121556513343842466523910630399933530437014223963801013303046790773207418350120187353094058904483737917848175480143872
178 14178764434104007446089309170731546206213481271068974454235606813213278501584467328247655661979443246439511570541393378795186958957800545845589655767427604674199412897201909031162028037178063385328057133964361008452892744863064179641086970246631408616898310745461418515401708891293295980206214059534128175483191296
179 822042004664395552265174992825658160160079720293305871836303501293026547647517105109617561734078305172567302297351703931174016724385098845503638419647616326793724805141842248839560109177444308977653490321341784927995471999678836541682192151436210112040112617242177715178587337859560197558477525006439977440203767808
180 47659516495476687197663756475967052101048178030907382647458993278612887641966811849321149947505109122147956115891048253596432392349234224231557078798145684204404975143863911386447504868747648555445313695136454982350136956890191921387730479112556576686019407701059423033050634704520574977590928353390825468002979282944
181 2763155045233900876764403542227259991950296338547760496143101050794357057890596025249931591516928590666252126946240686492781427227645203806715107997740803011505826451234650887797285707702321982945732702009703934880670894196422360566776446065011964170888478796077644794609148986044410763471348335386494709766428978839552
182 160199397002405443701158958389294388132791745346950199467186253299770099062834543175167292100112947930796106445849843615549366703032161006464578076400031781840622207199031296632335944725098850474357989134861528743251612632120427963411196468747978390541779394496885150756255679658176121049325330420444641819684541116186624
183 9287877943802414267548226763190596018060909854351283751395059084922373279628852273814580778477597988426751533229328158472899005482009124546762787895514514007644785533908053683239677702032636934106276273961533429521088822336547997061283451702873421565055812740624295167561273669131793979609018902015301047223478921512091648
184 538483154825333530375950279208262450316455326183822500515232530101076904179194788973955255321749437157872072093258611543180465176055810540122988469876092131602755736560090453285130974632429722262633005827841491769377639266844210364039988310332814515238252634967953912390976967115181186436083180020972179999225122113980465152
185 31219629476734290202016243820815821140990299184114917455651827679323508743575638825774136077250997756365253192816021110841559410881352911218705700873388559086169687383826861163502964663872071024231200231877779997617958600205269534194632796735175548539201141523477674660333510053200717087524406906146100512154927017487748825088
186 1810019971712441717984998729927619509870151194058064958086327040878818353793379512419616502739573250301531634356646172179070726460639941377352748451392372046689814302429258377383301844679397214053786459791385356400281792831824046086823818745966435795761722982923274255994608078118954662755411105279671278523601735339871255396352
187 104939499696477828580388053123615612184154971800127715626263263666461118389418355652056865454584883376578649712793446073853018687327142502150818525086830712958652186539670949763060895480152691969390820763014576016412762402401084125510058593220756454337603940040599843876835891130085869970682396614685340701932700739387779276865536
188 6084075738749139417690814832641562277563032247466959034949058195712743982104388086790531119332805594945581334827189304943965139345252601140750584772567801015130580943176329160606110886177346114954461828746308194139702661179148911917572451399420233329043439126439290738572681672468634511040368462689492122580188109489069153968979968
189 352736364304186638853163055458341111929325117258289224724436597592749751088826901050934547253670170887882692434023827138112025460520792390667601986956259395634061024983774380179741883020553037473612711942589285565195040271909508668703488322184279797318257466253132959106966371418286608520832078888273505606341761129045689445348540416
190 20450590696971946607160807221923919683772890879034302944287642315542585084535049511067875187742435331620094236327804815650286343332167393340195051939986522270139161020159299858857467601348166670149231611981966971582559740335783412655713510244722298286722048544028335909721452869704202261549508763027551109497813818958950223341770768384
191 1185663578179913739323472024856969339070057778886579169620754464641758545053970320387705075331694290232803230644121595308217904961705091069066040294295044591325178620502767137732345448461020741858640767527581643767855677683316085106020027734268859585806671185333559748642464554862289540996978556904139184235198406926838102482512108322816
192 68741198797282097092362555885261822892077166896830095057555681982730594672776066637625255079252374773388955549319102286020861365222051330840709347429536531950013291784207267256595316934084505561410048598297609729508324166933373036466745053718809499469366798221460806193689899061079494233533713085783713317748654452252216263897727121752064
193 3985407411553657492615735644928475291973464073169910696461134677408157848951549126069169972951560054824266924946428789229281916638155208375591902154407733773898472543835245299555410000227110441412097038034833931641059276055048099221677871224821744336968001321312633550909644633493276987231378196630485860212894038113637160302829530154795008
194 231061903399549501147967696924742438813695593041690897934110298194810239208732860211055111707277321661932043933887600701520457664478314780936322191296790446711135815581873273254531837183958906639182115953805040802647433765533360786498460377286120154980278388962287083121564431871724608413356498682994640918177146889283486128909469231391703040
195 13396272373019331132843289477121967165841328754931350646079387023253180773683352411707981543899714555355026425672751010384054938365262964604906944263136086513915507227448888288087944712583581036054158304939795136634598850179194218066115712686832642277931906233398534034956825018293260111441035383721996817694607533820537789741903196344551473152
196 776675474631578200616598258849762347399628490252407811386606231418357623898571720293499297198165987862115883995925448729232181932078207877240873063271787173801691093666486145767150676958718055911953287022521480114388718445793521793920765325456114416843230696878490559178875843368044520348803251480761197018463195741729230503792768201154067693568
197 45029301890659371534870567616280639406743522917446449179585662066397221953742679309655779248477522258303791946007904114857647295175976289365047478913287673401776092806123455525858150832975284118705710962039305566699343299217953989254967606791707173336976820781543360565011724858523047520082107843256030436038399669227232845196944695218663376027648
198 2610663134074067243262229333982368394947329222852096961817091957275365516590088249957203991808910870777040038017093696598189812441430657604399707689900842765205275170902539634088803235905862738225483300220506508351886146200048687950009160534793879243368317734224697957671766281210707329697226974336715485732447515884040440378424042734251036098166784
199 151358375845200779199829244910021392119727412902908079043063883674348328319387114305242905703235845016243929575020167855185862562222894266013358297504889994022648949063570325930504931290775679538825809359544806490122000574687253789337950070593588294376021309900250052387968018909026504896387242333010529760268809856772764986402584809887497081701007360
200 8775302197930794486260421077696924225176444663882755897773322871154019921292134369778136206240675183899075933758334897014428432050932448083516611100127196120969120100590694122775865352928152413299322832088651448987862339619226671554450405988888317837040621566965544986336635507816381003472113972669781091674176382599179299606752601878559882399218401280
201 508765558793822845202744087116555172038390079163239807665091212843960065310849996889167912831715844174739477379127752047083798461319267651937229632734258723997586975904893673525798601220115576524734074867032671940306124076231501014425507550851332435687273576583254198208784154455213398605254932994043188698272671141135804157333134075733368992821728509952
202 29496692874671088791557573266120328467365030466733138995208822759063081591148093179237858092170170386377104932208108642349794623805641018295654248509868493266802663498526681055859302430373098663514849380732105482130973035527373110861413136365784007340109295398519540179306986712689338408745062477339463713790250336668338781135475889511731118619340182650880
203 1710129303181196221447211460348000489615995914846577396668203235415361933692726623744130033055360833204945723595603587494982232002774253218367988297111694875800080389572832018450324437566493560121098445687210316779242061942872201738535063568437680163782668771705853880291812571419307459455089417958668244613009642107880483025457977963290384104484057798148096
204 99148139963525137369914753849463026976119524782025809241401673352641101852990532407612005601728768635018092397540781475986122053479071647185466228593613459674249440220188537188161784827896915004006791594475025684692946989243841764619390622428458782132200461285288104278780287676439206794452733536684600642035295342494244383101456049034416804362319733391884288
205 5748310165751950948549209141488009801322993114702241382222942257161605351291278785350163963555555408356499952020327787569278822501335313099573454667497554679327923206675194403939882795415622639969880298693254417624761659070493275046721340908142962134348398612733936133838795992433659120839658705940091302213031913030891103562177778093023413988190915366106431488
206 333269688910383875175031505746084207304628283121388940317124064657887405524428451194755174987770806209196205903959298532557199860993341824720330120587440447505854909661793009376669808231140634787293760260867481758434786567131355102784400477628949795932699066852956954770246628525486404783567932507422921965019936751987565159730119799020442584307476927722247159808
207 19321971560992633052412358326770388662196448192120349609062310830145084772189697547417869129681618208839272149238778394845848607245626619451699976225334791016352470921675051006181142553682147687234799651150582171839303158011553652675158487765689554800279345114606542538387240626439984155005861806232115487356854755289386265955627048938681897715996316185318310019072
208 1120229644119236803552992883315380474404340768523861042477677863649880762092070659806476194232149957542429128473139582619534176951674243795144525586775156405464518489550155778024756281870943214694577124493502565111493657997493316372486210078299563719037143587138701130868507165003684807537995028840941921490201771074812107437999288850335613467083083453831153455202304
209 64947536621829230582014268550072683746631555898932617650164198396034161948722841318421578898432116965047410627860018290788461248511114515236716885203616058417428925105426724781966965282600821933478393324381500533621845923653610233630866039652132757736134272679513326891794296554362258723886683600998379378733969464913521176450150600030078837715206360072952891842756608
210 3765462318719774366231242592973075624507940029075724991963033839154375300355698116659489286049322852466943425197094567018311388606712509767645202861671134459048245207833000192159677819015436852705880866299990015932301084722944862030725615404214034067639655809156125834031826672086563782530204092687509401572740791688921237843899790670760554798692836088106430949853495296
211 218310150179475121537839825837302837704191258146006485935067306246413119152593232501442825359900934333497944736974466341236437978991185636940936352012263236500191398945788408069842969089028782905608614812278592061705579019281896068530401233430269337165876620952890456243317686449567507465001654023532647964955464907175869496079135529023550859786290831557446973663150604288
212 12656964175275229264139760042579313670444364745196304874947257464065975283394185935107289014955470220153830508343384454934130018454236928539944829901962467898939896006810363332982022351496050922714724953406896457781784460830948406129180961703289432559634664053920481204436095736704547739795146001670899475389020877461008918241199642167750874319952931803096196298967298867200
213 733812614770772024458544488074624804791163126077603468011192366639217967540770051161965748231758046247055549779063845263577907230003181989715281954693961844366345343514100605417432873860936616664336425143639946950372193531565809498429793854294975514085434239492209454977132562859941648370154606933842796314409972733321400433786283471343614533395989839502306387990190040809472
214 42544242532392886713729555849809503852378277189302958225302763678515536701230818834564448194760636789970314638888660164314889409441637285868375576755298119104848076255189186944104291767546175973717948973215240207414760743425999945477575381625371757380414066807243708484869624702906733737615170901030075814030594213956738482570598641658930876589638854897655268486585896992243712
215 2466586886381721067522884952351270538873196652260679423142874286459832568581079949774346920201138245782460227963548842546925093057545051965807230538726531580087677043728835256596165491694275587279422310963889319894848375629578396180565408632586869441272450233893975371921775450938675519603699991780114150511622651669766594257885612526553818186564270210751915165436861470138695680
216 143005269477718867858825638627575949091557927707330089672125522624816933426585053865023059028677258824875532539878016838583125264937293688907545879194939129369233277349376332326448533103938611572722793966450047900487404677567135393921251646969957660931600915753500368504607252122200837113885211170710187704378069908275516548815929139730004534668962891526446944402964709828397629440
217 8291014280220306342525396334808994194772664834239759237745164008561608984418447480771027180467867739147805029903204475414185545682748658549266246465519564852689896606837795186381215939388604245940294151137371174020619693515975909484731998461636780659866889538956013971616319201980901993628249680253752898426661780313344573561498412357939378982677146150795353532661667943251525500928
218 480688005734832851304190503417240575456168835430432557422496878619048191096346394597771994083698689950791751700704202594434212578632702922864050656796538695205069065505239866081924908256477344185352524828401811770845939167890668759680598236852839472762452443579694090203522542321404586791912696197979691105375752742423184937600447371230455693997800034748749234827336319346895256289280
219 27868841018470784458536023885197678292280415813384422920134206852156031902044765956586239816523544043225934498915506766882418918892102143385895965176551161343967428702874993789827983793530316509257514359777244208029274350851049958396527559723794900564754393118127870091877180569675166244945480466254535412432164189953481423665817599131849456702098203497771375247874545043476784210771968
220 1615751361479245838113166453519476542299204846938480364129149490063656355948123308576619204469469368152783235771707487141205363933709127842573638237623442424080045547284754329092836622970299981250304154429425972693019572289910409376474752317615334210159859271244575346987669333226193515249817958149488004909844917519579669950271207458772056781745957620184544800416907467390420667305295872
221 93676391508055900681367065695628782881358599661032864110856863446207702288322822703720373372817798551083315204278071112018175319866667279206338482429925175972447245923035960806486991328797766134949626523806658843560718205005269137359211014532457922233288946681227153100828293949338299617155691904323830190258595250403840231732014892136708087952851020766719581326164332725694782730747772928
222 5431074690809279609351054089744877171984804902158585319819855158181906938736805888698102071716172816414855523887139553566602071695365127065508895542438650376866766093428011956536605724049253308033077563748349833672637618815788562669542925571488177030128243082282175413651290638943291563981072558500162619837823761404644610175514365399483285282979642582204986997208291885677203137736531247104
223 314877332722754287438429429189057199544198958248103206771819890520620098708923897410388029767130727127508259677303099679839507449667176297511547321831468030107471619724488372530875444406562540785358670442421073653502053803354306287556068049075220743378087913192247351923604620127096369905937551262300462383636340456405771081670964837527445098584341668196686771611273886852438978836530009735168
224 18255638212889720395529993666860571515444293688690496132261242909004438021246988076602360466428062450507202119329273124369394600434513234308286034810859523160706407169594466798679670361796821985751649860744883904150075985771663291792551006479208222483250443196258550573263619207901272207533528648045710976826117245452189637434411781723007224661709917121364086015101561011659555637325422951137280
225 1058406852211740964433126895566430742833004578814751612264012540121748372314010215898078879678447620960373859215380430596814003450752430975040198358996409697107320369087615560351145744119225916339462832812787352608585830237350901443655724495245148084123253534735175652403787067552898929840136966331051068769914191637364075795056087416021797567628310856937032555080775570557978444626557669910511616
226 61363237578722999905904984624835398296910219708637047936872704272341598309767278875527353803758805332073982889445811481540011605151919634100089259471159804913762553558510601738057005181704370218829114010931972270375664683007375976569147606817525213206390025695863346192435253825700161673950333209634521087570557787458772627246238904215672134980298725720807761718974040902983469357415622963290439680
227 3557655468947683207136484397508820025502271750537593455537542101595154349601117334281757699162822650612673850629947416737065683006362122573171959722045348751980086594151076301895403287422383112112279024983610162467211875933272558714898068638164914795101411092782596665912446115091331901287451383761127566060594657354572741345965508104235432882510832707871056911060658951346356547426400877900334104576
228 206262135688257739401729071893492461901447746040088767166315642538308046374144012141302620560237948968635445466110099413493868810719139412834642278708571145037840467540357360024658070629172734029367086356046931963324787131544550290455045733752441205260693287944595187390911539387944547247405346518009436098113626975075360610360171432036694540460004874318106625559835260217663327804086175997214955929600
229 11958456626848504730956961218758511500300810537128903536651455514116002702294614778610034995333208761379381210943045042669809259489764544695151843504143846051727937279865280461478271965572915490709065117730802665292870629248194287982940155526637296535318641050588045624459322030310775363267811926956985714662220510282693678409383398343932422793259692358815154957766634006734877730113072127119342222442496
230 693315253519689054128773208855070173669158647464846479391344081341412547572817790234976688074327865832855459826405108135554112386059692087622101063447538407854290393104228206908312322606539494072305387901289817284878593782754774176596591621095337135168370498066095483514873281782215112238216197507642179471317302436445664023652103751976855414434440978493790273731810055883498290847195131701007398373163008
231 40196327650163434324527282082737722438414712017580447228698661564538468445154884635383618520465605470388288621492642246906403299198376884991136335897419060063202224732368764189844845322766649880658847496272443041450872327761434096632292212547489474557480358275295115680386352793640209200794649102349774251182223142230109507982103608521358933571087370234763261198881595946558172189714268862046204107048353792
232 2330461861839606637290196628016379041200771521668439307518791628305026590229055240383632030112076732308892639917149009915334316670126980413591688109356015413345802981587734939698343083128601935126802868330957079049466248665257118276620607503272546396141582013731766147570696239102572457650578503083684834603403649221566829556046035893293487108241967649673194047783448161711966329282927735209945970259322208256
233 135113151050923023512141819486153295136188904655316185250031147335406775438343768162646095955501489344479579800900952000715144657285966327214477632593667337915826017834806392340505642952450006055585962322101833431475791022449996586432659708765219574903212575310735576471468479353686302095528159980113690774870882316905142960841894468591930524878303119639145676834983641907555521220310787014265142926709048213504
234 7833453053163920521504173683778088378234654985703107910228046089145058842646677302848586408470950273127471132527222451959571481608238797106661071126134732876373076277629519353351641524238516780024889506931232219001810239360827950035574431481731214346169447385942752258417088321449808039355266296194717154119778894191000697610388444432200991330675275018203859012878402872775441973641467463946525769023598385692672
235 454159985603443950493917105029043939171832845087965848413396193121468382579972954917844341031151003250754264808316721423318073004118896884107871645460029046309158281887317623479535672433085449782259734262261590726465435045599826265083688980398024507343395478765703219721900822371583053245185373390102254248197671070350280695478279807641644657196356202500497483335348618381568270429966447061695448754121918669389824
236 26330826408669389337937979781719930093580087228304986162122705355739200743579213505468379093996432421006966275104214454945410164265628349272796659460547828724335600616159641560728880575419771252459533097300113760376328587252228789081240682661340717243943052545702427391980006744169889954005448646865832541490855753679966429534851930967511799619718560966871309479590052455184671068100915050838749985481769881060769792
237 1526581912411932793681183514592100585434381377423039162229531960730696673866083963938911398466538032790493207541586951523234316909058805130091048418102751712374145682030929332795640168199538361916079096555795503263723695821289773345633926301755667803831783653583395355366760959539256734304387436395063835706427786246696386280845218380458026176372520532210573751647939423916625072248211129757123943537057560774496485376
238 88506615748906982154034711426899795726252977424779985776414001360788991076115244087191193913607546806845750975219447039833945009522481561142553814850135866619419715266907081439211545072476709995405993294093229676614753781140815271656706620332334050299079045196979413988128926649322708689926479339589008717608524658471622340569462413693514377774074068031534376072921980480103001893004216842391391184729244081215768625152
239 5131346682175872307443094187850984933683535136480361417231994623680147133836314785935159445908078900932975732083296162271373163167044912689079149162765889990803714622644728440747997162476824747516668615451174304235400907159588877468735115844474556059611142638826382018795913858018986391193821986335244382853946529076465354061459809582653553147287945793211248990560307366556764310553841019241161216612633435873471356731392
240 297500006636537851160206283845512137201806491448478107148628318449651982694476461423383100248071950731846514913126662232434690082105427803341511796986615219292730986069980082593407765233042226462829996225157583050866678329053856486328091457045650876744285625442473481547261813080869526721746806693921178698568147335766912415869025535610648885162345546658169682834548089162418765402506921346103434962148483740897227694931968
241 17248153249160371770978200283292104884604837128728497717431799383586049877304225539089238619656319696801432939900159899611329430142473906079511877630910232663110307120901989156291196675066339979491170306970258378221287200340572131328240186600400043150215664269784541870421128706688645299178159950854304210947509231373029306627031549118608970095635791495572855871364308448456904097017788186402767080130723464774217465648381952
242 999995912168103420696542259057032184043016185562105880091123972784062990911253074353977649195939259723173139172441723389250593859465195382736021992640971942148344606909332999075683353880015130804458813369635417474382432700385034277034547251194336699932506388559759737732789866985245834895641862654580702592235503194597798408598053173316496392952106589833373342907121105454385933231636064197187993963801893092083424708354113536
243 57976747417964652231204260875944892316919310816541957989435390349969855878901465413678678657242214496779548400296464097710780304075295284123911842018244435671730627545714884411615759745138391651729322054335146819735339949433436091155170898142151066249585720837715142999455098669228801450742292239283342262924783655945845946197430184593040652936808780678412751836825074172548500980383200339165699957181820887531598225303440195584
244 3361316981665243134248109207460772275009752672180955297541984258085736307702323029673799411649200121987549966137161346618235569773259668146210156122278522117654613467788512106373395887310781779444182130103896191025437503837745292175456694872031591044535759548946195339318723069042759277068422588084283315830216027280480162343283486537315807361076762161690554313420539872782780111365024871876415463075956453143451124865358236745728
245 194879022270404334315610272584862261865344496058155755322850507923398527264629118891475341658715743527156477510297191497047453069538419936080176956011170341838679595433758876859754124970525032853921294105293200919540176825704095475337270361357549477562677751337289851455672402175392409024376966771105825000103479304888307294133634839702642176994309867207881587448957151300661186584138367239868574736726041420813026396938876875702272
246 11298498037591801955160253595460873621650609409778777933185719356965917209410184682804914333806238053064420990173839927661722182219295124436117371623920699613966377307667710229018162209390072488630974420364588648847203794693583546246476793934421592031983946672313707699160674320287608801103818431805811391927901593577862054038672432088684147836173207915720790287267347389665420514037991117748682655811291360276831556654220165431427072
247 655052844673741596574422738620028364343230041198680692650475271383698698483330871976728019689587029540170895303198463076297033413020635796812806898667720124249091402920423365384169680441600304202662575155659548396126075875277351146503139962270439233406800851423972890368911322855548615775148246010113145860422488348115281835874824947674444822032445427031304183336622757140061220160638219179236552306975931935968503017785739805185802240
248 37977988568701787568427472854708266812075333931172503693681948239132517979988609593216139265184941134526570466290347315594230487062592361846795631845914216495512521022211285778620529191147574713286850156925244155461266106964368747260718166962293332773926983748991250991985836560971718873127892784082185134961882523295035481683562747752858168044315227767970943373213609955452309037221654744876713230560060174151045265010120497568210223104
249 2201849251479574098327634736514178169079072207006168380720425585000491339373846283273298353151126428761869494256804603917034658150367802332325264440054225396154889651362759432509705137864708400196834517423832341561912593472057329300107297273037852054056541305126368534437618564059834343247174575688881707304935603050472607797360214897475801933986346101792917550887683015862611370506589327483260844528870495031350301554758085765322986487808
250 127656579744104285995608296387348441284363969964905067510691397332787677273106540785393690028904498075969960251582850429032514029269828174108774522620994164142638344416181797416918060185442852815454688669701884058552384713243956918087458103613777621202364169921327529829111704272463042374600241599070028433888224947429660087334304385297183641290422956360187576819106906334347732926042504397349385908737720960054842943841725363320551959953408
251 7401143534695809179772030912312888647249879542004307871829599111088801242927996811115566354893203984634552053355140724209730557366176431497561003805036489889558377118023613200806459297917351227626950017081142894659870035014488932881705954785951320624441337046169410053363422839408934489802825612931059079616654337183347090800489421434899983607439171436429718697340761158947138803372884053700809993865359721178111038066325288366542320295739392
252 429095983387408619480146659483776973624488408588583384765523699611497437116052121394468336967271757709068739068648143957396667474496289210882527343421976084033975985872220193643302499451639163238374664682378925853576539787567721171401652437231000163195749879821089004856398004543047154347114267616603763495745303003678826633550167044863852971962994606476614848393388031971826041322894240359353975136784661319392672894620081480077567996677062656
253 24877691142734312505288391253300964100087114031936554231303370471436384967530157768207754281011365718310135462329887335594405168239628352725533990833776979718716731274188066013790371478414197573614318584258251802249949910336587426131302384167494579360888678157145628535508459585940393898243866317251359483157170524820283179946819825256594829264776367303668862815600471687992173779717927764238830859063283840932415425211734922183478615274644570112
254 1442333511741378452772431487110243999240020446284996306002056631555611775783246157143675134800213016273997821304023715133597497931604291811115874851471772435599023152222753978101397349614439349059505843433198900230127910294571166106021029729618128911904419515325978558863122693834561121359511841923484606039043117295456569033535935765480422860487557666427072111858122901687030192109365158403698717640407468864620194811509735465072640518610120343552
255 83622147535977810654536674613998875130495029909548487654311945923183265178439583654718724960996334869151413242150960620584520747441693061401677346440339015603431347756041780539577031952415988384437352134923609530358525431865708681309819046972631372816547679494206730693401986971191195823151883339412071520685207994610663706342255387586870680387545560437168260369328277011611629667342340189424874127048602893968791034405901562503957943712185598345216
256 4848159944704022418888340189186349773113199185903437241024502345497074486982072388136840825123515717764385852416540809655083070532962055228049090543362703024846692810369858826578567038091481748615720325445348428074262322164533884223266791766687858503380692353111444870557371092612234112619885353554205751192086911330387996296135087741204275429035959645234936006903952224113989462452544974597311490960786682712413749988803547443705375863918049959608320
257 281081693570711105794275190794568733219715286750879978301288499538248181631087272656911497665733209863791024121465211100312050456902035872381757170128691374383705304616703871666612078896386428437407524090683497570043866709886762650322601847809343158239703931861677439565968713341045942588047086136708091885012510686944376117795779033726846467564483669989859325166719938629991798673607014525319890933571676757060018803494859080178502023415933249559461888
258 16296268968370940834797182385192369639725303193431451841444021886101856054864285474388904603864045565701989889275499214765760629111733322668282107159227678002797044338295443475147832252025445384874748743353598927216884155642288393745046244229716632618110573649951740499019861009902487631530923673379912964437312883354804891256984840040970130014523328687064101770976744396750784154125727313680354824556950055952000678796949167509397082247150286791843512320
259 944808532052910917120787328618314251833326541772694358367443025442338448329530341666414460802127619857018281894677349151726756990317907609806355110972578701744878676183818239676423823815322474564404765348635153620868122340394542865307536056085916537241420733695011228993485731938635961206390836395834047461871598114351042649726997929671077812012352295338820045913596314255163257602037564486231630674501774971067860391058295842108441352628695625884961341440
260 54777149540948673564357400312543486046406080513630133859713403890573721350046005573091785571981739012584308117528126127077453833335358022612380239560646112807172117169916275099514382795419869314726278490306320961342084926662704317500919631967442437690026250582491168829445199343003970594587029262556486883707583003826819546221293414192444799086659350417419469135224675552249303441435487740341439607642483890912343277709300076946072315205840810898280643821568
261 3175813945405203274078207539859749515204782219269931834933674022280770240263499436966401364386020159584700815802981365566207195881769414110090662894124325445485676966086297858150656387025169611465377323320340695860859202490111868226683924982624193294566755562972332834225724197997806194894996556771129833754605426272046763398567122943660580624251673188648894514520277128563449919979680396430612067423562618051884353520074813301680960014050191783272429104660480
262 184124115627640046069874766046813667119511374146101923624521931082445050089805268966416361136874296948108529599607465333021380530772226786376788163929259483649715252984499429243008039826142727287388145646977917256886695607470105464488972213832604068415144117978006284679567852706173153735132046564223600587512742678330265455088990945017112308826733762535348465219290798044145469854642465572394666273953576091442770662013583720485955608377498511574834101943795712
263 10674960982745805121595731946256009878829940265018481314440244104191359976834415337568491989694733524831759368777698905604737679847602833096871080024839336589401232100441647741672063496040514464458926777013417230820787763750878124417412848151035382447979787487420630359410943394044447527822191087907850876620273741065568620603944578514923229192449482521977793337029383071580462929447364354966842208096236361827092933039703453780311883458912821675026761929614950400
264 618902046560808053061443307181358169087974005644849832903675344240575092285744006018752724406132695232401165255096203391157602669104049058646672620479037172856385717931008888220796708672366446891892873777794424812217624119174796846112364339265668844230662147938260372113018958213394041769877172562407317591800186245104987488391629155001335810008825725495101581157268221115063056693645127996826170325257558761835727933784163480254012700276209404797606129849381945344
265 35882074309805246314555750406706229636080845010309332320228843944421019300762671991657804791613735238121695933650199316483885884354175951959147836813395061111405021921861936233235591680191445731418923690071473732405051534324722037983566220976802048289003261897344247493562778956062495238963723755412073810445562378004323883973561218226458916083363037098103573438641440194434930040151720079111365892042672930879002962368761027099601324408670161238319525326065688903680
266 2080334463149791111981340646810927417623792859535603012006169694691115931292834296726807706847004016684550223447444563950317491690557278895457118309917353650245996831621998796392405092916376029301335960450775099194218421958809037258756067398133572901702238556456337159851346513758812951357560752808693968446028464416342597569451520042942655383303132271555256364610229609957834940459217822444774376212621923939518069288223442343389843504252908297180166336182497440694272
267 120611518754535992482276920277351589263743266434028123731118936416852650692973341407627596051087898666595158671701219265265316828987759616905667115231071260205003076327549811676109447415042306536981405913704437358418634829963516606069015096709211800145597697342178770892344278776047362673450705175839146522147201217838559749487068505374706748428179966293395522243718515922730338343176950027717886559791752911483266845627423046291740179262355448793196140260238259824623616
268 6992692143478826902103626274239813271910297994465989055287198674181479367662944486226458336417562846244532716975781198520298684346936805813570915591566302835599806859494959668733931515914918948311359368468570742440158359323704571847792287804061099347027087141437850040871040626408733318937928619391044955603022202880289957196573127047287494007882606449079263582719933755404425790558392339790214091336494589964307562643704336103391508743909210842101004895938598806396862464
269 405415203443257780605668767806250594615378264901324825744870256263565967412231215438928751039402895399855320732317838860475225290384091954916434718928972455096572812211447877609147048345581753705959598479476504929985138803408053268609048481936058465509933431585649013474279600473188424012624302506519342110919047177896535406426596090240628714926612125021458725698961008185478029275810143620611359679826375608212265338440518145528038034024844891101038103148287386451481460736
270 23504750932903094391769147937075022451105877151407460527542901182823661005360291841933590440490465658928972762819707972501848915498768124485378897125720210027569624154516771693626832936530029181009740499813487233232602599263807128996270258651373261451131915831923017704152288261917806253758860316752777089566122418412753847978239834930654453623933778379896538621587248409884939662628991312399088189326130090040131282455409641433243937906926152392959508511670458996222626627584
271 1362734578588968656062233891237139331947177880035400536666233627380244902601965563421398355235072033104397943577535299506234403433302348562573681077897421679393849426561870118075437600747401740505577942172936778540711631254933599091142776966406302887313020087206075319184270558134777098568144704336795692664063580313587851991647656309339549316584844842041116371289229757898799000105828892152940586152787888157458747718030546229504066080406503189305939592955724053730872256364544
272 79007241428900710788935053365491591719777936950013840425323966224691754466382834759578076111931482838862429379557996831577675964163009553725350575627327945492108628925798212737381605379921569480152752018878427885489391760549405367893007223129123727727826226125904773834674969708187326150275885702198010028277710534434626936152101389023510528485471395427419813553992790975912334686065704216853806747620234417122367340120147490643560014886549189136941028449462674994804910060470272
273 4580601605242876619297756783200408183241583098656798731229633264923976537760294856134385111579322397389002830678899236925692491270703678164802607727796849852957266557630831846622924021955851491186012808924351826695223736075251913845403560677030449885383605668475082598262639765460295746073408848768361784902079937855980605281023097566347422438298054371962865806216939876396019189647335366931409119871248995737689805514382666384412163814786058573340727586198676566609727312852156416
274 265569467892831298163277672530405222731671372284078335008813865982772682822714299183477563297934365073701810388874722632858691044196017285600308362876427644507855441489306102178468875597267281552364885820208383804304925220118740311931393865559851409529616838888075869991523746848305684210710036704821657490520164584563037157620942828033282864028690998439730271008137669763205544487024852266200008226480902339019568210697307264773570096918707248991823693102280205564865651406530412544
275 15396916901953974366795454082712000774040431844627333543570148255748297267709647617085608692862150405745911088880119075005850985318557625385290416537287821797132849424413044064067183079968421375523973715073472620075847493013559552134444506090856919377267934537925018024478214174545312398127898051717245904261170704681065300798883425546054619854046654401504375850909500973002355282473609915894835143539946864643255682563490637090793388371110174262322246187460364753097637326139156332544
276 892666811311840694147091459214903183587813698613318592334559194633183587373675430027341712237463097446575456429349237231896357868483451270955153286393694717353656532400086448643931398497698311585442074060668464850532595463165386453272917753404295286189747852399793559158318710256522848439256164040651731679761791990623762634449976366512234332675933028260249483990837884692559721887259998361253988621404063672585429044805711178248500844653435292745808047891396328827510016113422091943936
277 51754129810009116438194409984146144320353377726461534200642608791376741416733663571144823550227598214437324092863085369297444430662428590919282856652251280452222343518066021115440440035777640565436202910735771889036015426277043761971534717857255857496122216347388844815844870380710175128517206174576513800961659996079291070305749628434054135540140786806736199633362325680884159858038040736813755243398155889331275429920793295451249828727513754041005774357070280180420794972639630146404352
278 3000548377568818534095189198254342057363964416242092117117087358223359033363747424396557945627054285842486263214995988223863010814846969953012808896472094330017398736639367496645582623787757648507662305062366401235711498232019060877183617960598654611709445128038626546824952825989605737078310193675040227491750037746803156293460682580741107865905487894550627814492171138628405434718446250259511282736009177380857885735996794354898875710602683905456130809817184943672532623546360108710625280
279 173962746532155117057900785666090159099417394082673306677182130475861546489062546126544749567972724785903656439605740952468891000927137803562522636397072800200642883072098126389555572615811268556460314787876412820390339518470459888425664132301399604409556966406955244919821222527662028498896168854265845434592368405863735021429684746689294152483693991644556743714612918274507477275316196007784803331839579519660502875001422548087804337772798549205507822929417479665627694422312046419981107200
280 10085835445029999285663751050243147311478704218881058082457784613213956398071637195850043225481798961688601910307349015202519148854642193412888721872006942857285651235518679860280610927269696012643461636443052214057495743009498898717066672800921201296385029341144853067451300630902690308998223504430563304723775031419067351771974331037961681780360991795443941781682269430295285104644883336548887122244075576675363964025465871264405609913011727680031884346894316173525313190801733973554598248448
281 584746324440335834952967654214850477651338584707143061606981962592571526453961937510731474299664392623549725611513233141899604303220045442665615190178450379801452911160687505846090960211096119486181418977011007457342049550802910377758878175972390214330764740394942042890077564504677813363497518325549629212321798227163362811884028252018222431410950740443433585155934721048284573274910648744551901099442921340835605398728544644460049514991175471942666647064105233337874988090196669887156842397696
282 33901828540636622213244792684556622873916366095162647780303645079771541075170337775792527863626778976074616540076312935128356319750775269700071786633803039517058549226968887711406704337656195073044879716113352162140901820807693778696629757837632397693675587023103507084514515074491521325223780383413439264783007961984419341571047164651310950459575962637338468553300585330610644524664908922634455106941654895698131969025303243498565559450426916936428164807305833630352610689178143393492248855314432
283 1965525785046632303680236190958417849278154590600313066778399573608226464677240756051959305775651018501720768575859123449756031668430237362213510150899523651231141330617333421714231996500122254934458979517349932946302532017168615305993690961038944045322366180360211096583290593926754896483644614330691460619907973030319051825077660166268405905165819285941108044098913173020432542507948642411114499875912904688129376982747644678014036638195657260971786472080152329669283893746765872834274446507245568
284 113955257813082956709368042908877455175249454189608202016221620561562387015727956746419736783283127359817959104142440009527898786735788707425652986739832606385201589728128818476964765170645365068153229730294050550971749681881604296408017108218563656468841353928475914220139944786028993999955351810741150953444682802779758603670660530202482319855890637971338483672160071550643436778897933964916283297165049279744115623439109868012370201750307348332388477427384477723388628092058359290520147934262067200
285 6606782206593191437154653813022950612201710999022808326547651567413056768689280899623472127021877791472408487667297668081893309240358645444873370796561876404399804833838411887090922702549232023553454120969067441790148496153237607772115292046504553147824504325255280827527994675704642166553964924114164366116705786500459780395465806049808088171079621865926167989773990880913368415584583801896382882903129111538734457756039296526197736742908460221992169153060930209701555821981520159721874966953574006784
286 383041309045637443467729172468728736994762381932900065698395261114048328286162853994024470151932216938380301632654222382327559495444112378823749793831416610699518701611727873813451435557711236374931295259800565615428117462681537065312434002067149072339604228506373567367149970711462007378577207442477436555692876552508596440081957491951249826956796494522545825462349760900293998576601435666714340336554067717132956364686834781348418753741913309262370367310021018876650110340485520937541846545887425200128
287 22207580006039355563578615455698894790576275967933654601599577210217388807556840598604381180287039583392705419946643757312789636616747088232720455613786998130993390895478545297050521412963503048898648616081838923335086962212198612652626738378268616269504994989750612783215772742698251567124160613005241864772214614287703882656850678017184414360705995114513194096732439562540736389195790402040618128985104812528390330041019232196332232315199447595758955793382196214351692347771066074477246078744257825341440
288 1287528519974537351130139424924315781647880138689026419754496087235680046963242171532786059485192693921656477315732980660928043430616392918473263193190894276932183790501797537968377641377177834046932730996193726912180528053824306815021158706691021042809767505693613973032616454172259920947103619024701893720528192715237038373284641440253628362119077136073750000809271914597529983802099142319816691529707132828883856059913406055376555929424251869075070615143050891684050314902282226767709647396283033229197312
289 74647020940462793584438846761045028410534276781470784135417430088552833089771091199760898102169862668491130069777919262194239390321107284220575410459739936225823687312718503420063516378561312912090492645982304596008438427354002279497718511025619425901299784737894035230877594054046170603361588442182337914212288307401672640316632789578108106386714873338367109081842884037686953858559234294723900993142517338036485005672402133858726579843431599356767830738521942670889580566701116830051266905612404430221606912
290 4327809169925096722243316350085554695591524221939352398545178008256423382323493996459422804993257914086399519144101667875527410288978377881445996607845903816146139839434168965169812118270380670436467556477365521828350208033812708606729114046215674968160351336342306089844412760880981427307062183917570434888580799366377614292772867119634439580546413164062890424789155068211902006508923234813908212736057732559916083758683492165995046298648969036359417379111579921609070907572669615036798083775569542121898639360
291 250913324809391028838514540085433431726190238760266502015224782073168804338228403475863420153758260936664598936772256405717803783155886022555728195895107333270091885850230092783928973767550427846061411665762924523338179780096307020248081642017090857184786414264086358245067412235880461649785259277458322935299016682171517285813819500470230721681571144883488381023664251739669168099238474989939050643297740997255150066641911406195009327332392401180815339935650877369793715954473790924051222573766248481308536733696
292 14547197922775462020893131102495279427389928884569038145032198587292175933714425754092863805914493104237642894281978481831216691505454575289846550880622120184340390145551868098639079644072055855235951005991311531426668668500877227207451510823617533408266590722748595176281684860440054734425455917950382476257943859309492995797526386876608536841437661531214273081063431935714611778369242212224506180946626421401258071916729443904826614336204285391794118015297994256668671324951629927593400811549683226152766497882112
293 843402667296218053667094161240910556652329279592440943014633368095042168583239309488969774005598720426451080650275254825724687801340810166346610651530307792815637866555856221043857518231949923342499964673051790482622349044474362310508301498504284623689340395953094635335262382894537296737340335253772704459454828871625149071020627610366101740708980507588609228312653638405755949676090257004203731594666046725464590141382748034009692918834082133458595205869955336644714545912034045909784967115348202128059834185023488
294 48897943300042809722866771170631265948068249422574114261110349917678314998480811120255296463794040910859568130967333488332216373066510321727771621986141727910416380677656032122487511472019501671031011895672693597506775634225676438405144273683737993488257630646035187502250436219029570666869670278741643590166100411085714443596648748265410351151439756116759929642367386148677325113283034971269998762863629446220260005335289691296576689547479487940660488994318399477247923762179449272999299299600076170405739314230067200
295 2834955296785226509789918569495351160374572985350688263320118252571066677454141269225613731891005088932033942819090232585067082125797938615247050180979393712879219373144087464747232593834703364115517612135898798220830800722553424783931872966027207712464549404582069354716329505380616923861753757701154700300032762773885357575463224945071476981641112968844550459414600562177782935548075988368110603317673265335583969250373653503106648813582821623553979308959941250654915564941077772105374034975417052545095739992480677888
296 164362159067814523461033878775764694500610970380327951877248758998299066284779024033269569984834419836812688378644678613631723601071120652368873010106811707887024353712235682718007646514379403110288669835562288396198580363319155421029677573924270112773803662066323414584232089164042808493547104717916690517562844646601146250339134645393158089394232816736640361785158063962923297347046746760466511775183556535451979089362445818753234126259512844272415249595290849984885284564942603208753109260925987766260238039873002405888
297 9529222335205022571381313809360606245698446628142435176880767702636348800271890252229594571798351357171637700591724204651126396873832793986401078290338965345370274295610683684588156752084031971427122592136598240705230180066632080450128078460904778602349543056693625863932978288237398647471829774249993385432529166629929072315725908558042717195729554391171544616045200222053822854316590280783015644982826899040053097953165236939561939891511865485813225311471479379127850348272477327901220644687022427903146646556770480160768
298 552475574845085818846135247368991825481859642445598778204888282141154727668799536008488361069213458286667457943219664286127831904820899689388842941922360115441131408439579320374844277461706676008863549219345177376681632381144723690387780944356622555767198750172559503144502140852140251880641322749492101161183000882220542055667300695306608762564906965804634216143397566733052857564133126270641327132376615026402945880230677067967023038577751267595096837144581104435363148504470437924157161094030894728930852663045234056232960
299 32030867794191410429294719998829276369189311422389680555327101893119487132763247106208409934063254532208764113542689485947679829341861527621634526239788973300742856227038702123554684013224760090797267120945155183996615291103608727064655368871106792215129431104326349516844395756881621312499099212185021572809550913699203768807702991978253468836369141465220700809541483063248600016336423921866034952890941749328919266627111331537703077511350695798051494551906716503976487593759396380194184408146308528711505369893145483960909824
300 1857053123003043844346502335219930742242020839039480627539472898507481413949371170026159376252298780629691497363113884876384080488311967961182196164315969171409598267123916146640568274748518206465969908492570572162991811317700869557068734341206785988240166553616040173940425458782616479193528001325044036192946657478727529309861955930907815991689471479271714851287134614821965252349047223405097086868054250369962144243560027583258897263721497167219280354923234925352337676720358048164700876519073961048180406961528877894577684480




























