1 1
2 64
3 968
4 21380
5 468036
6 9973284
7 215926776
8 4649097520
9 100274426148
10 2161781726064
11 46610315291176
12 1004947894341776
13 21667343299533216
14 467162949559451872
15 10072346715299691680
16 217166673508579018784
17 4682260630338153987136
18 100952722377806062811584
19 2176609233688767377198080
20 46929173624963954321533440
21 1011824855109570152552178112
22 21815631109144984233156526080
23 470359823454206036484345240832
24 10141277256565468927913727429376
25 218652825456253227349303907630080
26 4714303422851085172757527408895744
27 101643583684993931197004525090213888
28 2191504699153667496053687487432181248
29 47250329753045822876528403659676524544
30 1018749201238994785191372675813719119872
31 21964924698916004593553066675892616995840
32 473578694778239714357055545897632105982976
33 10210678307443226161071330621791422818505728
34 220149159258346246125364981299821267855421440
35 4746565395839220871204317403926481584535433216
36 102339173735110597532580689884638049996754604032
37 2206502093064155984484711086634390738779053891584
38 47573683751817938002687670731717398300849969778688
39 1025720933069687976296221061557368286624802677997568
40 22115239972291346402857168762109923956461612792659968
41 476819594164219268412567338648165381125718198399107072
42 10280554299378667678087265776794150994779710399399460864
43 221655733103268960468964838229984065916531805852421816320
44 4779048151179648012340811168842148347960625147956727267328
45 103039524002083118941436860874170010480780367215267690692608
46 2221602120488188562331255391901123783231402570022248602828800
47 47899250598807463955011657070182316351652279748700658827395072
48 1032740375411230322028425221955990517567742984135910812690939904
49 22266583916682041848843080499345414952105514682412013731004022784
50 480082672395972537834440025325439379401303772079673251237937348608
51 10350908482292355752220173853402093591440043806223658033868276760576
52 223172617070464922005084526477598081371965640206641495645913512280064
53 4811753199758763684901993597818527083232145473547651778204683198791680
54 103744667062260335033924106584752665956429913186190535885966793780756480
55 2236805483788911527545056999370966306529922842477068562066838103818240000
56 48227045437482724233120388245865404787524136950142693952407760637873356800
57 1039807854766737821413108057384783991384877970041030812584907114468712120320
58 22418963571719894430131104387135493723349710196734122003303480351640273289216
59 483368081252718693630221421015384775073884987290000012799610793924251138129920
60 10421744128647538603877061579995008432538074483042704427407078404796694727229440
61 224699881716462744885688297066430602424184935561418752915651263899289289324756992
62 4844682062823259316890522105439301896390395480693398387457840245228096619698716672
63 104454635714754010547420892142396381009076148175427757713961736633106076293908135936
64 2252112890137452153906151693701323779114234453267877571319201976895952333034913529856
65 48557083514933515897831837580733246550853169599459981130298538721969320424670528274432
66 1046923699873822173052413701779558424071321554973640719085574679151300752770999592681472
67 22572386025211085825708217929791718605883862751469205397487001055033275021181546802446336
68 486675973552372956004403650933817324058992852902639200092304596626735555703324646863536128
69 10493064533302260134395908937389211127565695367852133822852418941185373185204781753642778624
70 226237598080639677418164376276690233416243556396404635188127600898156089677201809371513749504
71 4877836272030357330550720482781246467767490275421525643895900685982842036745531662552321228800
72 105169462983134141085436211643389337090872518530207854149247920831472903818335373391765788688384
73 2267525051544408693225161018693719027180202489026930970506819808809624842865039153367632431808512
74 48889380182591924897599793197799178672767628845226415079844989733949284272383193979527642472251392
75 1054088241719785627903772889661158551582837195220001282506946938661383259014831973170073730256207872
76 22726858413466654511804832584760206939716890835085651252199880352774104469667745074562121609997451264
77 490006503158648197130765862098973960805259067974315354908856287410909770430346049485510685444458676224
78 10564873013662671949224893228447754407476395866393349441766418346061501137754202416482973746989524582400
79 227785837688525484066707719818454537109660771299486791911561720655882158753984357995018205388292543741952
80 4911217369519058586972469701126975008964882853953656577621735308822913300964425123793150676116005768396800
81 105889182116964984449379598772800540302732581267826279364859971291922242970491665016615358205741762877587456
82 2283042684892969182614381214047284925170502856445125648310286800198036408721826977192984652867334108761554944
83 49223950896946382345360656813550480535450666969268219426303537683063886262043129704458368836785257787573665792
84 1061301813557016591482822532986008127817471766413171278476411716907978913982251418667409788988828633387459674112
85 22882387921634434871656681383605533875587361438924215022672792904021573101100155964500842890749707550285939867648
86 493359824988211778207546499358649437709822578761220426307792737134860140794562717168679562476307682731234804367360
87 10637172909837339589131786346907223542117125024316901829339688430896351391235412291826744329678222078821244422062080
88 229344672555129392903020190779854796512917694474377257079380817117006373497318828865012399393624403877068039170031616
89 4944826907981873630227353318767625385424086896799044019293857514335306188582778774240249723577197082329560578942566400
90 106613826593351635001893062730081998816077241147930043256545347348145058721878435453354157365972032278897138861491617792
91 2298666511972256637999358899654786765240559306716841918142734066062229554038237575725811397472928325776961514525448732672
92 49560811220260609539672988879426216132719932016801322861192369489209815901394316601500520409836446570194653690759751925760
93 1068564750918490566804608625900630263055813889532094479213378838875970833850110851226213275906045777212840583891128175034368
94 23038981784033268053440136276964762092968129547521828962790167438627593623114622209378615168842674521890759399058568118272000
95 496736095017891362545042795623025299790167391079995693558267079145572925952712462504205523889794846042080750262746378508697600
96 10709967584792604754466901358824563248600807986348010483742554073883962057268616835294486524601468186981378342891324418815950848
97 230914175188289810681212101261248694343034741485139752215600449691393045547281343968177187451047115252120502799718796077631012864
98 4978666450737044819463627134081974065340370749254880113832847543699626829133201154093656171505640246775263832055856298660395483136
99 107343430118497181887076505505826008712673580536444488823146983543363773005067350506537390139933787789139578599822531059167919079424
100 2314397259510902442947063700934333306404898277193925104267330105251155966568696744255788371494745604456592900278467855152913919770624
101 49899976821297483030428671455081037147210160175279822817137103953604963165803194124586924305405040815963810431468235348811669326266368
102 1075877391633377176839347609222154445210189355865576606694777580875086504127089822639353087908823973948052243888148846958344129157791744
103 23196647284489499974489728892633397062898479253504676888742265505830421001092979010575286872950263917031444906561193885390458490263175168
104 500135470291930041081277849759251981110612301904452238928694029663021664094030178119748076022745065942693737739791543983621626244435542016
105 10783260424509010738860631293956092258857238600476424902457755744088577053334905424151917563382726457241600978301818687263576397190526926848
106 232494418592046961430287482612185952330451826002760527198811097782640844580766001223498242843311714279985679374945979996802122563612730982400
107 5012737571801262707609153507840129796614871181792069818714986048157866902197828104169701097980488114153363984071490911348506534663851851382784
108 108078026629270523543270168131283089292713611139866837044856846973035092328512274033848768801945898561233357190564539233794782631274968269193216
109 2330235659210849494399162620257066838482508340980724029460622940158878966752213245116100256130933729502091080939760353252840576025618494192091136
110 50241463476047853399486011640312916082879787255189518165568965686684826861426275161539072248553699938424568714353135752700480818677186060022185984
111 1083240075842753992426396399093463450753127551768653112526401897562753274900657041075688433614585024734622554208029655263903690342439070913227915264
112 23355391756675782123735441902768832175512294561926645027407297564656699016865493750093634550905448016935468416931123126833268559087133190595322839040
113 503558108929291107791314140365101069606220874121777938831262702377480837766148510479836956357891711225482300607873541160072535224862484607932538290176
114 10857054838138798348349519594616146043505364038298453242916632743981598872420142333329391488538089191539057432226226327861739739290336280377687199973376
115 234085476270038605439527215462282411881371868096555929875011903149655911675278371017534172337813921049414135525754606427606009309298007129512266134716416
116 5047041855962880049021093615017566544486183427890826104774072436624648235310234152464144714807367775443345011413067729486986071636631698731942876421292032
117 108817650294784911433911796427128077281186888885211002950159418325945782447193153327521987970105404429506902029700047619975135250894278704053755893845590016
118 2346182447781386677634120191637167958805166896746210381674956463278115068794384938577358786962451803215019554182039052562271701963666105836336645378819489792
119 50585287068464351656591904983965398223807636336293530311985389124621898719683040695455554358678376950582282644105864765062546666333783838629720846107790016512
120 1090653146015427896561373081464599566372792741127227874837339916735403578417492262364027399988862440545915261724183609376004068964333207131828619049569454391296
121 23515222584452190921382329054345479279232618550671077835765244712660014260331566717003702260952874180407560803541553443970959740653363409283100343985189448318976
122 507004170131012824765443290113530476087096448601704661901098542259530714268390806713546585518060631409930242446714747851294732781536019472235697417350269288579072
123 10931354258164479631715586319061207438232137993465118737899821537771481666852073598785909042110790647310009541431389730846865310211467741412016368345694384588587008
124 235687422228918996585664252303303582573067261560524926199751629724633908921344461933901729984087529363469989642149595782492624184663287086702609323089189651716505600
125 5081580898855626841567793874715273403114383122367244603931671767724570833476417968472406939599815449239697768560733338616509171067225005386309145471124075134970757120
126 109562335517987296421047490579764835625469713990082349953709334010726596156150329571373528248425843482191614610074883076241154538440546649338293834851016786344757166080
127 2362238366973416253541915830348777471923112061813648616228468101823368190065093787920743328920842071574065669044561265387395542203063816386637385868812841397774087880704
128 50931463591200217382954810121620446984114502403816246650902684237450690235455362340762709510294691398700826194190206107047994190036924868598129803128898551519383700635648
129 1098116946963864720973329851587450251452951544218783069418681557468734869795501550622849542363524856886894567784809574377266294890355466394065506999941689701754461994614784
130 23676147202209681502700686378425996052619609862993071027213537463727604891758656592553096335758380573033504000824522925638308607521497857805127465525895789019583244608208896
131 510473814187613519056707513008689661873104890212093369416128708231127671214281374064163696621434298072941832469540181714524803351885938638214520015721492827412404238764998656
132 11006162140558496797957079064571501573342631411565385699567429925806925436003449231772586058606162786978539556498578933950466060358004272558288202331682834047402214133608742912
133 237300330981801237031656275947773215048693631933690688120475050539249152786958112907454729630141971709754040798024206095602106102273915777580488783876036511013332887912163835904
134 5116356307032829831933480579408893195660093012178862769246000358188146518089250281555061562567824869491683281398940427699549555901805111826130445201546633355497764628887995678720
135 110312116937258551708550663462093801540494093816837882669182339252848152108760573431574925793809263641252502774803464521722187485570474516436817464143108961430245387931822204125184
136 2378404163613955752128881999875560144160507498887588068900383839624734143814777139251658171331477188739590940696402011888869384103500644513141495577442189580220019532712123991851008
137 51280009146353182988412479212198416964157018153894435895857017397822794165912989666812392791964071525189199192947724065474270812918274389857597570685205659271806949472783659087953920
138 1105631825860227895945070511835534749420239598091827709351630226391492538294754429388323333676075317905432064055110663267687089340957439308560304170046208608173833625343032845146259456
139 23838173095215891901378689828315533987495676882238520975431443921065903168919240608389071559204347950915081568633695886856773856267826014670599391622355168020651609011563207851864227840
140 513967202486547355739346340804155722993532708196532651374834734541501828705655334777631442416429794238880779004977449542205115132140123255580578125249923655968640396849315284160364937216
141 11081481964943973747285346457354805351692664332566271387547171108051150289727694545827090959864650337269513809908080290760379642869853213428261264905327687415942747317351674697317001199616
142 238924277551723189415169382838641510057918050043849218956024805872809687296591835801442260148327294893717709803562761547303435254314818178504421539356402078380636924572995838437790765285376
143 5151369698042139936401041684666146951910703154011177108860015440304799539858942566532370847071059530395816166446910294313396524316760749927658302210554339684588555298450369226394525132390400
144 111067029428024646788017645592582772019688631308439727955976581209920787590265640743831607604787457636698793640634365179913831208154274183144855921387913746354449713345067492468536275724402688
145 2394680589640875977078018704168062964709303564941686384109757578184226268071930090038520521753445260127974454211838818463978173249112938839936928449589286854788788031355064688904045514897489920
146 51630939946214448683319083856878297352884423828712782290395201794595570277018186912620304387045072555419262513498054538918980714903374382459095085739030266666774331650429970563474451983572664320
147 1113198132252526859400360359241473119878405415690791316487131273958155902678234511265184525791005458009933120081614743133051385662418694913235400246547066386602963567519680638859380558896209854464
148 24001307799963313717216191484781974426009990316340630621882572735286740611232416099217810322209061908923362058964767613925629299745343129041937292020198007689760169926380443064782113939312802267136
149 517484497519711133976921787759451494403153658448983645270720592020114758612772183572283815463855829998889755456765290125602107460346876373284578500352553092117076816820687242529741835317201411768320
150 11157317234756567692864493182866582121626561146467958995352991358352755245679400737724110471110480202935183703156157643578109985427291498509973444049639430923893485759329499107417147281152796113502208
151 240559337475137107740642379636272430350433446867026020206185049635582408268531586242457829927393590250093814378202393685415888368536355164262851235684186928619035601649202262259105426810662103382228992
152 5186622700500771052993418290797267786377806661300324719142537950630543072456098274216323208212955126767633520771893536349129668788634634293753629751970197899249045703048246647276884339007213119106711552
153 111827108104378847329684771937635594377879232390773246863941536871931956215917262378127676941975909482140191973007517971917652397992006594853907384262868116601498062358982071664923845635318347988102807552
154 2411068402137876737172638744467946891462419135993179129572706969781988518325889448027093074913229883922926111241906841209663229727102458516318938943540434925861886046100010600849579532733985699308846972928
155 51984272314022783003066512301872150849259854144756000645861749045833745699232115422220718527595182993809881855638397948830141263992703851385610105338510818950312018039532989035686894164441918638990074839040
156 1120816218080875976387132453399384144321842112348654723409503238197491280572912775353975507873410775797269599715386130087910986535332989483516923337965913564201926539567586164652399572535515925712983029710848
157 24165558904519845463013312746539948245413611123842610822627116670124228452327039628326639541557385136702743091207500223142483819918813854642660039169315586911627997180359175611343160006194292433313503134089216
158 521025862891002455272165716071685304662713988104464343799504708821910690014774573615513013395971719621897491878774416086144286937047705272916299569189007346180551152885535183305585907783004320057126877382311936
159 11233671477407428401680232840064722597463933935339970966666315791151359449189069333928281921099113106196547000471421442766411569950276733180817254923144325827433183612203772671108983041690605207511068654042087424
160 242205586805423149292056002894322983423603551957545865707450038049435058771044101201288535244615391804872669350877608038387550792881975740710319894033702533957130276140989414799964366170399766075100860393457713152
161 5222116954171253764641049456143797182183082867277931132900682813683442659245893572188684424481057107124215131080164408976537204441099632492229019191856708487131045616543284552426151203025933029304596752212888125440
162 112592388320715016473573960599981540713705698958584353350112151015705832289345401040908554138481789883227319080007776462172955017190634572738235061269830005716050744788567728794179729768606628828234590936126971707392
163 2427568363369701931448854998274281113284390393175168942723191211661566855657272578087484662074749415787648976440361099050939892676484889361357885874073530842002288337784134488118040272589368389892372636714834140856320
164 52340022684723783961565204935307823124369257298811512464258244030469197914400059893015928911229881840067922427060421682774313079041973827074691837192149593687891663641535022210976180184136296816658175229047904015482880
165 1128486437693864725226088526977874781048140978357364496466008990515283058711405766423660480428553805666834854749980494563056156941248768948614366241134796389708239533131010924936305700357588536392280425001630242145566720
166 24330934048881744896335708635819692494060502163888827791784428284671626889823124417954954981648987700834093631287080798289996279589339665387764008500288863603677436675953722268055658993512955659836885569451888209133830144
167 524591463323929615460125199249062358989132860916570299280865399345629883122113734790866146662312903557820683043616723037172760254911884168952101769428357353537694906111445195500785989974177175214637314182710237183715835904
168 11310548244447272634444288512936866522371161910131075849587871047093193355844171955631488633752400837544721443458191377453755500005063137473459717993145425064079997458290616009994625739093122442166308292464517744374797303808
169 243863102116426930994336131881992474095276249610969671587366727542316850323706925729943148026664940708952597017791544840214615128039645756804230851480212032321317922723376905928921633491187237934679746758717899782974016061440
170 5257854110037707456992519055666860056449179489048954591176847110543635247167920134112693787449892034761288834368860305148252442308161202415720019510243334873812128224009052259319976806681699885482457389126535525062480553312256
171 113362905673372093492445701134946862787154400637925375205071545480127117374982702584894336974788285391816760580343743574316547646207181677133158738053762207833591543772456309607278846124024131286559425332216947922099174203457536
172 2444181240817595626075750020596673205165322515986429624494197958445932411317772901364754122835665209857929182905791096253739769079104570424167576768262035391429276550154742146481697813059647879240860330600408052725161950911135744
173 52698207605734336150052030847615183371796278515415610549242173019553081371931699119197481091215900038520846320861684143003864504922008358707215283565383417645528626193057848444413441936830150283821856239650804192142971231665127424
174 1136209147865039911769564281317012474400634114699069491656657802179912850203103698027985911638986110518636948409575019333853967781195422609486542659509599377244225998629009029939089620637063893510323830340396370251328287699783122944
175 24497440925328996753425057570381035558782450183952050390890755032740322068755691398070950356885307856731445574342631416028890294498862478986301461316847697557509135551813706028422508397165682944565209258131775558552746925977872891904
176 528181464669273574412066294381617829083810928275683081883573271940432974461458973622647754707169909950040126347067803345775965578602657813846419762054572773791665916081382853641542578550894106637268594100390501037599357442707412746240
177 11387951111731581416313197266938059844429544612102468716095324310888820469136882315665881139140791012036480963917956688660286806243061528891441525492962678086044125930497808150090419791779562764621533222881848049060611082697536884965376
178 245531960506021294769726531827064252457202846083858947062986440015270605380294181485822355141250751229380804856322857336077776758694112006578666987870546591259478987578212537561310197444149694232342226525963080807539508005762490305609728
179 5293835830382634398599156437720441746318008089051227058839539272832828991334107005808413434193226176019187675030912646444699019939227184571597528172777759247770793138258380708624401436411404473795599148748734650748851730895033657796329472
180 114138696002289826318044029384005925576523913670341107755809556702298533873020762510912651766212951831215896861540541799952847425692272461381006173990052206236613480383790747625054915473065079918849649283146159249652794302900757886941528064
181 2460907807215000772171587391511586091543738582293336352386165051471460644050074445543562390861960627136643052072077267449225087154756563169895219421846461081165959054222982254810069869133217680205005592307646346040571895942191801659698446336
182 53058843737712299339277553884060708265295120809715272756248933642249785690816735474399861898741061623747053853797154573157880872709856450214153943089177307187835307265796221082727969858963865732235542428290790254940305765603983177122507128832
183 1143984707809500678426418230962320821646001377274935398880533950724649275453572500399648428589699894249612308881903609111912702644671611132340963068629445258336286961512961793262669414610299812601830085311083218241884155182896990086710182281216
184 24665087278783112414873646041477614994263636553785938902318040328125164482218248107146603689966086339369003159201867002097142043242952375591220040498025036869692270695171995817235811812565551271931609399127451509816424218127777152524348133736448
185 531796033912802359839945734327256877398492798703626761460589324894056066998914229631992480201426644398553214410009807391551051163493865919216899078550948151822013371314132275625456090651567997958547413147144192918340269312543549108833448292777984
186 11465883679586927822427866600951456790230614640232034802874563851537958199662537562953160350993706357915191184495318099199093539257650550315971866450967046099442980580591179907392588061501370784100182086799251426867707000457994950098012550643843072
187 247212239599692447561526860739335347996494999280195958385546991678444279795045363900171669720310809745013414408857529384958149012228651754798077419001164305940257135055498711071459155280032487406921002947772039276156894118838086118839936605961060352
188 5330063788864239355482965259512042819204614374976269073818776938260958153370607613585714873967451933829277877158788976261694710937421380666036479203318226316628895172163862544215708587198958675024300562979293726682436096759515265750383435685331730432
189 114919795392675834945581659267282323176353109224901898336655114151269699883711843501882768682010278969527187777299825839015349249533070981133153602934005007325476255553206639117671155857195473365754757831597312891613576459311069297636173140928694845440
190 2477748840583502225050654840175177779078836485254711914722205973429792714452663053648810915870202260854789121228508422418293055293212247140934625665632050041873477077166951234239669607270078066961757381624414921483958405237073955600064866733399849566208
191 53421947855331464386463833936332592692981940882137853479090196371438836986195514810741500355769426150148583909789099276802379242207363488677572614677116529933899390488536347119832142917036023911122208810247762894562616772505054234855300082242159598632960
192 1151813479200607079855253003477526457936501794297949704347799985235667370111196230003080042266719199096327718925056639972090128501737417045788562172434247279777529404206999452924593735476770378531882692036560071339662912611198708109950391169515729950081024
193 24833880907167378145801093468523350423806734596512031060728680572666393985674801970884872254476535051180275477774318083127257710153663099322969975605515875927049328532254249525030290158619291362675016564208320463139654403268231727294018359615728990245879808
194 535435339183038264030186310714664471018846315257121920188236126720565381443150581682504293205332233167154696665723959221715901890897151120642959487779354648981877817807229238353449254811646219389505065308705180173257559858561506516645983936818295944096251904
195 11544349572978443014865137533069990092461664819697677927506181713894788513602514113704147622975391203175371535974956246174273121158563391526343821569766421322846323090675079053728856588322325824739533341500667301168796282665020869768751236026783126062561755136
196 248904017554150642831357975231104482641467780334440755595100738357632640261335166894439862149995851382821285783824787010236391541579523801243505154520072407853269838250818736018679332600633720520629006721590562656020743728033688912869522386384128858834671239168
197 5366539670594278336542026396627799239935049918610179636708112931817454868712226847602346352277799163243171565900270221208344744001303468204045738063440426699986345462543827481573894864001235871092782731454280349215104176050334376737740466179484445443414537797632
198 115706240176684083258459318384222782623130112503375897694949391983317234167178589748123146521100957570960810366728120262721013638428239419598031734333099431857221382898462049354459793254366085930496246116578601397923967018624943654965855002418472331840204985860096
199 2494705124269015736758796232979211204698833550721336330920861510198947848788457085889202393007046022951048829770532893071016656930309284432135436205083292832797075127391569864671923478743306415199674129966422521999080853661403074806747925754759681834855147885297664
200 53787536848061812493427976888355904800539123447961331309651385593092605999180711008415317443081559819723716758908023601582844398548774552365875934097599629857718569414706499757258993435064247865315451362298061209344377695212722354890689658275256576158321695357140992
201 1159695826186803002510732103141228954632710629084520701719030742119389421181569223341767323123748668435773116926714551319957895344029371599360052587791882804304636743577836321125548171181808998830030185858313094038884120645236636883538315776458665089429757698097807360
202 25003829661769568667164560714942754920684507237953092835519390733371454499341628875521888743873155232476718839488949055431581596603464367933513178263059574792332963784531329263124464787056424472615232051160705582166424721915215761296501891074333677922031855176100347904
203 539099549759078194791108582887544185591412122372949479272962081350733565203293230810456100264285254944715646716220339822625158247312149737707679068424296334712098999115121432252542972622577861867791602831633676985758918018208469413926662453553184881176227441048222171136
204 11623352441678428320537376411764995584492328911610319276550557170341123222027157991636425835028934272830939408525207077686665443489550613322732657829138207491856391360324024861611966406826151764181937470096105242019492054710805175704632355399237864409516582697079257694208
205 250607373060965571477641715526828155096892149615092234320450304542035467904450521632841663819004197003905916557365902398691674630738209781093533125973375598087167577869254217025927395345366093349368745592875263027199443143971162919581768537159649810515470485968593851777024
206 5403265172216440090859578251267096590053337182400978999747656389715088940422385345945357249163237705513209267018372376383485839490882797469441815978019437555970039341470800290802928493515952254668255100703584188666600681686003580095411193166414376068409471215823014294716416
207 116498066935104837345866008611789975720714575994690265553780442481093074236269206303640579137409545536885079265495770555320809500476196744346951770677780947787689906499811517491012344110996906868741204358068607285311646712147645211039846316883332874921029955036679171246915584
208 2511777446978224605196921584182721907096526345508028706902790532646784758603181690111203262739947463634573479957731600259348504435841315134087845908602906130952181383456203670471086004391565906046379704122165361818114052685829354305423885758828785688907293677504654187769626624
209 54155627720955114108947380799418432959298566265202417217362743193712832779188382230924239644149053281335114574704933774159999969358166196962748219987096822413553592097463513563256177538911155593743238627977185462441742896590976865216780067611886037277184680325571954383043690496
210 1167632115408554210546359317896430063635414818793328349443570477101190925143086506280644820766305216166000838019592687143893887141578131383762314908197041028554821898815654547990557203498053577900156891508866544820865237403822161928070791582482616410998404835534735859215046279168
