1 1
2 8
3 126
4 2586
5 52189
6 1071230
7 21914482
8 449023031
9 9196824619
10 188399767218
11 3859260231149
12 79056143231850
13 1619440886287615
14 33173815285042631
15 679556410727542259
16 13920527633029367143
17 285158193122827850868
18 5841387560394139943132
19 119659225064232038001362
20 2451186474113167003931447
21 50211883984415445362638572
22 1028576699716771469333164994
23 21070112156030859317902485225
24 431615480306654487339304834897
25 8841524974294741630215346900824
26 181116219037791041571991890086139
27 3710116172705902336053503775757510
28 76000714282283051061735899712932673
29 1556853829513356974704006535002078849
30 31891724562850824451050506327700968857
31 653293248416681250372685196530220068375
32 13382533377450882183261275389763806093380
33 274137533232792148083034378424420426776264
34 5615632332633506231736034201610180489636538
35 115034691249445427803520469737002256296663299
36 2356454163488566634821384261275602325761089166
37 48271318541478418394301107169769170893881518010
38 988824747723205076675982710239649070454156020079
39 20255804300636234665467204794592505812678813526611
40 414934606774753955330337509382623192096276282199034
41 8499821845825781880443605487151999732435998083586963
42 174116523980358813747927253921275553853731354493569066
43 3566729335379090570491376207913103143463851985834339031
44 73063474166810396733791664889149877759216807092742014925
45 1496685269715536439618836194221826629096923034772043454241
46 30659188084448280283405261859771855606909126567408395547289
47 628045076020712990986564584314422637685076261500250200839510
48 12865331476730826710455201660518398085679983949502361120862350
49 263542793862621151774973967005695326627738137381522138758399364
50 5398601996577937412889632877011431802462745064549575432573649981
51 110588884219873094684307510562452399869853556989329657180527443352
52 2265383023373232341193608591679745096547807360388457050558168461496
53 46405751163781260586352414784440018762227839706255006893069782545241
54 950609110625434292123396454725632881104632715016661019548681074477597
55 19472967434893404012471227940543418800461253589668341564735313538563130
56 398898407854448455150735532197459737286715044704608786651328287314358751
57 8171324700296502878756404205127712967137483759591001346708762788035077712
58 167387349868889975503075454918287444135173163576726238400801234513224485269
59 3428884045583637975957780609254486689260437682726308263118224195614242635503
60 70239751135716954746208849782536516631160376010946037091995017297697383721531
61 1438842076319815695889727786118299980270601052674880517875896955553728356649893
62 29474286100304626405539902499601572564160521372922491987266212926910922142680098
63 603772683201345663750134659386106623994185869814189146976523842248485338851564454
64 12368118153551642999414330623397517576993575292461539922486940418982599236143792488
65 253357515032195098447548959776372317121599790350286269671240580234925406291749144209
66 5189959347603425222177278216973159995247963445691036009238850805716893661932356730820
67 106314896664317822145218186037217216035302268729262637544574158751212373910827192052238
68 2177831558153516745476239982532507069328673296042187328611355843297869895961872212445077
69 44612283362931941967892134796793807272634963942500548176410505381468097955782562224619161
70 913870413624633374724601711054458607712894937964871574799578775288155021458897935429907782
71 18720385282775882700095829097224275532050021621350156161331282563214508971443208814841931999
72 383481968461579059324768121481211833117178784349294842544350541763415328002823676445720426696
73 7855523159049080505385325596639201819548256827070605134703353193432821458657812750825215670039
74 160918241736153692435553175913163504361199071778553726132822627721292629759608592920038777182279
75 3296366136178481452910702552269374065517162016624115261207640281457621803080919906915709145586481
76 67525158033733145963003533580145828070345346613740552715198515697133818296996891491650571543286769
77 1383234379651373272486338034712174266000616630937601348692569270960350450964475680989218489430116442
78 28335177654729586354160519203334729518087043253715726459915482283448661073149504071359441730520444990
79 580438358485163726972114197818197644637660613916239145281535748194400298504327537606835725664819475682
80 11890120898702609149629585125863462704082554867992902094000042044690808753511563915043150781139753325643
81 243565872101780040523535213498761363766788393861794504643898772551115025827607485928612246997087885310334
82 4989380222296465371046487765556301200859838496329158842571436572904602461815427562331691228144490063552540
83 102206088183982468630024724898879680535845515600816328588616112491652610309292448461992111137379772252547069
84 2093663741077639200719043079372103036471873114387604465111255841851758598583816351438423898026218320856960245
85 42888128668152840881342576778240012639300470217951113598527563364562631992316212949116628722009912931572941880
86 878551576629622459891254453407326662332037233880602476781892244384643917036160377984226490619345996267379501375
87 17996888574239546135896010156807785741172024893102353457730266322181943841253454504817150838230098320897054346904
88 368661336419338989615586743376956793719391866497828541508058288262727438920919717038074382862632922287078449237315
89 7551926568297705438968159658638704512341550133206919405700339155304982608325799929668795666412766297251585196855519
90 154699148673647114306702090401289406327899515553956809419212751233985931834699762507752142704073057801813254994063335
91 3168969717054027663702106689864450348580771168594410933809499827992485908337109371132206899953520319441705450971583991
92 64915477258319226298507471713974049584193651042117508945738048493936860599953696442754514696699212724312253596023495042
93 1329775783276604903822709071734135368375521100265827487252316611376088426780087659896835068835179851657747425821091806916
94 27240092940428803465935737922467761555436855971960800758112022107274169744686492782166097495605078838077840259198915019318
95 558005847854165638879092449802120511832606581144599473057378881744965917115127110205162114834981031855171252000841408511551
96 11430597058548243400201366087710598006344519324099638106493209508285265610384538440548283688106534246242897390972003646803132
97 234152652014928805137689529609743265746333813585854309617334476837697407943053103811043095751050076748379801456949937182095976
98 4796552985359784004263136272074301774160894617041747177729584839606534027157325138257699183691574031044682149992142624116630177
99 98256075015101731612426853895935731883073003742262162571661668790911053464289769354019138993408398810972869077152280444621484215
100 2012748802492201370808489770085673173738669250901759080814866186865085141347628985990907278174059064289217464965076761975240143532
101 41230608298887748796911042859529427191254098940844914558165721238445424584652184552412563074144598858684254056636551780488771036929
102 844597725553930869675574456023312063748379533354046035466045077085182318200216518871338948803880617747998960406362902581570939813740
103 17301353228642920141466548688407601545683349011256261570760064837404339772149938670554624941538860850416517970458885840817780643500871
104 354413485243465730159959853001968297979192351151785634440942817498612789713175167828636582211600403336547839749226267031599463030655875
105 7260063236814961349572901475512476651109895821609427773984705986907195567162063432810396683078222328882360285048767282832230767151010153
106 148720408215685728736690920707207336007035674768818454947753773319091692002243336845323055562613334160691837129888532627962945456354772515
107 3046496855245494174769452651812198103882479783540025420177108110072209643984895594876156896677878634738426227858238387761734449943058241816
108 62406654206868910668567988015798428336341504714871443422735526129301842311269221648031784554986201502679245219117091263227370126476266500746
109 1278383229770927654433271012990356192291303301426857819516445058425618955910226742712646430858294983328928822306511690871631639071758159363162
110 26187330548793785131426029220912646422560554273378517367435933837528066858217629361232329963930448493534220631342273957216280533551261470744383
111 536440298418708015249387852428746478684416261063196246023085505055711722536805822490602442356497641441489871725198400141297830337777237667449124
112 10988832681183970562985558212027167725757382346344918462664343902263463835100591883150363466014660986666210163370677516148332193668098158833469094
113 225103229662295737358385793078885105979847402819866772877886228297632795818780552197748675399919931175670136471702636537026575588920550000648385495
114 4611178045431551737556945674562030877958365265624612087845849566927885255293916647738668751784301464253904228595548429301287979438038640831721111321
115 94458720110631279014636830356032628528202741333492437881567647350865363138673389904829586780115384025673769067801597001798728143847360286249075743858
116 1934961026668303855191198628113224311434487338470653439665799871860439795852248225596390171416668269811970436909744531535290147870163843268652552050499
117 39637147002840481362358530875072650744024448484090361017085886602571183797792664437615749675104463750214243472624619027357113074280965868158843597775300
118 811956107059157251488499307060285479099392854670137947510564787333061817125621436976744577712896441328192696615947605573512122803330506977268861919148831
119 16632698608288249450440361875565255502883959746482501403435278853007152035331023100585538679971277425503625186535468724914571166823881389473299574422421703
120 340716278366507848144951991847954572003936250999880473616794618876946690461435716515511019619058261086092015040467413669720860492998480835673367731254552555
121 6979479703075723086596751960666932711685464597132899840103257090425423795836801067674420856640080874658520955070852685371122621812480554581865313183829322451
122 142972731327046709517132496410521182436516896713621997201989939222553907319372565583643453021901814870686102287176420174677423606921483696674759269599547135846
123 2928757267408892558711539904777857021957541160229094352915212421864929212861878052456699085121512670794027856932404489520467841928588454681395272052218989179664
124 59994790977164060868466100298323051159668991569631208406358469172828611270655444021825246024858115623673712549997930476506173763139669158403560930600716479326042
125 1228976871674318482158824997176881763779058758011426022032037048690677939184923323138994131905779018865758570753538929794598629041561922846694927790708044567064777
126 25175254826461431706873982428471401376458506527066885727651707102535110209111594360903841554656420593684146716867931054280281052686776365880714659206946065594340420
127 515708204267351129302494999088909117298018689591352328766610761126280479005346697073642825355737905224073793950669950131886996400409626964598046316307049419865419038
128 10564141407185028814223294856288269914046576909928358233804799984842536905891557745899530646328241004960250353129477882768563669787114801188367389891456204963715852997
129 216403545158931674822414144180149392517337759359195340664621139704167987113482264722905956403032377957454603496555769855405336328440868737811714834057385172703338840873
130 4432967389616990765294405079668960097584778594743468130932477493655350510324251393160801344401103975194590402808622987370179224655497748712329658934758108948965463627558
131 90808123605255126634109350087834134269691900647694560801024959413250896146930642090241640987522658992595933614697291079328100527127918729819669636058689030487961006477555
132 1860179556479832188934206787028045667827465196679826041477507372211955025260477950651340254615173953444600900556023454022539176464349965034828446576359163970442332749720182
133 38105269054863029657981030997250391379675051193397866245628625583202454194465593952078808254291586735785222035989148703995262313797260653790133281543966748359601200269210913
134 780576006593288522133109030097587125736313297780982077414900387367988623055870778355399985589991388667601051392584334454552124512462709108782544286975032799357437016849905651
135 15989885839458895444056218824131185420351754067413047633781602354192806227576183400770608821566803149533108696553449930859073126029562594573658699934158733744996518287396959043
136 327548434744735644192329392632979474569507941274214089223661788688772590013425942622907299895478403785151295588105819507500827016617499139067062293009363268080303547224167093111
137 6709740030724135267047769638496527346225231124297422981668022261894732680845900383476082042106161613047451874213724195936070717431604195246971267522084967661679001009254295804562
138 137447187970802814467293927607090234953822163307326582131749570593762991331149844214205128748139078788375698307993136588657942688454084077888790794048513314675579453539957302832680
139 2815568024182056096710020815261579778378415659602973077415701547311426419936155139529928059519014574836739000258901372627951522536088320719647240376347930687932560892815339709058916
140 57676140311291258970349218719917770143463624149851530652318120227063078494909815105489816610941602697599510050006911342398373780914902943039648725739456694881663403759396396186129941
141 1181479947434102886953183178554532096705453713378906935240369063898006104720453142885517257388625819205266478204203045205809806909591976505014227589351827551152995714915853877616875038
142 24202293334036018343229457237148509108981268736427332499369774273379898180568339819840371767516047983145174501128720737486119585795000427227762533399079081814625259763712835152574065886
143 495777354409474296170449585231439769583634650050266698176523039707374640785484312808412127087719894666522891147911432287907223502504566102456424186243183273341861517986816546767381328845
144 10155863403225194748671167692785773744951754749246321331306159283691559671820000463699467545699067433102791371359505957847566812850771969880000894322202306448621372559730205465143614217121
145 208040081999755415351449949079585135720384681854493270465200043494538875961186758986734568102281191360086458881176908773347282927943690098623983766125808237102423002667842828201721367212858
146 4261644136009187056529075276432851365807787947858057478599838220108075312273723112630387881672444519089417659405337594822295829334708285368164938352343879073250759979746583931355726713646853
147 87298613648896957884811710819523678943483151408235675916237060250006030343323880388672142882871137196810197862440944551170804152662250722269818451536611172172361966968317585499326591428410592
148 1788288205630445235927322088618239105316960981403333391314668858089259282515745040522512321428801526952037405208873511125762335483444094109337483500588478450396097622421446320568933182873092505
149 36632594410476813779681057926372361890812126095260668745715007005074702517530245350771510441206980081966893936608948272823139335662548873855190888069573771901688372653622914758343166722328382397
150 750408669596635587581241764497304407839335281352526004158984170326830158515053415533255611370349831224436890861210203739578391585555236930480132434620348590668468253929993748880210733024601971231
151 15371916198344496512613943190250688088144574050082244166656951772391929199309789413092467489791394443288893364275603599465258643245787458348954312719808680967032533763947643599641564809320266392059
152 314889495794259859360125620515649659379702546195445963893413600130398184043824092980120700278024399751134640751358695097334199296692881691521634642776427379154989521819590164802580919195531781979680
153 6450425131269054079032077085026611495480555652448844229728074588062335461340477244380834461528998686251997534499624547164965948471477303207320422493367870852932970166020464590854918110527705636032110
154 132135193233923899406508024828037506295868357531882657994262698704393992877783805051206682785799648827121875506039897851027824183184586320767354384235635865887253200734996921674420392314901881210577844
155 2706753265971384427554630850699484690722682219113997062000276942682306147169472176071442982352291978194479713678594288713919802756904598761285922766599997616774312196877354749176637689147279556437933745
156 55447099773611064978170388773315118913746984256228118253688690986664459941750824522455508739890648991264148136292850520890965377453949807974317419449895964297079822869570332601630089305543203191097981750
157 1135818662142248732901503557731421911614923736735820647233048219156230520679207029161178350133516206145797334219498848050525507110209328263647956225357469025550643802026109040952018498549152028660517064256
158 23266934403025302958940399892063927382512180832465512223383760756482268514478028570746619432817368489487539267769004065924063904525711494791051976635565497711123022866836144466740584440038357161379020845329
159 476616782729780748714123767533425408179454671017908197447687577038444343252857438700282423642521422860898919707087946806305900689861786835570385541782843025135074747975131005322050172823469527814234031250161
160 9763364336908513978973957762659004240655503751386457464727441288563600868549491342841803311689531802406896314522891274094063324380603331055161748689015334105861749234463723964132656801557391052506336591912700
161 199999846059262322532174350075085430459298221198185914982846192417105277934707158945810095360897706586919937529042041225527207583323440408553461176104917897861249727125534472043021627979466734201492487581972169
162 4096942103503869241606286651258093034973442085370236657725623424479586094401407398430644476939079305149042231167030909589764733767229636296181779882665838949596189836080666640534291791869632507434269232982240022
163 83924737594493617571024807682494682713744635531948225222383452400485372798542656053644769705882040748152776890385458024227593307615509236590790713630141232153080206616538482841932771102648150699220894358150181233
164 1719175278137527250160630393384602685867240047235021903816761809201054831755267481336356946335018750503342602253606590220385742790532116646856073934804898173018402963369984285490552226543579900023967346818181041727
165 35216835008050850820489404513506488664783231744878111335826480488535332999139710741444753442665398038607330267482910846156157792153869296984346377367939940517061885105668762337001251969954566062675004581507973690911
166 721407225752965264528764202189303648607553456173735788377961738728320088624507554388215344477997713545691987642733800140792524071036231656843668363672664450379818162249572538990343476711702909024415782624554603311873
167 14777829559346139093539089531387302393854951702038188339119584824795021975125516969593035723800310440159993986762114677189358463311844100593056691323391108065563998447205166175305482367017153251675686072646969705710650
168 302719793604987826490512481389654167914047833547827701318280545785241011836085299124706244809727518780227052764205194899916234130370396416291164835120940771687312491540226822009015907511646000795753901929497867161799962
169 6201132112955639369001290285948828010206458277587980121232740031166537868619161807727936856106061989491668697800380677013273847279113029376341519043854048242549791778359666240279623572441753585547189253573329659195941552
170 127028493989089705876289936072967087833323913277301693066092996539649528851277608468923550077917637616572708987893757316610048945456378207498053043231570648897659136348942279517438347925670729752345090324354520961410367311
171 2602143929722729370195425589932304227830154105850740619876335493854484913032762771139536908392183528295037176843755368265032367664342423246040744746609871502899602656408800008662360889964706129004253583628144896384493507336
172 53304206153734399894707847823444320165016116447034237911379858217355967001080794481804913860425200565816569810848444785943011582363789178688753047087129348882125359338281186444974103971255949933100598299602404469819524270694
173 1091922072881869446409718356014124742460139547054240449759927998218599887312606900630121092698558433718254215762447037676432840573037208076579762908972934960164400852493419879341255461491692828784572524400019896492368260023943
174 22367724787195026672429371720656825277422724752807772631483659195699557429266771018581402687371908970614250667448654490369852649188789446581730985666120084983226492529332058111073987525064873370557522459040856920132049320304151
175 458196719876937439116500976527135545121821759977337008587713415177826629208585882673528313629099257660567865273442463567192186626316352457235412515598012964900831715885987050404922059345970054313108759716335420273118324564198726
176 9386034391221256287235530137703874173420068728052574907968325844349134520221176389016995924003601305576977381465786672537589753650492532149573664796996382117528636599789478325673784230989901701062164920033677251146006093201422965
177 192270345402842386586078033251408552465164161728019280630358978590343327912734113090176760065581714452726000728227426366183411669996333502156160261981067522024265431637203473147770384126104630221900762736924516049923157616581486492
178 3938605398239785040442307951604402184540223328287480522382998073133314191604288077823200515738775091514084595671235843191520314613719138713846751575069148429918442982227578179047561575776688705355214196573213404109894603893243182901
179 80681253526339420621739380771696163339199577632126771067074319181470670625011821578916640260773472443538747923438064904230052443657132765467303985648895009805889391260902908979101462592762092425879845354346122349106158569761076796653
180 1652733394792639862023167875934966977628772714308515020827098948807272009686099323393105127956780623100191671411713538111918551097050239309893875167133812427387058777491156867139748505182189290302420784830956281957290635634928796512117
181 33855791213891614241296859926443027437062086085200937672522420927800586703025060408881547647586295711337167185936923470004573389085188046094785848924125201516532981690493159908910207270335091032604732806378829143502640880995858843822879
182 693526616168139082940714447680417208889446914783288051002264226966079281082943286800319176919311555352380778619191533764602078573192523241973912843746638819564328370942707700690466556756003356937344191817245733921859365867298350664059540
183 14206702903350705863067960948810386323491284631348764601726569188282150578212625308763752135999315937424600357460787467163856933734076908611438732872481409389626512294005582545299760207228167825189327073181481853243658609165646703093105630
184 291020420383031801067592001062065097198392306935002516311925837954656562618865595203786302332818965116351721045230767218114338535051270769047255777696692308902998131783000174434884471790390639460423121169536979614173189920142646480047446734
185 5961473654801453380089977834128673844164615271312274672495913425029180104504036126954651266157538635781330580054661098470479713121935411196917648600171369730899915070861512119420447900995653381387861877020912883951618519181037419464216262217
186 122119156071990679699261913333514110088965102101535230583246322158818336486216010372212328380227451461378582112861115280437947246972333822586666727495011990418498085544961089736214787522254828576615550338064076111696411074706150767027111462142
187 2501577486251911961020212272716927092568587846140345030595540478031711371850126934285769705107617670890623188747390824774613463103921741195961704353009269422017648881940079926377470727064747714850742445865111528116379130360639810355044127347866
188 51244130085810083889485284402703391075650889156428748650066993863029745035205506154591356242733702424045992450490111079401112323529348187784457318407939962458656701812023235677561250371604770680068372742603851424716239278464898516468680812736049
189 1049721978504802018960762185137069018415176294919452648745685889014580678983582099576416142488065374644219017415988741888559418701301385784160004557165664750137091186808303327035373474090853868343563734537953537315387938134847510122632504595010337
190 21503267404692768753101548408222656144752059985395158356846984123267748800268824004529964151428899997970243172227184320836715015568796357479713126986262038486718668460252585025329015683546512607824366234562275502835424039090124209658622576899039390
191 440488547011600222825941467785192957217648043385046622735653631033998068213180158161213298118876673606842601743489577314485638536125022774091190550482132391020356417581875440213585760665257941936207034827646896075912479481068926708345440080624280021
192 9023287317072871391780575286795041423174969696266504425963062604383128893988214637268517455363913234550732424767100182190620589924644487110672644323933469522662267654160315615260914906459717182129333584053771388294677366332110890835652627952952954956
193 184839570878341037298789879328972112245807716265241569364264753623853889743403234286130550558207813067707329415850314725363309920436262766181223381024215247892080253574992220617942907225689123157648756040533408389208506621448883971306036069930741235451
194 3786388016022136902355130793599392660164263941026422541369254320142171277023342457716876947142310561391479859686412302172338425394917959724922824775584175485076052548047305364590583483318462235996973303133458232029193202868203010952527302152691199377867
195 77563122115839053965659864853472517949186850040646553618432762849201922905391028669982852686050315329187317877172614303365894518470171303084998725255263907074182268163374726628501171330178316979345070290071446591974298652622793174823177301638491217057731
196 1588859326328849478341953849500587702455957936468809606140653259652947683317961760238594791050973227018098085405861235691729539575791890302149328333929970125000107549317140874445356437504762699509374933941372464045621407627487010877087244233850850103847023
197 32547348404721400317565646179432257744012044719565243533712895545895141722720566367067528346391658866532567584246738815993879623885647302233226801193638789917701433108689047554381852033881546864794229708486273367033617074139655779826385528478594980567071526
198 666723523363118050709909243601586019564281497687573177321381581945260024231695408905114809331194736561351131948944680668496786088536531152945453448469755987691528440584720725718849625619195228103642557721645117788279816295752830394039156080835022760988083496
199 13657648883656740326771577366066472421541362286397190428388452243134561118289417257801585764351587052100655638551338902778254459636276061549080485748031937057363006141790486274663205756321344034035801566269094597654777184831906475987234994481041888783147407318
200 279773199074092825402647616893119076696539656862570994234162239119026014037390572403221545894219910577727159462595413827759589447483614177635102967889246502925992208743438517263811900179519018942890096866469504969570760515723156879283907963406701658150210735179
201 5731077404824520039580407010793616657222334799396076305599684833210844872878658894459865972396635504030117545599822121146386699745896224681824013744552556568921685631121520075560182328793266699368705163529347963441286594624857557973797002913772634330575107065654
202 117399551954194479676938448988778414340121560998693980224492582007365689277842425339241441390545245421150016052067583622437237453288420621959836193301636908768125331213965233569622963531662045487221612784705745854139530428872829516222255723449093869950752596834226
203 2404897687726767009709401534963773800197415042336671776029690930173669654384171564415903925216445702193320145090330437200113503630023269086857512165209152085837414122574649289685824088703318211062352123766728699292605745425147504008499290352535877611772324813688565
204 49263670875763637056235866961927609017191372054723147653740414648806803265739571803633825339299385992171690466621344335956115168273895285954678046453831234627383293225531935027484487571799828841764470229965055819868909138043857862512642966244021503309006089311616235
205 1009152813669009704573034220854447499578120224666514791390770624248002537180162465685398946335032446432330088950861887290922416280499615595904667788524391650373141507851852798564638726344573631608421009721674667277350418735407689927304925800887187060534769833852425270
206 20672219167433144464085687557022824190051064334279495826806188151138274356620940707884420488016804323333092802522466717270095494922059897612995131143698587883012757825086250216635606094627630230461856434277150651146815744707368892825068287662733248326503722880836359347
207 423464751341963766870965680717430677391680097433920351057081058766338318254984143119410042454939567688332227698652799167590524633662409462057200838656135617236783920432294060994778301344399771105247960192432948721607836805425114586404328357023163223063175062134018435982
208 8674559522453899419780546294314828688531347774229414858776290674498405106771230752194556669349031061024760386263643954029987629852810169423198772838437782197648795945395969754569681727219885507618987168534503109458217630426305284811341480918774415875381925535536099622465
209 177695977457708251477878340166371280928568147332512168206710968470146407647120331964328374858238027047377158093792809341624962639881223244537058575508938246545276166466013799956006790381028851449844667487116817245390477274833274998453612913411617733001725553502199289523435
210 3640053460111371048659995963223514639588562449809106312540022850427874178904514920167091276398847530422922192520084897728185551382939214922160963394307371325111728493837524475956190324048342433370209265310932188129935121880301962312729240532874229486571604803310213071288999
