1 256
2 114244
3 50999956
4 22767656980
5 10164078082036
6 4537511642094436
7 2025664524518719732
8 904309916809657591444
9 403707729455406641892052
10 180225747607432250658675940
11 80457513519867024627155058004
12 35918350001252134809463738690708
13 16034896063422507856795544227594036
14 7158399307200913985616892753869745636
15 3195697710708904747149305937890335501876
16 1426643502264116188663484512486199635012372
17 636891178953508752612783478181709980096959252
18 284324971995488388258750488645090111086404215908
19 126930145010120162161018505720475725346630354194836
20 56664954890229559494978720948297413011561562078326804
21 25296726104391859779538910336078205846668250115215819892
22 11293123815950647693961050015357654969030988025231687956068
23 5041547471245694077582501216161981069755425717388469686048116
24 2250679379688023848153101868967056611218018694793307133027854740
25 1004762466096791738167694375789030035222637077074957613524528955732
26 448552389286493669915924941522121900494381644744194465529392757553636
27 200245583133914601442202566502015542661136750572560093761457785903372244
28 89394894604006740597466533880941436859205911565556993188897831209553978772
29 39908231962935124962215775666289023043347291287537445968915073512453053441972
30 17816084301709689682842977065877866909721067263011468502664164436881878523585764
31 7953568580548105127236077320532997814018091911078799479827931647055158829276571316
32 3550682186624556729102230739302853719230839919065693858903461780914705519308988994068
33 1585117908110642361245640969344308148689066270345276340213848780320125539614104499602836
34 707638321469050388548596540829180452219137476017348467157639715244136337809895231256972644
35 315908357005693644272120836345582356147264703846808775666372403347585726009266649963902271508
36 141029798695549596641545977439681725623604238713083696905144444541674898835038983281576964750612
37 62959411104622263031980262157121211002898531477307900051350028617392892288850538408494772754028788
38 28106736897483208583709505967597245430115909646272283647379264273196105338147667114592831366988802404
39 12547586534943713542542649649031215199793759016493401809520731853066128305668139884360708860197196009972
40 5601572620334976619865135912800373566150121297773911125934689229018055497860868340699108003708523844916372
41 2500689334439183532461093885341629873872305126168865634122208630531911615593341054777045356880833792013668308
42 1116373484952503872079450209233165128227033028590833013414318358501419470528685250042049123637694749036437835492
43 498378483381062306105320645686577665555674798380347501295561343929079485119390504544691208509892414558086314293844
44 222489261922747274565503207592339733607748174389160660025558308652546905341766819361151628486900438546163130857612948
45 99325057805675380021720164831653211419358084914618535005014909402586401919230230402029826236683574106965997477706352692
46 44341317971229745910416032101875622739700316427686308250676692218118245919212435982544455646130113402691403998334510265316
47 19795130482303702638338971286406623286079976268625872253411315665785177197179380460866510377822051136333625857872916938098484
48 8837066842841114409512226848558258254383940785206781170399311728788721745535795197800351949013371140853165546185111947304509716
49 3945099046184892154384051163544283126212622009014676449386183552899115976991322622210903398792208349448048890921786282859658285076
50 1761195967055193915428805610716434894369802630575988536192611532926109298965041262328034838175402259994463122100875724327498725174884
51 786244197689050696633044938328215263442110234503376660635801282054360512634149526914380738664358524189254716207012872905829270324934292
52 351000087419758419005804697362991677327719465717680902925893808549989141382057461554239352095752802228996198841719558632772689080022471188
53 156695670035841029881278637311075766516773764399107225231907381562838004122853645649859613286801303953631098153354915906928595684766663222644
54 69953068070372811972930946308112180891487188785532723489677382566286541196496340247400713355058144273322934058510571471937527840773219872158820
55 31228889294381501755476510705090810754648638579285831925840569059845289887761668227226549838755648766129769203586476501402915287424457358758917748
56 13941397474941917164614552072068724396679306168216803694702293177099557528388140093810411873133043520927235351744430150931105569862622475987232499604
57 6223806480023780724667138705218649450781021914649294037631350928041140243066188568637637037131391585774147384182200097764932660061430440985814846699092
58 2778470893639547790319632731697397355821096995023823202083564906811857990037786286536655417333439852304940943511697662184869862710653395872608097660722148
59 1240382478404542246528730960625172515208793866486998598651319135585253662192942838668671786601693380922770387658023894648883289189934206448610631593294701780
60 553739359391896976356608593153365883261845054936296882402295170612766152368432933992235783983687154381131090347500005188234709800597996802719320821468698603412
61 247203812919182542893259254658489464328645071447366134280974460189259758248387573712731197430667468714625498955387819311735165838642820322096479303139213690593460
62 110358283342710923933287982106662633123867874789550166495942945314830498560598767229544402031748954462162933015172444608015290932385753912940705663645887497805011684
63 49266840015658205516609201565139142493289202619240305198291910539050094936543291589746615828096065664626120215023561293421943224999796897116794324518829076332031922100
64 21994013060087860148834248101670851719319574268849587138068854635454547679699092545081707627904936036274189055319716906588299230786483144652732079660154933600586265352212
65 9818705854355019399401522080500822826535506570393434763081298049061980117336910332129465141930391864958527418967798598850397319448668833938879330218263524901853397530931860
66 4383328517217876542016950588956444579660073756240605443842996501904906719945262071502471105129338129556331835752706460280451251897519044633069318178848820822477490449653876580
67 1956833127996539582133166258530835330817636500067516793138357349802145248579702347416210981004937019654474889138170626710901162565905441950165386306794907560007712851297811477780
68 873581771428606907638499106477260842557072340751521312895981302105043044113369593969317619735197154656830107297507668138404656822027813903356736437369582092351974918959003018948372
69 389989877242967613944721963230913120184623639260266037369358149230381054783062699955532741952077527599476349133455684273328733409954950454018283227733351570294317151274440959888730612
70 174101737612109286379773756774686359517790898640367978459483208846582994814249342155167683877911179671595362089730752532978151835298288163844848635218931376667635301654140426140628899684
71 77723594401583487975550180060883779338513817863842294965658866487389414710581711620584906229490963723639602020107415989549031946721671569322761951511901969196481948781067649969395345326836
72 34697856607042236848309241930306791871195138923849840524243711382970295265316151431707352019778796860741925149410849276032452725125842857698725396092372357488610334376786672735416708866515604
73 15490035714281586588163830735213848250184762474671298839844869771328823415323227859847008912642212542246252977460165725874054043747444355051650110102267775486522845149613498532152680013669315796
74 6915159317968386342620241578054500352479806401672148965522626097042508193924699674092116905630624026289034798016843381174809998394460622895914098932290479974396524443289666468175411925813666357476
75 3087108982505197449508995626242071797684864457186483876627153454640600266446832373908862748248412093638887366530811489247004071583744571256184951576759767497947363368282130852289635690275475977885524
76 1378166638200344118274575868863535068441915403303715681618321088377856209782796386745308061221336009601101278627501032048889203564311885149867732689915609546601106725125112240427624690724578402062336148
77 615249831934056274916214635292610650393874314231534389136109115672524527706288866713823927738133259947953489526550469400361962926179077392736294920142612390633656023114298198892652364119339920589168095540
78 274663705536497854578094138047233176479019119728490159882717878051831135087794872408383183039258336637227287170688099122590746485042059292690294811732970428657272421302254847866091098915343177690423363312100
79 122617101579518725737582014673608911181908182549743276963731767371806513345338670419592871813285029546716933115642621874161133825831544873958782430152833511281987173063420167356329515145304351085896788285587508
80 54739498873338178700854581973066509050179765352857600125618544500503066732763610766245774855451200862149129580114457994158452636111390494204778096345844899621622075014169573500531887064591517883940652086561273620
81 24437151900552636661127095379604319195824367296690596360797891510617965036190435809666327316181164807022433545543385269755838390070494602308870211539242909118411080312514870644986318611357486863131099764307535719700
82 10909387285267009931473941445610727512276058884324516301628778828671712520890671977701654587850586286928893055827873224565140382062881860802618198775092127350903926774336285304117659513055800015317601836026818985564260
83 4870237391995506194674169095545775582318523838998400558009852531558749846402128510543223829290149054181565102392117550596529172841993521411244786761589591241743419446936826873086966586904903875361234444849298558513200020
84 2174202054997505419006139241073403025149750385111758875392322352817979947107750220800082457881297335653947584719806677331562660501170412689094053581383452454206446293356912820312860976757945101545290920250980422292812403732
85 970620977064630397069907438772938920792763372183706026754161833787106188771986189877005646585847170983032273405614400708221192953847491102797500001069430123558302482641559520922401237857307723304438391667907749736720234030708
86 433310730689645446045342086045988168480337395686573846994089246476543011656409973990472497270436021421876619785543977537767882124050863766212764675016194367737601483304781691080488040603454019109113965788162719667453191160107620
87 193441305893280993246215664248671609975805862394725659741241128660089407708125401067028019152444713393122939718754407512663996799744218177565931082852118945322698822617267651454824321119503844184013306795996079000400267764477327220
88 86357286296930608436415143262662823820131746232234539265463461274469213676312557023122424193598415152974861604081636381983222943132478976152692815224273478297596672955272357665075838524026168208931449396701717478341595376115192579476
89 38552163728073091376006573507551742541762430406771549271749435488120195092582112052159903893028830790285615620233547966247364615936313139929964320002425819295129316597715818946820132571835327422190882409274960408900836774162951905856340
90 17210699778195564907143348246847589645679500952902835584524893703890253674821097447746622161258224621071838714941995535374781545980561293184582852961311657031488146401082825669219806400329044006825536465844658042732401403029124045526752740
91 7683309008139707376173831586274428218548480136618657092931865396657183717572537875920565955509115400558462246286253866331306915566547689192940800152033350130975188259533525182044942277605353617065452112108296344847444466444379063108377285076
92 3430031205898476408448340164991860648123911838545945716634888217008960820832005573103637174204158542698415233123427825382320274043979657384709854972608482476060534343255709164973478517965179128876467874017913595858058605355948750500768884431252
93 1531256137293629526826933425250670594550423651660686518552699158211445075637099033213504043913797022766615776328273355931475581262282843503692664947799031997208212228338165594344923448962622941807417530993707322769516984630456919214536973669710260
94 683593010456362482605254601589908604211753114084549938329601197627587722259627889776717205516704606136172830064358556963800885873792481086823171521287386877131277049647990295843037814726086866935556094002147141899767063752978592280768509946832777444
95 305173897797860345338388878401624296089911199979806443002461194304057324128821732975468186045535939383853487903442313388806920083566726766675495092926829087521277603680049247514067592309897922851816692084108353499031959286383183638894617469702576576692
96 136237653797784090013549181581658315036377056237388304615865636787348496832576688889885588028141508607356394685324018585497857312411625130021863790048206421575101699087642093619077923975321913065491402609683817198150441873391202683708966001993561812532756
97 60820071592816964814924301328991018330697323094942767977785211852966864441500129401452264280883666219001074080208057473893021876100137327057720725245297261146777558101284013496459612193411812289561964871436794705397272929164582793438325042130353718841704340
98 27151679476555598238211591878615069886393669497519527458630720731143549206144329212325332952563529596754490168913080589722998857336579169814722941827472175097590395658520239930607638982349370128861660755854261116969362534321996433650160072515021783527547314532
99 12121223785022273174584736767513414667611492943865244927427142122194460755313325086263182078686385051588325655000984342308656841765217667336051111704197772900029745291669050232719951936068783996024479900002678893449991361355048999893433406311070929152030861855252
100 5411233075782763447374132404064350522815838961529386776439410773472400485730684394801823941395169482315123656944429366708844141484634886830021205982258045041099336690653746619026987186141689970463393500070080281761589698915502192060069128162089178662224391008715028
101 2415716755978660520805109967694884446924580377264790240776189761972286224239989843933165814694887822154199707683481396807857578748257292224702280359401802785607463949248943801826393100540894984803053625145123585075684987224582994619008685603634174937006866853784230644
102 1078439491219272651115371451530188096197784926944980635070892921211389099755309181226706840293572823088531607169775784968180379091962734210049225276974939833650216960241148017430448819601718568589845465279843619776919409454221211165583681746920455427803799437438718797156
103 481443750945923153779318481452836501203549466334010611142715167601487508007930449920316008833626478098727221680467860912641163661552520330778666966666875044169526637053315270115941398813756889034357771375506059213700407735334707834005051591738718419233474749626053175448564
104 214929151994260563173028312677300829589751013535641584994868671679240209085632165972006394346032435444040278001058993048978031545448731064702418013306725747397052790007502726883700808331888631711569456660391764698410220206005812939229737402791233324958782288909913654631993492
105 95950025908967783477628746779286370002510701989179338614612674149694254205582820173952726802473380141053181472641091454184966743542202075104272460597950990212510716214227338780966353757147809108547641392868418365107418313551139458283350029915068239435982876013739775180239550932
106 42834614971995215849583698825088539405844280359093733583988526912030695797965826669190059165718097245716255269622459521965432273002209602013901079367212900071547957479987934826237946365053659900931173501850991388348734108301205793745731949027596450425795878382492750600185391682276
107 19122498638404122400152896032402911663596473811107134019150258873649992420976219421910429096714687479668963040191070552254866444237232483271461562590466733969660511688174854455841456419886231265640136503294858891284869546022008749476202583536108347947858385457233012323668961579717716
108 8536786298063805937153625123522031407451190489779344105163771739418929348708011428447055232287031833929592033060493714119747239794930393896056989887901980849039534529475971480460776698796147984272316006139370994586221711154180126875642378351307049340989424192152459532955002747907357332
109 3811045913866615022542936358206123836770186154726733618880501940488667665780712889435379593080186835027573621691848710535777786434789601574521387120343362514289921910351228804614474286224370218996668920730577383827742764431224475712358597128578445898890116631080059438997122639880212445748
110 1701351123301934920535443135117449730611701159463062583290584219933449246507605938594487408032881941518037522926796122042731305001390803332533239144498210714516847182044582152832475901660045415794613987604420046003225433620157810300428487084027606842726136622417780509745033711033655995408356
111 759527885567758439563479698222419466397175136095115602797222333743735655582977245202883152290246134192572638370023449361560777514971824183057006442278948240497398357716460139393429543518259270669272336906141195637411201422501812148066008076926610215584212755612437524260019251178593351254513972
112 339073223071926647938346237698424191223812503385481807906822010757663791158321137063749452447044065034903003508665161178165902841789041363113687072654878711984601666984985570539808248800129473721487395648973968068037758587620015312906371009550179646865962657554117991964494369450029619388226301204
113 151371204124312369425108885453996798450432862837173573792759388791468416623980267540694067844893581812197331912179736713055117007308579280247857960521710795410382480399711302555587549494443234066299135139850583173603234090515024031792722865013060929128893704181332076134543475302853288776902048033300
114 67576086458421757177948718304784540453387567769102956412158311035082999346565421703657207411971571989480611380539269450843578896704896558744459279979319853320984779441060948867224337201167384411080333688208024817303079242184303881371271556029620472209165651776234419977452727765020855024954821994898020
115 30167742190158366401990546140485050753831671393642477396911810273808663230505062683989277227942732076941876326869286064986535043834579452073597961902968697977558849453626234499078895840298027144102829455772872277415820707831140755079984045415113710381435127137381298293618092648378665977772742765445193876
116 13467673500326529100176942709274761717101247742299554576814296195072103759583581152111996922954622101090079524325495524541362950851858014577472134642400108046107961048378519273299966226140740337096643828580338778945752838531035989244454061803646901661358902023690201226780006888603113092697239448372561131028
117 6012323639207196319408296573490749776720942741688001756255188507277594101186896699675183161658054367362487197474572982839095258826676526510277223207338825443745638207100306797419033890821314870665364490764942570689340715796755748343170987657045882548798948698925004978522495438604680580881200875939089134028660
118 2684059391675424970856493775955431386424841508813498521501766392439633072160217373025561687590929983406562899525157157681567803832534672876198053721085048941669162380368063909512954331829203347533867923660213407599089309524040686423723408226712017050507881399239242238752203467613392543678995170032227144335052900
119 1198234700983431629521379116889335658410921180496013917453200445007996092573259759668226497874286079678087903908730223888434404862994003888184003302703663373043790004217492105845298205061565187805325921064752391368688532831467869282893782982796351836683310765699578594370998081788738057084716127620078956407959214196
120 534923483099466605701627746249924122236313077752052051670789837779073274045347708890504627233141169691109590786139113941107618765601347488551880006565246545009681949583477835109805711841483303092329314775408087873660316591216778725851029082958674184476748249499223645873170140894875346682023675298507673662723127706516
121 238803910900275226635785507115611373193094417720170051497871747621668470423393201879088741699168597192343134752981022042322963658800171112782335257373916383419265914678544977979651364390590098271131958941433024372444987118567952447145174112511494018308298767661668583330524762877657860857571341252726073742737670332252244
122 106608346171002963560164259697560903599180614979512349622664360932983016645339309039319896984730103757025793950219938045143198463840046826397024652946950902457545544193217495367006890906912061572661435336934770540729926841086644664810752295956159933316473416151756983990505888635421178693117558645404770329627276656912646116
123 47592769441965212990636798667667613760541340783342489176040366002979750307429076132092340294274908242265112765191326704780181893834170626528459905436056552865899425950963547843335987284487668023926297337709345199859280525567330211677318948286128838690219736712365884059346294663824217988643234804689616112177186897211250777812
124 21246663929321399221884546641209793294367475713380491781067468752113173806083385727062561454062971656400090879413172856960024319454984233506367293144671578320794911778952395799914634887583045444567098239785078485131801008339806261720429807233767880475123822249904077784829012536874781191776177951602716216169449021732428630188948
125 9485069547717558872482403186462583435697267311262836372986451860744937984381151201958722984307132656861249865006486206949932876703332319296077055126424323528719990503514520781937188529954567131460799049258670628708123660248068251152385707749593230064516162591387262114654217648255194522749425784437511090500215321612026382616523444
126 4234384495576310150738002650242221316391306458428027433270923340111736235440175655965688314850619104086613505037017658873926574121225922818420748176652790433029776786479093391129874590225481518353046861714112182946460889460388804291644959339012224961518565787364960447345773006028352741387543050579968767105530088297780664676782810852
127 1890340599631305148219932876149166214338039805404688187810567794485267078052088119814935107117516856375350390052321568054770367302174025998718664600188385945716961723118630790060590120143693730785761726218421203355045698443016237389099424274136206665916606577731891612628387057681916186258764186949038230016187551943968641157620826145204
128 843897758067927995592818622516543661665516459795574115201884898547423182912289217942475320689587830883756153980058140227150324035668496009441978021509769641394376444668343731793044837989543198213009991928289386791412795008544882343241965876391577277620029762693532436273015675867095201185767421699603960917923510761822312827341430635447316
129 376738153013788387056997137578184660310596356204885288685906754208391925158316137278594451143261885176988478688897460825270179439228977652236348181786629724264329173890451478034306621114171415435113607935871693048442138180656694460457644313568896826393410195317348184171688707237901926972313828404374232024125070619581896092454656247108005012
130 168185819406829264672786163805045366622896738953416517111673499433739697245123571681374389910678410959439826777782176924988352308349151596558643070045319608692639277571577651273604575847418692988527357595854479070973446888865378358325748697280944502298685635420999366641317236518098214365583938042269669053115975975740375573198652209280159800164
131 75082572930996239536755584061298288347536952825195040772848841504613052404207608391559783770546905568605124916570598079856019438294395374837333831072781694503642347039793620551049946783670094161581075068425102221650036150647701138507442812598205284448050824760096452901131891138711186873859469229973777520431320384027020274374355488164706748170004
132 33518835165894255192944105094256894529635775825939354410802138925229508859016677107570951976816962211555893054222570945950029290666386963439101167251631877382781088837886706749051510578096179021603396393185266445119133114698575863519659709698125601693810514762997326612320206680546398925980620305019958451805023506367071312363105673866168062102647572
133 14963689535665489386021649003541504087280421165634497467225636603523973364275446244074812677779637060442955637691239609629504287531691182301926908719996532914741103031035074731695612945875827828393298726055399041575140314454090740029172304345170840742001096104932507632492543049805918476815665008767646654208972873802577722973762048946197279821435562996
134 6680184541365492873088428460932890357763634317289188741330492231464301083491917005740029360180258795580744578603397001255414922974958706699429768890341610728864097447680738887020057048681336474614973963902296891143871286598343768309393295547557471302331945797444720406580560094293747169941924841713622472538553043384444300267792998964282391235283933582180
135 2982210062587607089035783340488621562897690151974149854486226651127975332713653329639238103328948178928865339050446659150748235427766844684852571306089465662462236583140455608042660218987864115713841711384346110648432635420646606797453447841615579549494054801043913155503771946001785069348591792830920718299858333005833597781250211104229189674856424926004468
136 1331337001594397301461270824307135998224243377577990720434641794231571095518129586383713645271245776186441631441399881005725876552183331881241407375345605888827803301251270804516725927971713981072987782862710161878263746444690066257756065975585860397904520256966471960243147819573619173435841945221157394161702149107601423069201660514238580543592961354817904276
137 594343850572495178876493275626825055538485383043183220783530073060195432119831116908456495099251869889564998787033067991329564311985982106810486327811948643587162325285564608600187400345497198284876605523317417920330725173359263323164074492230826755862687238462454315084297590031960856244162063530459617897511202308172893778966368277028564232686834112451254427348
138 265330725646697932080068473048776809639728956015046252695451152905363331185229655617390310318975351051183675043997746779393057872122161354186894019679798505883994323892699771611531242487242074812344095923192215516857581913572195944262343052953975999911238844011091010179470394876312755051087825952242228655796544181406263748834367415669909292092248611643444222125284
139 118450613907068917043679354399617391937628127718418689748114119896834569906138648135422320603880194784144707604030349971839397721708458494604166221525402319084254751390500445698472226152848727438705424298255570379102003409075681798314668696966755602576357029746474828502832190733009520263160076903372886878225048905323141055762934866025125772919365504479252044113998164
140 52879469201180771488182077823104860257451204231414883938653237612989484918458133038248022517236452452719050799179717511899917259682013909468743919422070070520109376709311615774247690357210066774950732294616319112622164307507647317695623460769106268991902753335733891894912528456711184044445481375577835259379682808155244416480373255591332103638182108768409270828852581524
141 23606785737661350939077555033403689350248037601517866127640911971613113222125616079133544488979940890789655804964527254137627595071184645880552322403436438930472384673580303097833294544183529161214242032409144984108894790630147368259365606637319485887984844813818640020275809862725324717656350139410741268408077109387779624457667790019348762478567358182314227674002140046132
142 10538689992209823247155086536448695364822537541719912182309740778660495983495488412559340240032562052947759091662588479988323983289667852071018276753261859847975324892830048918322504959031132572595290723552027188359707435821886818421186554768069047752819332580054796816189050178479727437082848118406947091369827227069053910470659887246914770177177638199232956496934673669457380
143 4704748371342918781213373739959516846101243252377059105241275472119571380882659003195689150133767079954067633860000921131543281109022791682670997697060072309612056024368723288571256586380595120049957330266285961117937632161179289232894644809652271030240949080141114790138408927209555312986726550672139196972689966098859010331913048378843259577632612629840209551753683828587287092
144 2100323403953976950707707688967599353786965125284045682202128111908934307046424398795803071177292311815139990296871281499903461444963684417200992215962070399201875105688202470347275526297575971516409896706478079202574742727447699866370301701461671408501824155800031463255022113221181736693903708869787552261541907380467106453690239622903407045482589660103468007261934951083597857556
145 937639604291450513066559392823375814130766980294127594599247338114205557306893489165012106524904229216740057945575594782296046137093316924029318223022804177462599973766871258642170980015384811674418536229305686694948974249070800408148299181749595129482470791051641366031786785997702293084341407116013059879198364632524219815299848725543095555777963747294049325220313066306022836193044
146 418586978500903545873287491479879137509847577719199743249350312177381109381480701657863944522314044958930222134591347516226496682669746279672495692583923750717870416257331209803742249606939989769048597333163994898160257303052043019931518612477987334544704069829771345454314615148389832342092331578663122959597569441587882710868054994062860340513472099455691714521112980674096618643917924
147 186868235693735739595839317532247733203100751167631538738395300055437503008519858721232131007570290207959392986895513002553751562656571248773180171795098207229470294617127874707835517163509923035593570195340978370932716739120070288080884462798146239850954516590261679730332642977837446059796455075434781942261525527758615233169065831458627318276942345257490691869221539592087683899526948244
148 83422894893550052222273623159981888007522851855985964383454181728499130540521590434308451924164381147502164917563084894299900023186020213205568522649554432511980298684949802165607248766903213507452379567838660822020108929472159739435022574074659942058865466877174417393823859534813147936116722174447003819866265697499239519876814018425305714054764023154990300816692982304254820212743564982292
149 37242174233539863491706881964515261696787339809098946600952681760308474123149189781218280850206466444552764882222316664275369188056433089445554222423780278152345200224043278679539150259535555508673378528098827812643931628926522914127635081962881446010627596738991633545120369567268505303296751869053499476816306535994254182688952863606569248164301755807592839216696667653157943743341656992467060
150 16625886016196935108908092041191258075525074740272043156909005144172060254346141583731623021240232443772357647449831464371561310590597412231546716693757323584970040831226164037533220385772267082762293565941632149913410412147403701913842759855024219586970738989399730940049303572059587858864980259369302388676587776046007861555933275052410886091834490280619421334565765115918000457510719548115938916
151 7422232764665821252508451477856233421567037436396637893882284995954622451637246412992056746604826059180670051677893541366007633870158662650510010640035897168610484540996210466468007200194738519890683241689106693421247747427362202737398028396042378397362779255266982981810066738452544785095811565928871479202062538504299243547551546447112110221712815459113489180782491127008639951858722337061717236084
152 3313479904722708992810977075828388401333909482163901301605902224243499073680320750649632846567878406689945669248875671605971572800761531856631360537481478138980106078466228499133526466739328001297868914085151091085199999966425499952095533279290793119175760017984228995569366635470325190986266287090243449848387045271686087295696212788162302764577425095006500904555000692660840467580805126033992245469588
153 1479224571246053892684480298898369538398654165485164194544150664606462456140486466701300612406468228490894417883922666087328105010769656633989489951140130855698366654920276750638966478332582339286402956914230258206389778857412615570331405059394203844485567217183545128841186361242354813685001420025523671946813078391434067229918213174920494568379176821868960563191066514908133789591318355832817399882618196
154 660364750985621316351889747971781347497411167415584309018506331878531550837476464964579642318841234165305465339754318957282114157805279450273796375988143170557669165759134636712397521795127105618987454639268993145984795807220380288710970547287195909034970584264166038708886369878934965221975334076782557966495475806616120513832058289041343325921276129724439528790654339732214032154412302748516847581631152612
155 294804191886131081791594655214407761323423397239322071781093295746789010437157244016104981538821184992996963616219034923824187457051897611365664295101592018994010892524561973161511474094349298507185691348374548483503681771787227078764580828816190758093788016468733165213847187291019412334121210505509657789433636897015309654156185118309984437664736463893643740115139238625947014200370979059943009737340276689876
156 131608344364109085994117754382873062552109446541813883087354340970763064616581231780291061789974299025535518188215879829004577005985234486368784859290836999536689854849197626584763719296071352378658596921465314389102248574605393017882227111926892870375581092433948378452883219590136253943215977158326867532618544986929560893744571303930929378031323152475818212021456159932816722417842927181138348005942513381035412
157 58753426114619540048343302824689118085036406503234433568935882948549395803957387987646337217907889393803105469643214990321192212675478589830825785411554987497445620630273841294221678090396225609847337165372215536023179600964777075402421067283903110398332031177621465802636019872698131646113788120757771220375018007724732890167662332610788415990430032151957048788025106021767951883857749128114312880350915174295178164
158 26229074584023433716680391457222404654230041730616605532545290045824367762086996738094842171941631884987342379690169000299994022679025657697417314362726232234328410419772980017432026093924007157481181555053593846465526949349407779572069695420675775850249672643539174105868457836341028998325591987319959289829242145789603187998784660243428752494432366810722763124282017565015453748049326733234160078801590618383458909412
159 11709348697251184986499042565180177335569569821282306909918985885279595903314509060345534531033550832303753744574568264888199132213644885168916704844230485148237684586096669447048544419300840644877869295361751290320513466344467846954815580079577701482744969271280069456372082102369413230186122280664159967998582087128522086993632020188414807889687335161000226279984717064020237345754275050429972689687875389987712779029172
160 5227361204627985837151593544338906353718542432911487916434213157146732112142200738432122801759349423832840022427026645274443500202845828541035424480919449357779226622576569581598083103443318693556135944003174233841877840755509768900853028382893667172425441454997427239864336198037878307810936271095034443044798599790201055898104045914557891078641767205149630282236166782835545935655269054387932446284809226203650342814460436
161 2333631517017207675259144484119931477616388496711114997537932649180013521285248865457871849852581428379942051631889334050067527167095963801683974430531546790156875483672479735449737865906865771694048463493308050315388793034576473607909487500183049591281318638631481837976939190086843671540942493133897317984408170373806233205132992511698155909216419254720629251030740280308918510886889342375113421390915201581201651909651085716
162 1041794481773064376873354690519945614070951037963030087032948613025890216290838372482529418290078514780989006132953024532939746026200026889554177248660312166469475494209995271567554093167966355152897376191952920846755835050593135528197102394032007292344450638748728406885236360792727851688323872095780048313786739335502663262764304573353103335892411472873852008515960566220346538739955620130415426092212995135961814384334165505380
163 465084454995730477142298429229067201554637695414956828683580687037078596708621882538244169425522584079112992376586692974835292574331637643942678338338454479164951538395417781610478836687500659772298166621025456385798427995241983746899994959186381295555183862105538929234859375464643745111508854181023241928442866869976385734946802762336180807789368254099356975971838639439461582856697879547967217449811424256777152147525915650397204
164 207625932046157034495979443511195234560859846786547847796892762782721024077381204445174205159035721392328321621547783771053902876163716830951789431592916960667876403186768113970363421109252906956297276119908148694678684709688910050886657788399997871209430614534009690356771008127283002997169687208650777675105424540099092139884694903931488796060517467575739033251491048817921297829157008802369609346136167280204375203065547807669224724
165 92689676455497011409675999294465256864546805663140597744224502735064968390164323704918856616402387469873276549864417423210514643033415252926107461808439015689274307436098449018627639735851240074372500073078796783253079300204525690456582718978712544379252153104729694976170436726967723350718760264387763486120949139246786673416417567645582431884485888387401099643685224185015530660405394987291258291720653959308685764311271885710079368436
166 41379109231474900969161126937221155967377658725459436134264673759111035375147129185578678078189953620763024875807385911374209555190500922686973576460222138610331539412182736615597578560625524331401037172228032444402048992200660601180544559005789119476177628886416334297749508696576305213181933019876954249775768711666183977578578262468672181571767759579298964455576644137923628280648805389056193403187143371537735167545320416716877998629220
167 18472722597240079185000426487566772550211639815712505316173512071478764802043838916546217362686354804545893557930910578916448323689886268017240816533578383758623706611104248646759268170835715246300766286917273301092166515886996174910889016789987006891375994478110135209743962970411011975245844401220437500411252729484068078221671911471144166310435357466520475892889565439697138253152705939929415699358547164627860217980721119947052830853404148
168 8246709184716327867935184227803841522144456678186683831786271712311680986853580510056018812083161681673531250145680704776743494699324285697491090031564579074806282691738123987997608190091873865085055935498664010215370202657445103481536556199851644329300747591273533446059634665749589292465705562700432285574119645393270789499592715291121553060230338961362222169267870756885557049063990995465780279625231215369325739561728172868476472844331764884
169 3681547861680412049596550069439855548046540023811063284597321800543138727296311357041404172999937165187274908025217021021921781014837627920693879274470346999729848311866301246260730835226985086018959120536711827070811602945400206589226443010540721174682832729744846824534624331684002064280798191427725525927366483420725391021499638910737669818618534136395631541808290612817444939376540814743596290177534000996372701717473193253579905652387590398932
170 1643539787114469565060658218117386580287738619131831658999446552818396960380060969296005522329101630336551719303627491918643250897247595646239483010844197139538300658355306690413639656402036811679275103171459851648358816946098229982879963478465020289704224044625334523204907382599429620498815072233869391811588197004404844132394270346575598345262589847754455088940322765971595016894218187553558552164435553232006641300734460981874153298027580295845604
171 733719384703401640170581464007067012435706095121126795133292857203573143195525131437826533611266680287085511122223829596111559195177239366469270640458506534143415139659651825538872130584064487593999995422339796174585042329748792376736735226312865711873398935841836151950588735040144913561764150713154242996065298387123553792664684765810447106892113664381523025981351271508464450708664250033960785669844983200889103721228107397264816411693312203196706388
172 327551629543875228490026202676725481079058863880167367050679643478692330845612998832483949849075519913799080481470781818411233414658204500359322521496557204431003745659356542619257931202638317656423151270543487673242156646556767369630536168539813719969303179862713739942970540948106801220704556562651907950169224347322929818445040741849103009352224596613602347832795296301392445854803249163672141448630731475292973834423855351209984107653529865238777564820
173 146227661765020642144144725367808245103988154393119768846202365034718633063800716897224427518674257295501044874467092040092253654712388459224087010774594335156280895091680185014678359870391064749035425666164867403426944366663645366127379730990764725124949589916099943599756269315954015952930294945836049954333909957845495751140586391543393461571702376087686501864667482035844753286715295286729838140735541439267142339654294033866441349825562729732718860905524
174 65279873878328883227117104786973034721238495306925485549111795873556314183186008540716977136968813724254558668360291810889221161797312131178120018166392224057573745485136066642625290329776040830899224041489399741613553304658403243815717184493342320680290652051166975452400294927913661229870285269773968107372480618423100505059218170255320311736593349904886855547662915242335634257834577959614118481478280638677376973792791502941617798148094792327319645558950884
175 29142652505915381742983927258400269506581404215857316200053880136421884079110076646894188030601489754365498434049831194600260522970416928481247644688662222530892675934129967873523993401681351777167889226348806094451060083820652659320639522189960770527704675280535664080723939557122055949150622994259188129200342815593208205844414190660888454250320771419367414501639904704105406785285249171938541394183176963241406466450498027246625442926760843752675284323898207028
176 13010046506270569192601767487487812484675700952280832003287131711919700475449267434969545405093031986743309412654000603372075577996105901046043296641101151422624804633791896149632216410860465061534298190685785049682391919114876163980600205075826582929857721880125592223158425079975713145223876040835661909912724270422132253033523151597600966391861054598314767901034148785784987097500930527438331623072777242660836004509350523731465573639514907817393612649862035486996
177 5808026913849600588855380605202255234264674303904027273416476088961521447142206298985779545036945945506995693269482832676431072206507047320581671068905917963315901929799441836332180116511994409664445816233562365185098127663160950045494395216268921555627647392000468303714293107658560667200815184276118922058906235331562149016645429833173948209741180214643907512055994299789531655614084382947691603448917497880967815256478216832057513168018789521834574711555650280145940
178 2592855960641080954846502261036350640413674648062713239107515141105281650703598253119970200737829500941484220968118801755488889141845546224411419231470732347615660212492386571243186502491759413203547489356423397697331027088940169510145751740038377682849376860248966273000351747358989446388041125017273484352851741897995073717072079567137129819089458802375067456136320562346968081722681896033627309028171218481628651691867488418172151211779487119760612800393794696746407524
179 1157519090794983347642196215836588486520026917540967802787695553625262586378032625400260976991575558693632949839734774285035587871409700722269182282690803000662431545217927476423098717565174356105573044352785066636175332529806520992060212957903285773489583595640637267617629257992224557013989896652303347357373660262557692828657402349540348166511446568032635485302690839476427340050405189997295665140991569504137901721097409939301013459862911655188476420015776318659930114708
180 516746963924509044397954302957724141448592547013259098711389204911097399394548278727035793266188564340960463525447713114501936337249719233203561850571648012052317691682216235833920402091488508755943757812405318415981593038316919093738572265359571792002447038105213629761550954901799585446133117322643633717372429872881163011436182527594682379495639304581708452237008360568024293547290455223329635221429724944805002843322374833244218661383158267953031542688511534478849382210068
181 230689434713170555742717709056111302391950518069843571575518028136663322823206568040540817697939557531228514106727408627298455673816481884802058842425192156682450946884649835308468873399891400218315165148905939250318130327774641619201240794832748118208612712681859819367649859429606292356996888373851508801459117259123194268089970075468980636286418829642831859001447839002761617155132595324702630556036778179391511147183272672475306105629198708193130154759832468260550873918335348
182 102985830597074739607685060134950073914952841435191204047089480634129161067288214443765373182798674583678365460776397306310930307829619175953128671338275795305885071002415750210549054231166363660934590061880817901451939697868019223888519089627433870502937537384955635543693347806816173331890839527485800780890648684703638301561809997223051631236970766944140854765501531557324943021188524152184043486812432389244636506347035298939614878764592406852655389749623795336496842758441921636
183 45975583220603607625685375530648859414246491435697495454946375525390099395244423359143697189374955179051998220367698664677253292116958229060233475094882735946508413901859689623796046070866648403170305526336924316396302116922572571823164113496494399993865229806514793246893546710006898235887903659688234132472191601983287487159353783697111169021081387416975864190360017404487311519541342143827995077841249509320868470433281607422814535037582072568214193630730491974784181427949094500980
184 20524709469447033943026316849691875843285559201751193844021407595119549040498991583026192229692761497200618931806802716770444588770911023106039139480166991039674224036879824389270734897027084263863143958344494420373955026238408193047504675141586601019639803418225498721773519593378945923998319626554655690977293200094739039310069827181927322726909190676093442996021806927708337858543888132844152797235166728505158172973388090942925749790811521198384022508860678825697574423971776543088532
185 9162770090025146779840068547968442716106467760063337228909554638410493255228765622286604023532928189880786801752396829670761703200438713628723106247850363060536346781139616056119201334188950318644856008589987605201213533469929880080890787177532276019432715373809931100553554192178829436355647918171757161602755302930116622139808771658279127367210580551258855095194863631217468292494779833296379729783447540825668732120859445148034867730052048382737197458190702473059156332477314106713573972
186 4090501541453553395062004103757082770297132088871298270537909225932894403245163018872531812857840327680728241513301820765867704680421498132297839393698415391487054771363278027475718752054435697531917793178018939872262966859183987189995317048865470218334583026320079232458976562117836357416203724682483992256595648472832137976432015475915427389282433817791733154673227729162727480520377928379543126530017180745256214728592958989726706318971928154461743394422298988308975161892524741156905526244
187 1826107464908352369417049707654277926717134132928767455924569184650267183140797335197671691997596082101205388040296570974711933622864740766105196854515032973124190399100478201186269786781886930966471864155301430573211140046417046910799627234407701331657514247126401686723815994415716064932712858207805562777508252918871412256582912109330629702817243330019471367596492087725773579628169731812763132905707792204533225429096196889257578188378038928318350256785857470585457835270959728229557323733204
188 815222397449345562830698973295402488610740111002005636634015697861191427047501333057851248114667418541968743348578065088480328607060996666042432758954730006273289601101762125175370379974297561724214705525036858390745012532927908988132880216198198204438919112269175476512326484957375341929770173783737938742892619863705220086861637938127425876821982483447701245802715025884941311710097371679662007374498638434899352474392136140187814140448362744998877204633740007964009885674658502399217036483024788
189 363936717895412951889704191221156101753470433385947958839426971015629120799549995663891813366855747992155611369954854545867734169854676785432000563445035180907110230566334610136921512948743036242154865557047401045762813251859864314741656843288965626502911211605978452985391269565790336138777660953742666699487518759908679552969427473796219560807212362809491251886258211664714235989404185973862403737631372360969677618397236386719145738869877493762278677181194880973015673173939764835297748724625147060
190 162470922102842817266066326704339229875312782316616960831148628205061506360590036705367563133225593767067038664541460392720611706385661574889228240337420943385734745011378745628555281002400920702040108726097039052816376928191779860475411819628504577892397394800689508951249659588783856059966735300131979388925263367875274410574279550939780125593106331077029548249882187369354829679313426628183360218791593339058797291754542513502903026973739529494425319394863335827840573816393834191232700343277171520228
191 72531292477429695541207117053252487874363264411004041244321999098531357787172561102436840359941192692618046786525460188469260517163376731722784874832458961354399485748508876097540183148365885518278752671727893267269759440836088909250406652439128269993981889825543276952476930788278265075613878659313972233249754852396601455156072025642103453326596808445978400157785073619589385722246017412237988100472450806926435696343163603096007759210501593472331602217496612190302801771409674298167542312498940200432564
192 32379876474858755476738158600202604508459228791198708844442928271326888179972942420689755987100259669790032919750474443568415347604231617971059487475066000005978212404184159767165975795461559970004979241356601174749387637782314831425259697559993657139985618439090432834095004037198902388635278193603954301170390011933668443884732128238865815583332463937719999846500708933557458125788428267829692056450482267072979959743359692510065176930147043056334497596345389275063022143646894469968331724713399712485978132
193 14455228422316758958984884053043351226379928586209326102754508383798393569807593760960654442885285075567344517879606696638539576400911909557432244374817323606533098698163678410408535542656787972343078265485840209477742667970297244035630948191948091644976788887327531670871650595477839628134602172464062535992871236144765021855953218998913574934216034942438959344259461944529743657902055999588907311729479329800557207965678708834580451704193324437581294412252401753297104931057783734163290490800732462419354576532
194 6453194128260359110154555996587732826943075275612155110382337260781606054546568152682384431916531289840830728545952428928939613193897357946641378124155323082267445487431320253789403992214766795088133602875663463369192695314442259911401574044804724016274420729120118187848143463934507764658850346827645047519311700209491672545047421563023983856775282887273113983942296199047753532184779018165143861333373206540799018595881659458753207225107819783913957308538717891080877405869012908518884689429965133131858834845540
195 2880875572517565367767352246184325657046687222826674460297829612925202274751237362840882970744642536808770741501040417700790439893800767336834594693081036207379837600272817997614574069641512903165312404541611694858261551324967702978819373399909047856123559586454594002256960435977839458113451737367663169346561553667635700221451421474306467913106912302354449632189954080761345937133743654912881349630028972667466249576320611944548666197806005323941176143439746238253797500064282176732973651918093819748153228287330580
196 1286098620213949736267145227796429124665098907939460462989762825078556938097224546894997473304279639080365013104362446030479004399931766709928252359511318939429970082955185721043916537761137925484702635210169352426789264117175575368242610425297213407922238209988482349077035846774636736355183276845289509171812227795978978337309072286700658454406403777712982733455606789113404227332501804923904737764715176779505398603573880655279570591903610498034908442211420531567030174549574653351312305521485398856955561460968355604
197 574148247392291773841415013771148504230805134073047037941541253854088762950440581403020172696899011772959470797567867124212264802844040775049694115368731303402127959435255339843820522089649892245681902229778032546361421146527136051597590271307278644220558175455223212774218454671381209220415459858488544672713635377508962627098060284693846897212685530942420322334342513111635334252604058964743559970746852367640710453006002623098640615440038687654607970302253036687524372040633103949864401547495133320749493212599589875188
198 256314877259414038785014227563814632874479385648405594918304099943729238881679155064821434065837558382366986238007273800372243523303885302631198392792450258684522111219898701681978228678611197585996174451258475448385104749995267188683699885460476451703120621907156376920164354637236989497417659751983572545149629455617741546269509643044705816422909718201824101373196174663313167355523869409122968450583468430909128663372360621960578710821408444353688147533412594156343790408815615383201481101005074403799465056623985861054308
199 114425702077638185861635095452442522296849733883862701997684040312532253526776690045689264281108050261983760163936607772167533215928696423252462941930371816642852333946697489109872431592849870334358942610349324764359912659582641256952895482098362998922529916505561561923575834772850949506271832900186131844021645400046965137448506667899416443731218762405188695216284719144722775368051006918670200982006447521342298784993894232913247761457180491824909453285549802679343597173143229805937707990890578420303281492147500856394450676
200 51082642708674522968117501408627629130814642002646116073557564310119924146749156380275633644462087374608365297490416619769364363290679946772595067249374046061967725226597350056974539213667626981022551051235005806966592601112390981405555053516198397461880528742904811899308251844732799806781550839254690805869870240797430937845082419517360682145767814050524416341485339159075944075112898662464831323335917433320424287242949508420553237338487161705347997157223394868903471098352782045804666912602574707667783539780285769353133267604
201 22804635136357633214245160189171463829245694209997676821534799523485825355506680410659603168665840833608440909525000432135000101712416463399957083950759867997665883551836488937205586611164921775685368475636717261153584699239183607644724194987480723053154732357612099511273159841439485100041120447040408060452203261634366315123791355633410555712541908129146194589648404224707910395471335492608922713815659066657661738525963673513860405638165503465386180223881350418582470321892613785412423862723311951058329733945904667232362020341972
202 10180588867891233365250221049476759168773839098473409114420569819977851124516769025655003749506782722570556956053506279230049253529780508263676143726368922708897996800268544538590918382529884239458941200119542321656841524736407042416598850239503229799773719088148161765388224263736068551826465514192183821941901581070611456359048156076646039566471579824860191414031046811664154284353953381554583905746792568080017132269109842229395714548407947881363824263594385263508642790022135196659586842753514120137116608586730395126566067770665188
203 4544882611684048811845085179466031952597953181785711974277374180381668007231887278574687051041950550172383047408150881471887316618026027588589299059890052829966008563042198375591711908828535015748922988905565897994357598565497659685069477134297604204822812757453422915265721071464257828804137458440298587074912885458323375737440765846760359113277292773459900653842082322100383544305776326609893240569044153274771950027548487095399311071671366038249652864873580225944784969265788550226415498255324630933921090867326456471966004687658290004
204 2028955124505151860777268333196621806370551273416783862248150879945886145911172030441181876934121207963219580232008962470828659403451902398996755022696814158245853376174547603730536292823154033250638301117713838421153845889478413763669815617626492768732857179049459213611838650556474660775716343204568705462305940365503613983918643941807504025199936515897799224817595375392559287291753772784099791242731189079606643262054662493759683281842848907171653822679654177499228650921743028498659310003574957177829739617991174693527710392036567820436
205 905778927418840497265453206352089023662977427435288037348542211710409163258472561542415045635887566207933724154378886227061078374972811133106559935131690584886756718109518921787121248054198860379471644423754328255039809024008056050825842781140900334758780877428712100609114210787653165169752927312135908647569468667067123829183801809217907774372956253353472344677259540346523126434190912141658823304228073510108322166751324334749875962569923480534610482762131655615799602704375918576616901278349590009285273725307156839251509208618507169109300
206 404363534435550251095318661718069367962298637345866876065590026921438581365210595515908119817397467972841905678333140725609361863035852110718554318849309408566020222452297681611472649315832497311074865970503060410333511574863877869089103836124505446161281608305846372916360671200186418296050676105935345362063076064607682271683200153424193771434264517371622250630367613346454787479937093521996490096748772359116391593604994906010557070164911396553764948307449372027249529916525899536481508254552603936819357612606441073942703215412298428468392420
207 180518516198160534854908965232522008502712363106322366881641193718533175205308242337885187618442751843402889943529777382008849336794083415855944913449029150046968584740336984892237496856034174076704002660032749973176768247496174105911269477944578312049648105673782322750848207279131274741493957845295519071789221473863232366630708084570325701835470244635316034970369346207645245743801322785014711882012152691329449339679974930021973128719314910566337386133914200811924770086153454494967791046011381526983192434743480372216825775419552697786874733620
208 80588213118360299382959689145333820969890910562501932028086637516016300733115275072238735030274436704488382779585035564317440134068914400720858152205245584918262606716330410409577759083353026496140425766640450017631383705631852171451042014448761700930085321595227920090694247503167052610486940596638580239236969405057530312626647933550978423399255499255125100060450034156327133074846614282437396306934896347932977867428388466349570568000479503588022706213865474923526427344136461628565025183461854537059558276937373882113092041349511146015604107022100
209 35976697739311669183615568133104914556743593235678284670239037803419260731947817821987071456535096623045525030057169246305256194434324054357689797266561894155017501714898513873966276319883402858812644148470744106705541016650155774935586776311219332896774939267075074935361596160350940809681314970886392243762905828276028155510247526591407787973882682871505539275026515637988499457586390453259561214165710938663737518988944370480134882603465616561639688069574194204161092622823435593533916665857726595273261489879027818868691075012381130639437793526620436
210 16060944028189522264237613671872605628688212994231222312831545045992263217399950851541674709736516890062939866202532817476507852927190773839536619223139686576198667159870402399579608199202898563335906788186905385566345691329126197503109087540033620649115984823360946202311291932021325690473498943060405962452279301243547913301205441895841352060686911010265746074522643510482393603919957483068440837252403972998319433421760680589970797228299673774997954100941631815326050101811105417301463319359502375622524510392490639756960833042884212673334151729733304420
