1 12
2 65
3 785
4 7445
5 75665
6 753005
7 7540985
8 75377045
9 753868865
10 7538393405
11 75384819785
12 753845540645
13 7538463378065
14 75384609865805
15 753846170402585
16 7538461488792245
17 75384615533623265
18 753846153399130205
19 7538461539802609385
20 75384615380592171845
21 753846153858223484465
22 7538461538425329546605
23 75384615384724011360185
24 753846153845827965919445
25 7538461538462516102241665
26 75384615384612451693275005
27 753846153846162644920174985
28 7538461538461512065239475045
29 75384615384615463804281574865
30 753846153846153608587155275405
31 7538461538461539174238534173785
32 75384615384615382477284397478645
33 753846153846153852568146807564065
34 7538461538461538442295559577307805
35 75384615384615384673113321268076585
36 753846153846153845980660036195770245
37 7538461538461538462058019891412689265
38 75384615384615384613825940325761932205
39 753846153846153846158522179022714203385
40 7538461538461538461524433462931857389845
41 75384615384615384615426699611204427830465
42 753846153846153846153719901166386716508605
43 7538461538461538461538840296500839850474185
44 75384615384615384615383479110497480448577445
45 753846153846153846153849562668507558654267665
46 7538461538461538461538451311994477324037197005
47 75384615384615384615384646064016568027888408985
48 753846153846153846153846061807950295916334773045
49 7538461538461538461538461814576149112250995680865
50 75384615384615384615384614556271552663247012957405
51 753846153846153846153846156331185342010258961127785
52 7538461538461538461538461531006443973969223116616645
53 75384615384615384615384615406980668078092330650150065
54 753846153846153846153846153779057995765723008049549805
55 7538461538461538461538461538662826012702830975851350585
56 75384615384615384615384615384011521961891507072445948245
57 753846153846153846153846153847965434114325478782662155265
58 7538461538461538461538461538456103697657023563652013534205
59 75384615384615384615384615384631688907028929309043959397385
60 753846153846153846153846153846104933278913212072868121807845
61 7538461538461538461538461538461685200163260363781395634576465
62 75384615384615384615384615384614944399510218908655813096270605
63 753846153846153846153846153846155166801469343274032560711188185
64 7538461538461538461538461538461534499595591970177902317866435445
65 75384615384615384615384615384615396501213224089466293046400693665
66 753846153846153846153846153846153810496360327731601120860797919005
67 7538461538461538461538461538461538568510919016805196637417606242985
68 75384615384615384615384615384615384294467242949584410087747181271045
69 753846153846153846153846153846153847116598271151246769736758456186865
70 7538461538461538461538461538461538458650205186546259690789724631439405
71 75384615384615384615384615384615384624049384440361220927630826105681785
72 753846153846153846153846153846153846127851846678916337217107521682954645
73 7538461538461538461538461538461538461616444459963250988348677434951136065
74 75384615384615384615384615384615384615150666620110247034953967695146591805
75 753846153846153846153846153846153846154548000139669258895138096914560224585
76 7538461538461538461538461538461538461536355999580992223314585709256319326245
77 75384615384615384615384615384615384615390932001257023330056242872231042021265
78 753846153846153846153846153846153846153827203996228930009831271383306873936205
79 7538461538461538461538461538461538461538518388011313209970506185850079378191385
80 75384615384615384615384615384615384615384444835966060370088481442449761865425845
81 753846153846153846153846153846153846153846665492101818889734555672650714403722465
82 7538461538461538461538461538461538461538460003523694543330796332982047856788832605
83 75384615384615384615384615384615384615384619989428916370007611001053856429633502185
84 753846153846153846153846153846153846153846140031713250889977166996838430711099493445
85 7538461538461538461538461538461538461538461579904860247330068499009484707866701519665
86 75384615384615384615384615384615384615384615260285419258009794502971545876399895441005
87 753846153846153846153846153846153846153846154219143742225970616491085362370800313676985
88 7538461538461538461538461538461538461538461537342568773322088150526743912887599058969045
89 75384615384615384615384615384615384615384615387972293680033735548419768261337202823092865
90 753846153846153846153846153846153846153846153836083118959898793354740695215988391530721405
91 7538461538461538461538461538461538461538461538491750643120303619935777914352034825407835785
92 75384615384615384615384615384615384615384615384524748070639089140192666256943895523776492645
93 753846153846153846153846153846153846153846153846425755788082732579422001229168313428670522065
94 7538461538461538461538461538461538461538461538460722732635751802261733996312495059713988433805
95 75384615384615384615384615384615384615384615384617831802092744593214798011062514820858034698585
96 753846153846153846153846153846153846153846153846146504593721766220355605966812455537425895904245
97 7538461538461538461538461538461538461538461538461560486218834701338933182099562633387722312287265
98 75384615384615384615384615384615384615384615384615318541343495895983200453701312099836833063138205
99 753846153846153846153846153846153846153846153846154044375969512312050398638896063700489500810585385
100 7538461538461538461538461538461538461538461538461537866872091463063848804083311808898531497568243845
101 75384615384615384615384615384615384615384615384615386399383725610808453587750064573304405507295268465
102 753846153846153846153846153846153846153846153846153840801848823167574639236749806280086783478114194605
103 7538461538461538461538461538461538461538461538461538477594453530497276082289750581159739649565657416185
104 75384615384615384615384615384615384615384615384615384567216639408508171753130748256520781051303027751445
105 753846153846153846153846153846153846153846153846153846298350081774475484740607755230437656846090916745665
106 7538461538461538461538461538461538461538461538461538461104949754676573545778176734308687029461727249763005
107 75384615384615384615384615384615384615384615384615384616685150735970279362665469797073938911614818250710985
108 753846153846153846153846153846153846153846153846153846149944547792089161912003590608778183265155545247867045
109 7538461538461538461538461538461538461538461538461538461550166356623732514263989228173665450204533364256398865
110 75384615384615384615384615384615384615384615384615384615349500930128802457208032315479003649386399907230803405
111 753846153846153846153846153846153846153846153846153846153951497209613592628375903053562989051840800278307589785
112 7538461538461538461538461538461538461538461538461538461538145508371159222114872290839311032844477599165077230645
113 75384615384615384615384615384615384615384615384615384615385563474886522333655383127482066901466567202504768308065
114 753846153846153846153846153846153846153846153846153846153843309575340432999033850617553799295600298392485695075805
115 7538461538461538461538461538461538461538461538461538461538470071273978701002898448147338602113199104822542914772585
116 75384615384615384615384615384615384615384615384615384615384589786178063896991304655557984193660402685532371255682245
117 753846153846153846153846153846153846153846153846153846153846230641465808309026086033326047419018791943402886232953265
118 7538461538461538461538461538461538461538461538461538461538461308075602575072921741900021857742943624169791341301140205
119 75384615384615384615384615384615384615384615384615384615384616075773192274781234774299934426771169127490625976096579385
120 753846153846153846153846153846153846153846153846153846153846151772680423175656295677100196719686492617528122071710261845
121 7538461538461538461538461538461538461538461538461538461538461544681958730473031112968699409840940522147415633784869214465
122 75384615384615384615384615384615384615384615384615384615384615365954123808580906661093901770477178433557753098645392356605
123 753846153846153846153846153846153846153846153846153846153846153902137628574257280016718294688568464699326740704063822930185
124 7538461538461538461538461538461538461538461538461538461538461538293587114277228159949845115934294605902019777887808531209445
125 75384615384615384615384615384615384615384615384615384615384615385119238657168315520150464652197116182293940666336574406371665
126 753846153846153846153846153846153846153846153846153846153846153844642284028495053439548606043408651453118178000990276780885005
127 7538461538461538461538461538461538461538461538461538461538461538466073147914514839681354181869774045640645465997029169657344985
128 75384615384615384615384615384615384615384615384615384615384615384601780556256455480955937454390677863078063602008912491027965045
129 753846153846153846153846153846153846153846153846153846153846153846194658331230633557132187636827966410765809193973262526916104865
130 7538461538461538461538461538461538461538461538461538461538461538461416025006308099328603437089516100767702572418080212419251685405
131 75384615384615384615384615384615384615384615384615384615384615384615751924981075702014189688731451697696892282745759362742244943785
132 753846153846153846153846153846153846153846153846153846153846153846152744225056772893957430933805644906909323151762721911773265168645
133 7538461538461538461538461538461538461538461538461538461538461538461541767324829681318127707198583065279272030544711834264680204494065
134 75384615384615384615384615384615384615384615384615384615384615384615374698025510956045616878404250804162183908365864497205959386517805
135 753846153846153846153846153846153846153846153846153846153846153846153875905923467131863149364787247587513448274902406508382121840446585
136 7538461538461538461538461538461538461538461538461538461538461538461538372282229598604410551905638257237459655175292780474853634478660245
137 75384615384615384615384615384615384615384615384615384615384615384615384883153311204186768344283085228287621034474121658575439096564019265
138 753846153846153846153846153846153846153846153846153846153846153846153845350540066387439694967150744315137136896577635024273682710307942205
139 7538461538461538461538461538461538461538461538461538461538461538461538463948379800837680915098547767054588589310267094927178951869076173385
140 75384615384615384615384615384615384615384615384615384615384615384615384608154860597486957254704356698836234232069198715218463144392771479845
141 753846153846153846153846153846153846153846153846153846153846153846153846175535418207539128235886929903491297303792403854344610566821685560465
142 7538461538461538461538461538461538461538461538461538461538461538461538461473393745377382615292339210289526108088622788436966168299534943318605
143 75384615384615384615384615384615384615384615384615384615384615384615384615579818763867852154122982369131421675734131634689101495101395170044185
144 753846153846153846153846153846153846153846153846153846153846153846153846153260543708396443537631052892605734972797605095932695514695814489867445
145 7538461538461538461538461538461538461538461538461538461538461538461538461540218368874810669387106841322182795081607184712201913455912556530397665
146 75384615384615384615384615384615384615384615384615384615384615384615384615379344893375567991838679476033451614755178445863394259632262330408807005
147 753846153846153846153846153846153846153846153846153846153846153846153846153861965319873296024483961571899645155734464662409817221103213008773578985
148 7538461538461538461538461538461538461538461538461538461538461538461538461538414104040380111926548115284301064532796606012770548336690360973679263045
149 75384615384615384615384615384615384615384615384615384615384615384615384615384757687878859664220355654147096806401610181961688354989928917078962210865
150 753846153846153846153846153846153846153846153846153846153846153846153846153845726936363421007338933037558709580795169454114934935030213248763113367405
151 7538461538461538461538461538461538461538461538461538461538461538461538461538462819190909736977983200887323871257614491637655195194909360253710659897785
152 75384615384615384615384615384615384615384615384615384615384615384615384615384611542427270789066050397338028386227156525087034414415271919238868020306645
153 753846153846153846153846153846153846153846153846153846153846153846153846153846165372718187632801848807985914841318530424738896756754184242283395939080065
154 7538461538461538461538461538461538461538461538461538461538461538461538461538461503881845437101594453576042255476044408725783309729737447273149812182759805
155 75384615384615384615384615384615384615384615384615384615384615384615384615384615488354463688695216639271873233571866773822650070810787658180550563451720585
156 753846153846153846153846153846153846153846153846153846153846153846153846153846153534936608933914350082184380299284399678532049787567637025458348309644838245
157 7538461538461538461538461538461538461538461538461538461538461538461538461538461539395190173198256949753446859102146800964403850637297088923624955071065485265
158 75384615384615384615384615384615384615384615384615384615384615384615384615384615381814429480405229150739659422693559597106788448088108733229125134786803544205
159 753846153846153846153846153846153846153846153846153846153846153846153846153846153854556711558784312547781021731919321208679634655735673800312624595639589367385
160 7538461538461538461538461538461538461538461538461538461538461538461538461538461538436329865323647062356656934804242036373961096032792978599062126213081231897845
161 75384615384615384615384615384615384615384615384615384615384615384615384615384615384691010404029058812930029195587273890878116711901621064202813621360756304306465
162 753846153846153846153846153846153846153846153846153846153846153846153846153846153845926968787912823561209912413238178327365649864295136807391559135917731087080605
163 7538461538461538461538461538461538461538461538461538461538461538461538461538461538462219093636261529316370262760285465017903050407114589577825322592246806738758185
164 75384615384615384615384615384615384615384615384615384615384615384615384615384615384613342719091215412050889211719143604946290848778656231266524032223259579783725445
165 753846153846153846153846153846153846153846153846153846153846153846153846153846153846159971842726353763847332364842569185161127453664031306200427903330221260648823665
166 7538461538461538461538461538461538461538461538461538461538461538461538461538461538461520084471820938708458002905472292444516617639007906081398716290009336218053529005
167 75384615384615384615384615384615384615384615384615384615384615384615384615384615384615439746584537183874625991283583122666450147082976281755803851129971991345839412985
168 753846153846153846153846153846153846153846153846153846153846153846153846153846153846153680760246388448376122026149250632000649558751071154732588446610084025962481761045
169 7538461538461538461538461538461538461538461538461538461538461538461538461538461538461538957719260834654871633921552248103998051323746786535802234660169747922112554716865
170 75384615384615384615384615384615384615384615384615384615384615384615384615384615384615383126842217496035385098235343255688005846028759640392593296019490756233662335849405
171 753846153846153846153846153846153846153846153846153846153846153846153846153846153846153850619473347511893844705293970232935982461913721078822220111941527731299012992451785
172 7538461538461538461538461538461538461538461538461538461538461538461538461538461538461538448141579957464318465884118089301192052614258836763533339664175416806102961022644645
173 75384615384615384615384615384615384615384615384615384615384615384615384615384615384615384655575260127607044602347645732096423842157223489709399981007473749581691116932066065
174 753846153846153846153846153846153846153846153846153846153846153846153846153846153846153846033274219617178866192957062803710728473528329530871800056977578751254926649203801805
175 7538461538461538461538461538461538461538461538461538461538461538461538461538461538461538461900177341148463401421128811588867814579415011407384599829067263746235220052388594585
176 75384615384615384615384615384615384615384615384615384615384615384615384615384615384615384614299467976554609795736613565233396556261754965777846200512798208761294339842834216245
177 753846153846153846153846153846153846153846153846153846153846153846153846153846153846153846157101596070336170612790159304299810331214735102666461398461605373716116980471497351265
178 7538461538461538461538461538461538461538461538461538461538461538461538461538461538461538461528695211788991488161629522087100569006355794692000615804615183878851649058585507946205
179 75384615384615384615384615384615384615384615384615384615384615384615384615384615384615384615413914364633025535515111433738698292980932615923998152586154448363445052824243476161385
180 753846153846153846153846153846153846153846153846153846153846153846153846153846153846153846153758256906100923393454665698783905121057202152228005542241536654909664841527269571515845
181 7538461538461538461538461538461538461538461538461538461538461538461538461538461538461538461538725229281697229819636002903648284636828393543315983373275390035271005475418191285452465
182 75384615384615384615384615384615384615384615384615384615384615384615384615384615384615384615383824312154908310541091991289055146089514819370052049880173829894186983573745426143642605
183 753846153846153846153846153846153846153846153846153846153846153846153846153846153846153846153848527063535275068376724026132834561731455541889843850359478510317439049278763721569072185
184 7538461538461538461538461538461538461538461538461538461538461538461538461538461538461538461538454418809394174794869827921601496314805633374330468448921564469047682852163708835292783445
185 75384615384615384615384615384615384615384615384615384615384615384615384615384615384615384615384636743571817475615390516235195511055583099877008594653235306592856951443508873494121649665
186 753846153846153846153846153846153846153846153846153846153846153846153846153846153846153846153846089769284547573153828451294413466833250700368974216040294080221429145669473379517635051005
187 7538461538461538461538461538461538461538461538461538461538461538461538461538461538461538461538461730692146357280538514646116759599500247898893077351879117759335712562991579861447094846985
188 75384615384615384615384615384615384615384615384615384615384615384615384615384615384615384615384614807923560928158384456061649721201499256303320767944362646721992862311025260415658715459045
189 753846153846153846153846153846153846153846153846153846153846153846153846153846153846153846153846155576229317215524846631815050836395502231090037696166912059834021413066924218753023853622865
190 7538461538461538461538461538461538461538461538461538461538461538461538461538461538461538461538461533271312048353425460104554847490813493306729886911499263820497935760799227343740928439131405
191 75384615384615384615384615384615384615384615384615384615384615384615384615384615384615384615384615400186063854939723619686335457527559520079810339265502208538506192717602317968777214682605785
192 753846153846153846153846153846153846153846153846153846153846153846153846153846153846153846153846153799441808435180829140940993627417321439760568982203493374384481421847193046093668355952182645
193 7538461538461538461538461538461538461538461538461538461538461538461538461538461538461538461538461538601674574694457512577177019117748035680718293053389519876846555734458420861718994932143452065
194 75384615384615384615384615384615384615384615384615384615384615384615384615384615384615384615384615384194976275916627462268468942646755892957845120839831440369460332796624737414843015203569643805
195 753846153846153846153846153846153846153846153846153846153846153846153846153846153846153846153846153847415071172250117613194593172059732321126464637480505678891619001610125787755470954389291068585
196 7538461538461538461538461538461538461538461538461538461538461538461538461538461538461538461538461538457754786483249647160416220483820803036620606087558482963325142995169622636733587136832126794245
197 75384615384615384615384615384615384615384615384615384615384615384615384615384615384615384615384615384626735640550251058518751338548537590890138181737324551110024571014491132089799238589503619617265
198 753846153846153846153846153846153846153846153846153846153846153846153846153846153846153846153846153846119793078349246824443745984354387227329585454788026346669926286956526603730602284231489141148205
199 7538461538461538461538461538461538461538461538461538461538461538461538461538461538461538461538461538461640620764952259526668762046936838318011243635635920959990221139130420188808193147305532576555385
200 75384615384615384615384615384615384615384615384615384615384615384615384615384615384615384615384615384615078137705143221419993713859189485045966269093092237120029336582608739433575420558083402270333845
201 753846153846153846153846153846153846153846153846153846153846153846153846153846153846153846153846153846154765586884570335740018858422431544862101192720723288639911990252173781699273738325749793188998465
202 7538461538461538461538461538461538461538461538461538461538461538461538461538461538461538461538461538461535703239346288992779943424732705365413696421837830134080264029243478654902178785022750620433004605
203 75384615384615384615384615384615384615384615384615384615384615384615384615384615384615384615384615384615392890281961133021660169725801883903758910734486509597759207912269564035293463644931748138700986185
204 753846153846153846153846153846153846153846153846153846153846153846153846153846153846153846153846153846153821329154116600935019490822594348288723267796540471206722376263191307894119609065204755583897041445
205 7538461538461538461538461538461538461538461538461538461538461538461538461538461538461538461538461538461538536012537650197194941527532216955133830196610378586379832871210426076317641172804385733248308875665
206 75384615384615384615384615384615384615384615384615384615384615384615384615384615384615384615384615384615384391962387049408415175417403349134598509410168864240860501386368721771047076481586842800255073373005
207 753846153846153846153846153846153846153846153846153846153846153846153846153846153846153846153846153846153846824112838851774754473747789952596204471769493407277418495840893834686858770555239471599234779880985
208 7538461538461538461538461538461538461538461538461538461538461538461538461538461538461538461538461538461538459527661483444675736578756630142211386584691519778167744512477318495939423688334281585202295660357045
209 75384615384615384615384615384615384615384615384615384615384615384615384615384615384615384615384615384615384621417015549665972790263730109573365840245925440665496766462568044512181728934997155244393113018928865
210 753846153846153846153846153846153846153846153846153846153846153846153846153846153846153846153846153846153846135748953351002081629208809671279902479262223678003509700612295866463454813195008534266820660943213405
