1 356
2 11168
3 394736
4 14270468
5 522011152
6 19187276496
7 707293805988
8 26110271476744
9 964706306602248
10 35659725052665944
11 1318493647550197552
12 48757719264021531560
13 1803213225574814956884
14 66691851687923955861152
15 2466672337897587648315160
16 91234219978894983146045156
17 3374493559941157911528608216
18 124813668594841726722611398400
19 4616547650338031545324763130456
20 170755019904102042047478206577608
21 6315827145279968174989145103414528
22 233607808650043371448465238274090892
23 8640615881866509775711569744180295936
24 319596621588848749892211434884386764628
25 11821150464458957366107171906571932758932
26 437237460298326157712635984976769198533024
27 16172420065162507043054561939007688967002272
28 598181095258723556059856934304183577087237948
29 22125361052949636935614034229183795429532084744
30 818366903256449033136119390473977502029959796248
31 30269535228901064452469375453770701928610648694556
32 1119601447384561585741329723972146312043820444424416
33 41411518114837122633651069215740429469518948893124880
34 1531718131718893332361328031119900559643232314730059228
35 56654779777404108328240783299145563163363623675152484320
36 2095531813974359475829309161050079270531129362201896674608
37 77508969297427018629596991864604526897678023050421992130496
38 2866880991262993496770334178349980287700514638220884131288592
39 106039426078382333930892266354817492963233838179373731245064136
40 3922157884876976204121401198854504593917696968235951146481331504
41 145071725153637010941364475298668231615957836704479363574993099640
42 5365874107609159540511328003130134140972799846985651461887886574768
43 198471514069253493460601001807181344608492742023030829534315296545012
44 7341011195564125856808867411574037047841408986259318282366909161060156
45 271527355585426335984043296932445241268624150234255297961787236265556120
46 10043181091523884633415550799960616927281121492571191123899223713368650344
47 371474491843768040890163079540259176139246503839734090546341858596903502076
48 13739998993704603304227383992385722869864520614661630594589644608962023353604
49 508211402108521662444593001976996987876907577637383735813957732857983329506532
50 18797587201560202808325204798531774479917669631204691324169149463366843228294640
51 695280119915830534945847328081377558232444541981390846829219800576382165371684000
52 25716834823904675690648565035395172591183698770590892106741167365727067029710072264
53 951207397444807607611511084557528796646320142972512913242391107678957979048926611296
54 35183004407404933649709248534806725967621469216235110957480446221647929902095800059880
55 1301339542203767232003960049354360047977112961142042955025552511088886206820885939344892
56 48133598384418974331277735546012469962245395189757647277042622437116297484663937291086756
57 1780352643022893621447728199846291015623099992891586108269974275636243348234823687249256728
58 65851206639575718603393840503388538860613418665192162280517053555022713045048850923318550908
59 2435686790974950503394722395987374978577233289809726336221521889273334645090996177002213909488
60 90090530553232755443027381426116865559811768430106562756373583607719908889894282913152005547308
61 3332244410667541779389611858398519844694495626279012496489069217093368307526329640017945044509252
62 123252163620726878232982889915190188348551202471707227783712712027288864784550237018088819255090044
63 4558818011235641693201506405574755593598550497495862022164782738972107375321207417899185099263848272
64 168620339384221290874197402710417452367071851528681611959833660647418636396116922300466707679174284344
65 6236883943156892315257258415266420676718301301110721792258042630563234059677444536479353056295471739176
66 230688192554119972724571453969384511436619961025376877100239071106153813351828369577527491719395444236664
67 8532633069479590171201949509537313116220713634650451194718864259167892233833044580839942844662925992434668
68 315602746253674455489478417853390574764002895822551807440890117619375207424898369845511133233218820259172956
69 11673429834823099392332895924060204342758335919939269514366497298631524847665750134230700894973155512270820520
70 431773695654118660862271919558452352852526340303922001192679896296359507058814825411265065588908455755804188980
71 15970329791393367745556580962462957255896266570244627349840458662328860621778516638567331763725470277465721181232
72 590706280194939949034830557957652558122834589571487311122604658933730980940001286779315883378854452640327672235632
73 21848885653556649806824065061167739823778916993008433861403913189063865136206401548590968941807623450766176453919032
74 808140729678131558261366049209403408518058331912378508809456477994520610417173803566072083774140069563163551528521032
75 29891292824739098456611680509166278472449659281399822608527563263496448876480479405054679133532226508180966849002492184
76 1105611131727218416013755697833947767967264591860455557524558528217509258262925700222382690213971967163436678913855435212
77 40894048369412072737685180187814032548723604418790785065419465170438948644332151502198897184307438058352093739743809970752
78 1512578106397374499780848610339612554611716268897815110281958384124670527257764309377271278781846412734921965044872826453332
79 55946833810270661798206840063000454047382084807345331887227835465372906931631070569951234184026113473093419405546898407089408
80 2069346501946352336323353861794464010669483398174684353308871387593422091839055861910005628671673384002307799014157112992309500
81 76540434077816998554698829930499170718678061968581079749705443168178470593955040274225764475121137867891542231020975689541194280
82 2831057072032361495106745596186096660687184521699187832339067117638818493350254850551510239980343294022544388313017127993355511052
83 104714380597265608164988634182466897049328559762485803748604226689048858443058244396184382176177805401721687571965620771532403247544
84 3873147458661919629824501603304320335494738250773213384273823526325102408626967676660934699690530586402062623107232209184742146967128
85 143258940662931376851824346021088438097527591933180455430887399613368385934254547622751714013190553356342225678964632748147722881320932
86 5298823321060836809234768739014835553761836076801296845175617093447958789082050247209290255532286432964660379701314835891464735199326532
87 195991457551544840717799493655348927678825157519071443941201035059809103218296641303509848276730530537320528467213818344875257972178847316
88 7249279529759580775391429439106127909689940904285644908113140478341595568855598361292233244739103651226491637992175811536982778414733017208
89 268134409311030013413090830081641642667072409397659941098178741781743385855626303947391406737884251133181064072306061975589772279222812310848
90 9917683703798269809468313326350525561034847031590229446444647720790374167268083539538608166364954769418668026690453517953873797881177121823884
91 366832628088735190773462549496092674691942769111325127599849512356375793871938286137017984581910156419733104416447217951622597895116998219742480
92 13568306980686651631492203049142783767812795429643071404715826945489004733761592757377966517996931202311997988838031145573767667712306644525129248
93 501860903925965379497936370498950079728373602858808975652157707742172167102908178910335248950982622165322396577126996093410804557099027290061699724
94 18562696676003489633868839681838242238266692216521986095213570293501842020404466489703190924998778108824428188021079674503282754801390834704134154300
95 686592052080116974048941917315224541188842881234842576098577707817478406177307824581462734932805931352065879005079309997667896180121231713389933405860
96 25395482898181977398278736283498677222644152358376866675193025158243662819846060157011022785685594637829439998542805532541838001676255332663974188296940
97 939321318500491037606777547693956072498137663243992873566530931094450102195462683830220320307540009189152488544565200941804179957928459936635615252508756
98 34743365303467615881259570556698421492448630334079488701838934849672228255074902699354501431263115878418449010219052950151648530891744274357489367572407876
99 1285078288798112015606477204893615352755478706548198235199822416071162702576091912220799005322358543473383320105871894808040912291850188656542085890899035208
100 47532131499520013850671235068758642783610353408515822022419132589514614077356609518347812390775822982660943141036569544507225346340549221072097928722590464560
101 1758105747005273035219582641457215845901051324993809227745057681616065967256698320318428451880041403376153148204980561265227410557714726548212685806041650326136
102 65028344409174703656572243306254062769218012415397867340752695560014445294928070954865245193646849466133396803967117513702517391939203119998972812958308303157080
103 2405250983225163170593320289848696243287218511910527112487869039035720884472387488030779298123102260769919696136393254795950640673274871200400234911211815626179336
104 88964779049324661573435151730052251122788214270974726193333832634377656298669470779811688467877935285046352827820808462697092985802976398364232634921256040446323680
105 3290605415607154991918055097694816161260807242322801077430483489408181663671421037624952037546445774892619669446820969696141490427121873521548184574060230185642929368
106 121712031625681130105616582869137498546247633398961102140306538463150086508644508203042868353751136022706886762303460270078384249076911706019247679942261376319463797948
107 4501852021573203929940674549138905335381924363919711019797338602895190683094087935621196357444173350624135469898469446755938790730889383844173087361275769666222116424368
108 166513296618626924204982822712814702682788574100576406661106556835364564784053875333470061565712406907071407226983902111636562765865576770466806273921782809676963111489200
109 6158949209777346161858142987290541111885210256498425373177038584440460053021476842267992442617796155535058220428466516418898768290786554826544964080803893977162619645898052
110 227805563513020255548557035192540475090499083649953571899531005514470956666504548465479618593972131018115302383992840703433934208775171727366431783169512470760308872851653712
111 8426011158705559333421998970792765397588952161432250177415193370730477239434445067746168727967936661818252967437393721247233288338127815078499818454519335584220679746601872212
112 311659043579823379533745597949893539229298580410584809093415860458177886295369131158155814707985929558244845848320360734400810325979256976504267990589550405125664391705596301000
113 11527561216761074466778177803144059735943491303559019196066643528817718089268380896035618702861951045054642395530296117098105141602899721282041064846836564503032120874760931173280
114 426378346284500174010130398389511457030648657299358501544582779217048305263860038292030727069634084167719208843959362180962548619586710442673491481156244697886227165901831588427868
115 15770768054215155725068449903472256755902457588611863991339782534980154257186394863054235679865391214673502246671067046903272017130694080721443318084480319498904721320048795978210204
116 583324944118755132280803765292257140955558053362916910739366346355126969388562475299135085031794352344716088028498025321517182274615603684770014952988778695266970794039393447863691544
117 21575866772081728729836544565900765317329832227991127138791822011784529229964944020895154949262122254072960020122640304532222121025343566230410390706829522768730509434732772059686681888
118 798042380426386854294336046443551616869246789782411083212103206859065520586606879891995716489881237097495095973434969838059433063598481214036014347347647399878995392686220202416380982024
119 29517777787759576257506987173052428130855253221414785405502258926651607321149649744645180425537810385623967070443247690110887272433784613189237641011727720429471858573813483814054345231340
120 1091795657596561861485987261519854917337152284549131742664777785099480810044909530000966228611125849002848965413321436123194690923092590551345784830039325516665535278407957317230952487661520
121 40383045313154113349469748125674070819728212018128196806658512361660939278069782372771946612341250088227013282875333553718778660425786464072004293236745128355080979649100067951939643669394396
122 1493677262239913373000198673218484800819110006138159822581692364267242376062157914204331595262343070721017741214006142584141215514633401132491420252939569060864673759653631812606308425801561616
123 55247734449729277425361920751055293124717976983188244076953837673183750567836982632916362786843504859241657572102360426341147770906633764632929696822860250921055173722027517688136965387176479220
124 2043488402073260581940519193456465515911775831014633677374400661911445410015570007986568799124870253917848940225847861253143041931572867692136469052814485204651513695195646222035223165820407220380
125 75584001606574298153146999876291153815099146790928662821328242773117633492494435040744706900003825547501890281015055465138004739315607330006160919944191812155020221736015495755658046743803827848544
126 2795680803994997609815301054235807450741539971918236938740636297197520026547178376593124918969135866731259589914143494744653999881957740197445124216268876675974430711827500714706703228667453910138612
127 103405892671688013331607834824308269360455778679884446639289259075408329524588629317317150562032599718868593700387982116465878681547450672454088994659817086745910243789271802575563151045920174593464096
128 3824749457788169464011871978458141814449695869025109842769771627307881409735539755136951158090490554746343770547504907268684571741749124990393054663816963361010263397213014352727303100386640018439806244
129 141468808371461013703275326401976334495137128228211708278102005404622557490174784338292224409842424755167061129587922319614149159254900950356867708381354988212611698956670064675482903487297506730235548528
130 5232610387404252416031645319735581415873983590461602094162738434379642240844381167948747272230253277988395924056953518349799418344388263800532662768728603538358414661184523933612473230536839574644423761112
131 193542391298564045899339951396803973801736778926547248139427926503776437269708724797407539162730752190787512601150944843342102084772351932979159143782430305957970061545897957616142809795354050826863862420760
132 7158694123249761517963602113332244944537259799834062670852247371895963436490411886964334148950908964902629564321636629086337431631263286332378950393430083958751348622164201637987874636861968499959106867094624
133 264783860561047481596445533941381372738277210606500079456903416140983053052985682094448941537821900732428374767635001747639118003464430995634909759762234332110052473171227304970972269047102928712792450928215292
134 9793754504178322044507817145958196199090616750568482658687538691408121467739852630291132756948447371681392014291102190936539900296832387288019863044862125317943337498390095598872733194102074317501111272875592336
135 362248768051324622439385187649005055762452838755946909332925489851774651364970661072762027154228648931092127043942454384217342641808870248757645181073191261466867309838629811920138305883889897489957119683566208996
136 13398760393546525040490387368528917535545791368770602388122405670332591303804187874273062439155666538810846659153632753851890332486010701625369401039852097627111624050084855766294985326895290868188200049483976897864
137 495589760178936131691412647309798834637930496126992965757854819358673758592122010888727287678464302474815770874981003786629958565177753436934023543138364479831610314460594586782143230941197889580306816010660164467160
138 18330741291001248821741359276990726154336711372837272909409659614089810234791381371467606646646435100821042204497815116350000635280627951402309912384555190573453573561129472855943138367377980212053806785967917348767708
139 678012548435821570813279925096793692125730368684286056459574170894632736436733218800687742988810403613771615279750222355527218783600948672725950814309255644229889359665631377614639907455388635135823870439356034750415180
140 25078146515662696745234829527829457516839494853329259861995810098447646465038192646002642561395946372613829724886279724107744926978349955026916479669937043965104944003675564147809064448738180565514294368510497260075533936
141 927583765391881867760768428780617670972951395754732654251583205341151411231815426323545565350459195656043840358400251209236822902588385722016751361925441649485612928643475131903021304413637228232452193563882977697686179824
142 34309219833340029176554242549282533438968356271600142517403812890231641977196359791259981588310030110270286825831217440823238071719450344590660638121864061995987996314619182763347514424967966301506193478859290417295592320172
143 1269020232447844535643976853024587396265727854374931920384650182781194154272438807062059780182607667104873767647109341022846858094517629658506374400472857953103278511563826952463651669824169569259399389017107586065725286417936
144 46938180412865613247986533075767766355519323733868410088379875325420086236655319747888717654264500298913059624112680418947071195585872909622016244302221148148119547578812360853691431954584330553105444052805809013983564059411516
145 1736136843319612033526583056473102130042877371097645248647421785118550916073952467685226672642775149661138292838273117270745002945431242235555879241896605903553057384898835049998231254848036848095581545099561773079492583594841920
146 64215764484675505498756651690935889216079550820391618586356096774941937701018007103928147142952378941212856848919430282459891830912112042147295717535073524302689327354007579521537095620556918205728432854547067843915405109956721016
147 2375195494651553183022510895806110866515426674212565067956768929224721871254673554275808285357523688217525375386214441548863283148408509366128584458481674564506078639733520857863696583428451424014433480065090473355307786313081706448
148 87853094689222934840861078308062257950879238020496254099908510507388470005546640561346936868753793125408242744295347765338064725844439853008682606349287182311915618202514920701894811190859739317635943611544336058886840138368238590904
149 3249486732293521947239378960134927490412881011050699555457507225478370362711256990304912795845245740533862038770443707454292857737180102736072433818091459935589103420094641392470333465603495120762152492215261784786774300344247318360232
150 120191144782142079386136095415171665339036434772229369554501417209029164961869738044150967409159481069240597916215575557245537179279024997338977003741274649519468265825940975093153990821428353441546199455528105300395283483143520118755200
151 4445597866419279982851349235300716331467680759958447737200133837672292879041316730671568643170223160902095110329831796937807347516748868296995237622991927564293009144081841978752568444953982109867347629464482971886485615357510610839543244
152 164432582997146711291765471672883780730507418882730709372337947108312306878083162793261830076227014938196328884168737314842123285631915355219684373396707840819164854719376570492438780556184085690499091813474555102262556622943693916213726104
153 6081988331727232697007050268767840270005071052274467417030406248483972909756660722726027807729402894766361948064059988475107047512586213974342177401355293921203832951615785576293558592654852969656230572210807985500421581755091579767804726536
154 224958955171969049238704477737807138563249602377063034151016292243647331301699959569608129176097758072393943154527599477368145038968848650683153986594461403336934476204887229536479388716801496196635717360686371933473138255678256636131045792452
155 8320721571935695885493277292954433802535583530198051559336722538172718756983894684735104234527225197891225609689777541796629019012775963968996596811489163213225787143082046227213147136402701888984797691849699601122812057645032872875540753086748
156 307764620549335538713430457992726404088445958841451420861708215246168879374767207061415752647404935819211311165450506778547304093656261670079254628117184486968739655560640701167139632967689302411337931971617456725266684238110232103220520561918080
157 11383515340946742332001592372329727268937882756117432395862414472610561795449097222008102155256068138300111954806367366766610837459035003903059722254085570103178630567946233086254531931473255122479755669982285512325418713630674720669163210931602160
158 421050416016863375041269103820830894520727833944492629336773774998177054297058314483639423591609956536980872356549873527448321230750693953930941495213815263056248457820378316154566088579848908755854957040841466832890918733668060576166055734263110912
159 15573699996720822893016495617386230241799934195182822106501423562142833750378612519765047424973633515985821598501475076588690731843068888549282372806016241272871117238618334587955030816816538286034016074937575491032757474447860118867498669750471036036
160 576035843598711111404948950506813054653931840638976199869646243654273073257406134871573726719564230568602439470040838810477378443632769715317556508669633390554278286381463813340948200518245477671256318661550263858806214293768666351728700950313458796620
161 21306259474649297675337827552889451256988119895279608037500804417247343317458436276879529868831411923849796884479890977908176635077951419106267555600039851575514788163665223340968630555027229414466098815924269627512316036742793981600377940170667458197368
162 788070217931311212047010503895805615370103179825864851383278098472712378632986748611208238577612833048071394648853729577351104195089395062187230915974729745487219322848512454953013885144467568000910061512285546165737787205990472774783418103870829289892732
163 29148930112732842580015202127106625174743579071922407585202842387038744339733356362592980451220987604115119244458605025127277383682109483765929635512631435753096279601857292667294505559010483547044822162161589382085064639355862652386097220679320157018230028
164 1078152818599522938929484362803912589903124489133749430340613047138732676257241466697198936592848298661412255923192697519081556339003178120833089713790896576634398060388010744998770138730552945009890714497209519766239208547257347802188022040486843651187482772
165 39878427638972933521796363292626428639766014410877898648869289515986995348029552136124351784587294534191389428369933948582676102105815472291116802632286500727366751641845253855133496433821394864953066980202097187712553116602388140461932809365473790119518252280
166 1475012598884193139394975824308259769319050240899972212650708886334243466272071051633678027045927733236599396468221847917369099967397047437233358803538939782388458374267396361178367591992922665470205886260345777369450791533179257323060533162341164428254338272256
167 54557370881414613640432402252358173550984407417226886402902317760343415535760447446172045800732223933093839088659399798388185841906132811925189765188590482882996383322885309149914254444950504863607374819765407227462342150795230048219545916985017637951459780784848
168 2017953419342908288479800486458959012045920517891782275303272855077055392838481293768048557770137700967290435224179444683630314702885960300006366997015264406038517412486077313676861166951198213252015055659382349141904719569141515262118736632649070805548019478821868
169 74639520505650681816313030774281902788488053306810442914435660296841604910973550180324665935752059037161990873769269335908365172401025706482294140613800622054219921286925306491748798525512777047719322301027820816562014143525003193795126998167501470375451894047573348
170 2760746590041465037627666574409136403341988977533080573244504836258627021500723511250682081489606707005042753519456845039320321919621311275620818101389496211185281931509172927739106332016283206021342121045243294405675206132938360592352885613032783884577480028190470788
171 102113755324145801312666995310551151455318905883562079404860166072604463142635772684112047617625542880900400301796906216762077818512068756542338741116682851604256811148524185649951945015966800703035379584008164864000848008379143912096059475351496222511451672387318343516
172 3776956227714802086203416644984942624222078616825948087545368157225657251783011440616936955288718971077291774893396189499757140384461530973019909550180900440454268026423219681206122223321431928500654030080851959098871342664203374387970053326761056912256094857766860202332
173 139701045180349314119598174320024543857851578601516876155494498668246254448876288275960889130964370118740311475570536195338048926043158391168495181518402572372904018499923083607833368605126410028491924457199524949164272420463439574227882412811072594959740605320972182922404
174 5167224836039503625130302644339052698743955070392084124450570121957516345883102551287849142719718340997681768277641271578762347298685117997894527448877259884581896870012638411276697505522019793622645756409966152713969230833435083295642602359713340575148509788862726853645512
175 191123928040154644425794382696770152531172316756016623473191372140454296459444952003689093854872927347493450835167826969972692464525489331125214821499245774407311265574107079476120779732206190935116216132431468383556719076033823688300326368255960871153144598468611812598320648
176 7069240652105224187914161891976774482118180088383422179721450153097509212125359623122875444616139069195392511155211812233795912408076268308727248869791938787306915062010635987221891431103755757055950010868558089696727873907271997030353664051475926783245504483840743977058708248
177 261475179533133352393428802732344125573989279437151054954941226036313936866565004662215434439152154651541419303648143817301942394170276850742622693278687528373635829492337621503494944189336324226552586164669924468066699075762248949935135825767336635667112525601624379529778150416
178 9671373896646722377817566737838755604574110586231082206917395114179763229184807986342909695032527215922684406215406107370654803969071357011204581488377839812610503854811727158890275822281355263941880568534855434234067416718794614014035111930410291084992549558735720757326253727160
179 357722186923241299022457372393383410698928122940585713018507770955491694854215685171297760269191614758718800355511954152334851580135565845437088961371170717930764545699282147187844246326336324152687936315209275233483786552824167619612654669294444538595410199969460655204067455382084
180 13231332423360730491752896415030594971748482924544719483978533680218248412429280527672761157135036408154644215472443764643362246786994755274449506418105049651964579049178995461388250854448237072573229531159664231220967093846697885868506950487211656149808046984844614865177800101230400
181 489396979268278982715394855772813214040346228069988679568634814102043195588478336443756397469105111664309204650371441996994451134372587587234674987797309572266889665592758034522595641560030468663710138807901011444322892918615296227670548140604913456638891462848155831928670700592724288
182 18101684369598916463410163926218348528659539846490276041610862164149322181721108069218639311804051590572564220458215459373958017881235607350688183515264317357957197841194473165026648474962841854766979597558677553901147189948503329459950448115740103162390613512587936975410089865339916528
183 669540252386719665329478619572330756010118051339004227212700336226235889373158011486887817221857510346783153990492533176735151508826889348463389209107249806763875182406737880856262902280886401623087118781278961564970747515367412007503471110148649230151671275028315998827597773126950465024
184 24764775498955681561562667028376348564628785464642509824781488376267831789288567519205448025862429317657660187672300653688738104814670419771442474385132389991189733784139363930888945433014323968656857460432909427821730453813457427225499369457240750802570527423872055021391356852251982790336
185 915992882171695281147407124546453875254328195192085986084362654484451128893139642577779494336345795615082297979536608806908142802176384631680057740109454878591602396211968752282374283320261502215404939923140424926750163290830498889332772819411401751742616554688837527514669602751080294450588
186 33880499349755513229341427301363647589470434985706859678014420953665755638994883446603687991662945078332608521015761918319435066778722791751206937412968728595551260170163043651354160768564321582195290182824293331844472603705499796706845304148139474516689239920067276263052350741166177388731168
187 1253162834046587721886016418901835730598619032006168252253853178739819467206657161565671702231560153895981842219509279431727158339713886532368869340941235300691753531118094447572800271340512863545667745747425764490734161782413139641374114968711959738010466143061502791747924777037615995539841004
188 46351651208677003300939857762949871073740921307646926340671743169319439165021625277537944192094946130380090782045964033196387610595326892381380878225729533065804245669389715207594140370711622280130366853306590073808355235385316355456783827871719767197281488855407845122488534903719033023058473876
189 1714442458234423135289306385394544412677405179624951834529931382675103063070947796905052155192098695709608275791022198593012944594628447730693255027782220551838409787955865082236567114319034792679937549238482369595194530275161271621599457566144864425817039661811737601694851543801203180374612254204
190 63413338380632575396958439663573252960777076030759385772880304747492543580238940232059573433367055760518411049536633656468227432182118783013996727670095011236794036197498951913337903328470055140799086103758888936603745203026109070716002130605339851608915906589851506717990157002672219668494236893516
191 2345515572868976011637561727275885004236663924296015204527690504473793144773991950708816938828669104877721144169463384691685146044704785336689937433977249282949301640410602114351535262317504509662259215203529288312356387172850329902632469887263156290905274594591898085244694774225507157792766139225828
192 86755301692981164404187311278624373012966621045748371862675667887492003864272968727257046143896497974608303034200501087990104754282783066764226651530994606381143878277776799943839639470902248145380961538201484646103317374553254326726424016861577621503666674506630778891413708473651928260131870352146468
193 3208881859025124873902405409966677446461724753448886056651190430233109471694710155367609595579450033298409105297099362248014501339727051343997903873500686215190021249484225242651431594441784964915018291508800611634337980001647169307890421649838426637824232156859548676934090384213030859914501328381110844
194 118689262606916872797607962642433403763136855752409512227856166733754445633266989993380546546153483916641624455451847006955467023770488477276559240358094519602964608234090043659025499592159598612164667505057034602646365843918458549587290786803193985256464503838338663658475815823230245733178690266843875584
195 4390046650845981318258260288985200344045003469355055588623466607514899635023843257492918569205597077162345478526033194317310126634651943767223296075908446129673106491917745700184875117212580840183745598908878552348713364786580303469000417185847029165402543689675786365020748073695609273974876439416983452700
196 162377869516571335884999387731473713664249464176597722939353207208751079638182438306684831385954477246951579272993875400700992329793687029671042420693284909694402304919560506495045526983726108392695012391901732731227138012791272507856198814818684299617193670275021458669419847675552093828867279430178937708676
197 6005989139923994218099506712741834332275816936929941005546338156405399139436651318406205369382396462327934889459808312583896863302389510184085060994756923761734971711482505242028367457779403419256055037521101768495076271880181818160637129243243383482054506010393518726956561982041551748754929768524305913679280
198 222147917424200913307789723420914126478142789741870259950141010456131153939711599494410007761024006784164010758803236412780176158562404670514545555723554456074624333943709014350762176164684133743288788114397183307194306971634071579848616390790326201995316442462970069258903605808220052879121904807738305578800512
199 8216747660741542411817657531900586579413578859788007582319236694640679206935968846327142296290182438341683520284468653410143871589830930650581928671924726141516365135379517880322942146570832463700142707662039681113827915733519682143323283435568447610128215778445930004626923101465168791641662881121622800037411880
200 303918861374599118064962048306474512709185091054070142902522615853030571576079918592808280422380308640768171503065081852493599892208370685303398684997173128761805951988198983032925641646421962320780003325653670512098296590045860752663316353832960860726244872556561695744215155769059346228567681424685696307233182480
201 11241269430792878661012430459861484337115811532293144138869254535431981249331879170338425486294806918174504113747127546719445142377613794813178026609604651787465113961647867170445919781314281726454788410348776115766234177852838974299326692045784078850598298166928234997076947922582417726480283584177186361184504150008
202 415789062396901501065998710554005133054708717912369602028447417696436242111220779587292405717529781074568053004302391125772442018991593628762292499867554264075691584075805592130857960087853072103280931953498352563578062237196610244142018199707215410762981192399198068859680402782569561268810442952759396118211306367568
203 15379094458436149591068867904470075182852387993937065568474115867051895128532602943830020796808758417186360589076708656728725421994974303083411855092422444325828311390929146335190767471303028456870552027221768586328040015921092310976510021106459342376731113904293227031833593491625074137465487913350100925087768227206552
204 568837826079534767193649154535218435783558033007176210646017294465146198401489202973701836467718601339424320330908184865877678383766975395488976030666410120264310967120115297847217142278752620111475061615255501352128652676738495265274374528873599915852311654671507011543053725127493643451055696946229287829645742149451364
205 21040021130853662093927599893101888197334687159082311192036748242687125348060982112747439597795207398514742432972511210475423599030594456357309880440392356682857273363121265387141758405503079403508089430611363785582953039905076350867844066783172637216480533170103133813901126375636761280006646143159704349990807544219871648
206 778222665390878656814706223078402176643033037284833933320352255739346303919213594605070323679806263248139521966910571129006926128571355914609811515398081578668499832830070306225298170088957238478549765525501842042655478158244223384143372415127592450442387463914712425836175689876998274244528671404672159707671533078244455200
207 28784691477327954810334003685358788831051250617493440999254257444004874367620002173219237912249349630623627556644156571773295531523794101470841060306195867127244434182241420190423631927726456775470490937842611214369937743941736670966172074536083775198776415435987998717484934932730019412865153891817933283400289384942364901624
208 1064680457525348134678726287182730093893523075831981252909585953103008263902104442102994165780105955481193521042277481205048238619154498894313650874826736518030565353427246115732195530939998900931886533762290453690664758445623787452904783537510494707477854610020055829593946018065747992509917043098155620211624948559554687629472
209 39380115556535055898574075364593418840184854949784007514150419406478743950397135950806222614650974594517266746611652755332487991019258076581904589650017021188883447849846121033590084979589240836506761708433682536173197000071753216526464866173530706657264269062748190562572139967395033563392810071951225212449604514067696308060432
210 1456581165066733367577766110440709870314862475193450654192578411429356975588199480115706718891705182807811657474314913889410292267555841455836268257501351247644482074333175290270883617205548743538212265578511561861500625421034912382812027899936606147755792796017413045110404886043901032228193198139664902068377062713289916529224436
