1 1048576
2 314928
3 9594000
4 324280368
5 13402129824
6 591191889840
7 27354210143760
8 1293471735751296
9 61933740980042304
10 2984692997464098912
11 144343684567762971120
12 6993841193566081166304
13 339216516694812207641184
14 16461773482530500103587328
15 799106848632017303682161808
16 38797361796001408338367394208
17 1883808600874156992378111168096
18 91472672277754814753317570463136
19 4441776818031238781979254403064080
20 215688947410099441067894434612774080
21 10473749099916836370932533450070664288
22 508602062518990884760519420159668141024
23 24697612349015444321064145093689968354544
24 1199312353863004231976695468319384289728352
25 58238463127326075467554038520022505904015872
26 2828053652707181425459535989291031965597442304
27 137330012211199352388379941548884608873094765200
28 6668732751410253888587464838254905925585487805216
29 323833064815649134298544664996138843999936394869824
30 15725305033600542885049146243923177675955590766251040
31 763619435023486104573909650602070960993975751457254672
32 37081293168005713838180584671297483420700977905314975296
33 1800664369883685371624640823916480332066808153250779042304
34 87440105327950122554585860429249833087961260308813258994912
35 4246083921549830627281321022897891457705613874060468591480304
36 206189466641531024767043529616470039971850509654478678417027552
37 10012542604992756826660846811190428189217126666586093545773242848
38 486208200005080752105359480589436776503274909851370017299908615552
39 23610228001265943466379148268108572297240318772426211680689248518032
40 1146510623013944739698943458135257828330182552894615926539859871934368
41 55674456369167327196176569251314956604628799872489879413371575323850720
42 2703546770376295178513303162269811064177681585203129460773691235125806880
43 131283996581999306159202902328618224956315949569006971148024877302147536144
44 6375139482503768832459532669528221086291812798941047663219110173076730169792
45 309576220100015521610120811391039173172090016762369391547148592685178814040032
46 15032994386171657938468078979820540503614124005398047432379934621630271008328544
47 730000902982207367031667411795382616671428860791754555544436981633747708192963568
48 35448780506779182179785182942749484181406855755583909702121370227121149827581341024
49 1721389705525741393270266328128167410967191796464539770793485323314682383781055448960
50 83590534735705572885797411170538682674656398424334689064886260099526861813650820430464
51 4059149113632903206248682133360141220053797944153033777740122712761027553598327264111248
52 197111928746512958098224424666281948584007279872358867137742510500747733125871649040754720
53 9571738156570916122236016102109446574203793188900030483368423201276062057738722357256848320
54 464802774345422451703376382085696462572617721059626594082101292169381087843405723593487602592
55 22570782391377063124877600410719935744902589555754134485160485534617970774924413466849612636176
56 1096035234463344852743990510979125597739852230771274742815636244321614208514547911376938941924416
57 53223375882798944223484102413024834740633063686696266682239383850752088807317329742681503258078080
58 2584522514687863853714705062904910309121063390256934002227577569338750368902265990579654935756930656
59 125504189054781224083058729218886916396881762403720234992421996649563058683084444514149352423689464304
60 6094472530528748719619636704647513392584714039419792365281043612368909207452324795243399475759355363040
61 295947057266408473676191503811652042999670741684296767775516795823796615926401841753140677642053729533280
62 14371163421594440758939666248885608996906227170682582844294940211378379569127714893134350365618879121890560
63 697862448769874306424560573336796331855703981504273678493240263161910918368076089218265112456619109949867664
64 33888139958890873042678529980375701586965192795936592528837247526000339517913415935765683851061467946237453728
65 1645605135937142732513392635059767431764110336317274579761270645739530201812440961201761511415030944850353970528
66 79910442612304793267242303011814361484892737469639685489103545330691506747881637548131279138892803734085120358560
67 3880444159441643750161488941283636364517779794898362526209643888527303455444877685375335686313274001324631937168656
68 188434031677183118517623024278133969157543872379569315904983718371959582164739724914654555033543123546785048223200960
69 9150340227863709456891406645927527001191185568125133842402542477398539781461318636219176911490165530636576670625972064
70 444339727492012947487759971177153147524758094041008749758377924548144235716218595958770198905393513589024332273294912224
71 21577098611749792667206017397659118848241922615887520354547919291932492854078681838491129791567355237411296415989041858288
72 1047782036346375353450534036267612435645770309867405608514092641804553748841570672362381766277213486358348238580326696725344
73 50880204769158592314750615197281741618031079605445545958272433185505279245741531284569222310261961735080257726560005936247040
74 2470738328725943055261807774083509400787634273409178787680731046771459248471114111448029557853660172929408253478832383698736128
75 119978838857499695610913456959628090314272996852580549928586083754093267009210136719160670541736816944855254602809972130114553488
76 5826162004382204661802419363131247591079116903681045747273065057209911228262819549971131801116687770525764197250865994888840092960
77 282917921397978842663891196818612415225437370426023064052888773177589084053840973479559223921482480683050738486541144008510276960064
78 13738469714358809224195435336112358256270059352128903488846598343943155390544746954670913569815692465140523403219744973000873355152160
79 667138897245208637363647923672905918688091440362981399910600800268891491417397822670511725158671563194135216015638793468377797003241232
80 32396206962729050778230036744974338521746549131094317544192335606301511364736207216549980198649708999565788830853753811870897649850270272
81 1573156999098229083068718522195815602576119177399467353161906222143844116056825677034877728228342340397321562530843975180554021103700791552
82 76392367373716360850413877197345787548756109773600085384569692518724959095674951508865754425242299996539922477875924829406732821590861096928
83 3709606731118419450200054526400550351851603367961066175619651374393645787966506777157295074794303131120018714017202625427309157623568938824176
84 180138180981334170383076736200987228868100796557647210988497922084108954089897320762835737398417790835111211198558355381496465684072337932055520
85 8747494437902460860692338675850325215408354045451459429613888902097389987683702379541218466239184426537269203780798292697770122317550753100625120
86 424777570886337058383552734301368730133306427116140440816805005378500817433021910974310130258891440210734654623839018634507454409100944753437863040
87 20627161984382282625709653628565008617189931255163136731824543067509441604630321501972641557889453435874107739766386532749881323449142672424173928848
88 1001653196147205418946473151954925522168897635713381544641560272307152931171073261882399177208594445995027511501763479366758706094649796212235186146208
89 48640192291676419130111970485666035000868090892754263867879979321466301300202415270818208350709623919139948304868966644211746578696321918908621434416864
90 2361963517184808456113488402091984641702383151568642114437753392076563474637066528195805780747414213901570958128892812236243661277575577986436693517576736
91 114696743447429145352658210201564827649863866568427660943510325186246354670235516129250354522019120786000725321889717836634021744878747414854384230585540880
92 5569663909595458667889517995576717825914175506727359869803841618819752538085456656262923438883208016777689806088035514842289984764735899741373387428686195648
93 270462396171418841562358235016883878977065386661525110281802795864672608170553862384771046736923172729941341800806727514490030960802680904498609135742620297952
94 13133630490120294102324770340551178233685626558818038718995675130358778178348145660867820519284703474576696144387285252232762100056385943772358968199828054211168
95 637767956997955428546719784675876200708248216884514198918309126760448204254362415087645360680053821822883009366239586686059526124487735610607578079702718718502384
96 30969956652832587918195387397142846022441421191749522631132705445413267985185467259972008915276181966392774491431412613181512312745047385612748543896065024134689120
97 1503898407805088740651335698541169636065127599229848049419091239901237848779240400917282205807470243066422085851933832102814633216447510105391015467252594549101487744
98 73029176190074500366301301459373755055439966804727958471747832580140254463667797362971628650770478389185010851802482516090379475828693800588281429478302784617731542400
99 3546290459064144614910733669794100421640001119840475697606146214736362756781453221933470954999288096048908086014623626518204329906344878246476941378290009753912802397840
100 172207556981296299990995197085916603024896464594397980678329270221409689171034798043697100051108700976126636756369511352203109011907349707673157129046876417270813749230112
101 8362384024599156536978138749996888762939525542743018429260223800163161096886754460552287866441904355298216826203563876104022727436411481129584245790573033253236464408022720
102 406076642632276134003917361975114244703149500571862912700609663330893672403015564911263054581756509611688062510155061208407215971359388800992439085461230683998370110338011808
103 19719046531040596873912424390448764730454807965398012017282586924158017232217099746731170193984908048392173858456643895089410995269875311677335117065996730025792047085465313808
104 957555188529915258098738583332474955196526296970925711114339076013249068470968951848437468497429042592406745535910690648798920378327041175587218429088144680800050103562246547520
105 46498796868155422462240678737981283240144154484509073019557393082658533501867728479360311864665003910843610850227215619478546030533190469733742895575180164312136307714152232264320
106 2257977541227048077864359370471274329100303825336446389207513658197603522171347911926748190058517708670257569411337228426907338402568322335403937391710926540656778167448127671243104
107 109647193477761016148822014896125386168968186996712260526665733447181091615086359680188241528671641830772102333915434579330647196376752606102821701894840434866367803595438709741749744
108 5324458201216736512744708698351480428035518840481902718358320326808419192161306701302670698594984430515760738830772515202025438767005167023744387225626420879862145512715933878558290144
109 258555228248994544052725005353490218159580924236146858836747675540595922659100482912654136627276762732015858164458361403225668344775326341378894142883742391245527478937220130191304417376
110 12555419448989763691299915070591498352642489851696782701200138275158917366081250186069488398269170645106393791327080526052851742369158479619553581085634219939829603495827937677704077274112
111 609690079011904249970467022807379577830697856126558970188424149868486906411744853708462421597363250157286295931694425119837580757424183354979702558683284010020649416858660286261316079505552
112 29606497334141362022786356157064600297475620171014167087251101205649349028277064736530294588574007405660539788324026630447029574957696592938197689438059218095589597563604697513790019252533664
113 1437688941596513935922164018933466812839239286931302206362446386263720926953599733000964492750793347276088689587340574574605097325352763478280213964628044503936901974332543591320853756007517280
114 69814050255967216187549729750608911872103665149245200419500416476186694878887106926061982003582127291613117402470305820206610683979436065654626179332748961197336783467011533039611549139404241824
115 3390164222679679025355227476159705429654300071459235424328781723980295867006831729880633269465451894698201902388406961256278614661942420986095718696869434170015147323138562131203445538999634884880
116 164626080489506521654333635862602501682427543210038438027965511148153226222429185428145205640388917645742785276412545749842017803906133077518472422908084640050160032933724878992334680266402477918400
117 7994228184000925548031967441756356264800773910395715575413751084445749643005520708143634132871410827370654925162996712614865847639085111535448080409743563352687462541420563181419238503292425392925280
118 388199026957628952500720158515279722645319827562980570729425291184561122394836161158934392669447066991782879442806019535795883564112000615521321148475706028914328466995050826418696598034143401732725216
119 18850911065116587464396019848112262057781442042567666683914478883246034589718239558279338833538583484318894349831593211920936766520255222921574980868695801359810981308980754506021925110048343329916352752
120 915398605632572571775900686931732896684906608465074760544273603960206867533969931586989544379862206712494002145535728321597259223342073695474247320694314779340743061114891612406712615644787035296866934624
121 44451676860578070773295314799722737334850052454642632265163323536061880961564241800078591115404615241463614612181872033342243918171030387790346571771785133870017414348624694432906115356616168899423214962688
122 2158569571287253583882641021984216383970617157855378791093976994963685574606933373050943159005343335870587623950938607296899211185363421515368323433750720120453467965344148108799484039700568326636809584805632
123 104819951083092715111640088438276086222341130836350567885490729427288713384785873702612439638600203774272440562915752555788037425460948539851288012275510513459491795970041394582767887993971162799874078215070352
124 5090047729390425659540369476319284492800644202799303829649714513064237922954245528267085456716123282750151682381183088848717536262725475845681599090265873881853846288895484659083325961818244743479996165529509664
125 247172276076854991135954998048509092203118341873378158644034818102472301769745580275954941225009773419189236550321748141905045017174031738918617089421032384215799410374348426118570268263918903625481465840559362624
126 12002664279206972844973752599476579383958533048031129641123861653398052507232619691519801141887067995222420226500382233542949253447628687246077205411961386684846204347245941856272249655913199930496048300813529287200
127 582848335929698836028595062763476349189933400507637385437313083611730487853560904763669006438941294043741352844401945194728800190794945427795544463573293933890573374806342735655763624369071562822873635874848730870032
128 28303064619121727358617361834079244820090420591034536170476155865233397123185404746269990656321745148225180438435841148986220417914303725467607485487900763364650531883317475456301956699596161719187785152211852618815040
129 1374394362053736142368988015491305108112506656621387172056151543602885687212002723012234365845170665772840100199802604022806612034789729539099896976815721490817025224505811957376553411878712526224441974609846101518336000
130 66740470965426947321860273991423812454318175825096483129813661570279545345194992667760240313235126536284727882655000611578410421423584635739427505754349118796851121771010221355309722891555521664113732702442717921092868832
131 3240911479024855954159840594666324875946695358673860410226104408297873118853059026423012303249961841720935559589746319120675854689763835286800717248145330731355085479880730173527237407829040843104147681293428020310918022640
132 157378380208256701764319727382996742401731704567398856470539579880941057084900161515274202350173301698373673590718140346671706410367453333507967575730998781802799463066395316199549658122402035647573005602771573407748201108960
133 7642280487224825113937433255804517654894822234261802841304599595532929679501709924242825532963416666174058711038697942999302722831637782311002726529543244347355208407844442455194482848732749654023200107762501025387957221793760
134 371108477340607285726159369913898879901495284059300990418020755548677256971531558767833475527934385878681704004726399761002858961767770538548067071843289520635603961248352084734678348504332507639597025752334190921457948389555072
135 18020995458657320919217448410331677945486273469532567078025626775091909520075909535405040670539756466945648559017882753123441427120508070757160435343596050724563806554661870804290467084923535000855543514223927753700944425513816976
136 875097975794508833286338942601592595498231914218424682667118089750317599364840814762139386707058673711580028006925561785582329254709287650225643972100369610709848310704007563530408229863797137265469926705876427463628012047767703456
137 42494681772518657975883663842065994125721919609233366870774063861142817867716833306509335720069688182401119688857399521515211355151997822164166280848815754942275627024569647727790013851163870387172145981336153259774651988876343055840
138 2063538059619130366587455420609603154917757515213419828677391398822624767570399751954630896645913875274106355429861282357704061416833237724893601299852145406639987402362142940995629701559489510152393103434506900681435265765084764900640
139 100205229122352430589827473787226128085031022990970128289606007335823040457905239307433640748726996403337610415318701689975833744197770599560695436280799228283795848197427312371904209949074195780117061698309166134040393719320995734527248
140 4865957231395307055210458482804764729225227907655486869023224202887061509173530646314088310535732844404982460658732060174001890878503498950458247051098921293696025158453655605941382335530122969445932866732933434975545874077347437649079744
141 236290460938496229450000669685010381251062305626320750414402219409224586185404870309027729464444934465726928540283638421641401136253749026738667760007139538321452404773944265725046524998878590286992621658114887841607392539388655850415168992
142 11474244280301024843425373396038156983561150660236036505933491481700443972013579505962692483762980120887979046403839980034732937784113043599119309819952835883217303433291113050260353530327274598211755526084685934397299231934485311060584655200
143 557188306633715380241508306375482857856888339083784259678554244820830547668473801793853322003100680181082729382836381612436876898183639140357430340707568742017984769918477556628875886550059795544846433633510946822976489290616345535267468500976
144 27057015823023980526213383627977958865057683699101924996529555870838165594596505578408988955387032064792906168877405157170994150592085201601867345720104736911366777688926737166686816582720712134724661899286232378703781389121654700425966932464992
145 1313886340634614948889488055539065651756630456770975803136977998505557127680812724189466305550792757002017727018347219873662022195117924710702710196086492031425611603188289902640587172028197021436660273533573572603604179101258741229950679079859584
146 63802206695582395340346401320563047950370962941636223671677558447902881598585653089648096211465894887501259954314341406570016602673427135110302304036507447452980203323530353929741672700880817187809511458355601531523486784811842237388868335589564544
147 3098229621033761722639625343206044021261505305161198753823036651231743817349974656111604776772370708980436857824219668968286813592426875017572773231561436505905615046247365464728543858722403421534203576773353229226432453545059776877639807993245852304
148 150449761564683221952089698550772416496499039741650498977623608236993344209225650926902923570056375230942148158868948104861957967617152160982546201203873855070177265625280698491055357010745016389060868088953678102847204643078660945872531546043808590880
149 7305827367087642845969111294855207765862553343565414234342933647547350756924153853575879249916601467264951045897109515864198525609495583362154756586716676577145253002144867361721234022544334988701990804282736026352083723437507539688874638465214393313728
150 354770343020710410727941706456178102140215910947143366470517755221223808635354457012166615078829616283100082247222043143975508341780840483036573501113637899757942343752347559475323598649044336389983266106891016118801302586388591407742404633202647382757792
151 17227617073739521149852247003872459217385288251743395861757547687586880978202622016120328795407761976537376607684845013044270421030241798922693446939592336906036984901591210474808701487405551439634562624958275928745889940822413618765271174088033631020577808
152 836571590264171885601854990181025119069990081968345191281302309752808899030199703364696509407485784515136635455498308078086928505731432749171707135158349302724949769519947077929682127758872863128150296133990717425296105602559172277743979527099641930941148224
153 40623843834091662080714572706949999460607467835744541059551772335355319735397074078005418007557936553823024107045852918339207284276876498928685491722481941621686422473609487756264771368073704241257639691500384019536243633871854894950721535228407758319269185920
154 1972690331661320015705273234485614310067086587213771735562217077048060548624662541707739531979102065965821109505763797050120078586622123448820299860065608977167598660266201044346362458036642440617944979223465206344364627811620973603024590038995933901792014148704
155 95793671335558928329464398402599927345518062683854431972690788703715178760990597359826965827980563169959908161029832830094711336885575223760744097385948079477203330153851301770398803139802009243099116362038691863574782589230797953016753067171087837414020353823216
156 4651732368058532625772363105411274404472118816263329825596041863718110293777384348579608192910615540749214534111057553462178184506796720582260659062194266536615672462493682709025970454312286884804344264904663670179488317539939900018433954023024812673440424329806560
157 225887720163107668596015437493044137109534035370158157194189124001584552804861243238515912337142293738505406108883843821976484995645030693868182624179652914971946860522776858883470525513112862579402661501045854660686432586592442234113204271701828558547190840155755360
158 10969088090891730606470461834282292050803401316235344721216055901009751690147691894540053684401756957801373308384854296304664323683216326392859276963974139015427016606494679889470865970233708867688518053079035854787786688843051594067791903743192316733108365785904937728
159 532657965908293696851890690752775652192314583314050238969701040490566249161331459706304339068726199809199221337745662086370480397902217532462262386421417820766611879915254225960537482791777271391123701001920021761879310113806033761006115185793421274738734415507470805648
160 25865824605889879651539808755265839036115851473906431297253108901914625489761000347295910472913886178019647668969128038178500066708129189873953569735900688451601194770193499071551271921392193041325422298616493318416955157935550541100203292743125126416009551589101837004192
161 1256042198489988103585231733058552585666910221940325350659086541000145236732230221035933797421833798803212824200034659307821466019975154948351246808021984533713044929687839887154189050576969446489466871151553026556769793456324283813363225146789355678445963095144464310791008
162 60993300172163058583405762423118943392396552177555904261882689880872757874636303299476992306616665740856174428382190290098732703123363951548335633152398424840260607836956914968962030395406237754985513681573420554591651188811804020226048460043239566263815722038530258174049952
163 2961829363984732174283743410066859622231153996867328913380303622341249273283366266725809942464280620341028140171454777082517596429632617196329005119570634564849721904608902306534249255567994722266827381257970734603158448022114869435353461512993320038948301904523924581520665872
164 143826176917803243707284331655418183092274960957855116538200786506354581224650925436924373458965009579068542006508227411415148577138358253483365066008416680229569714708464912840430345756549928976549699901460417055407741241646339248606527321832964759483885593849711159575825087168
165 6984186671362162885512026896187425355736981610236774260030843678825566305931838514783719652227655223365385347731290074874864859800662671706492953445028747204354230051804472995176237511931476450013041607811859705734879203428811539956443802392419184950691950909927378039270901671264
166 339151498744974927097096687807071539591020627740605450271274890397777246642012324538246028092276670929894201609766716817768344268060612722883131141443980033163916999265965938875676670303238399543913466684148675612648550130382381196872551177475379115160991049210394700749420045813984
167 16469167350953556490361467900616198248704090071890612149742426596769339854145329927408228185074141876218642304620986170154430990398463225041299434665516018532989929696331569465305024194968481859629928448677864045723656895974179686554394284683842185592248708751511645582419263964068592
168 799741337536204368197200708345860751030825495758177262609963291763721446288377222300640245746066819135569349465042104704394784074724555646372862529475159101121701073407928896270854532257825735564361807047807516879116848243158540742150405715928484122347279673319619263854625842039206752
169 38835369957374648139914062748901727821500611721411002200194799093468730419765037986876211406157167137144196812751635634886179769895763551126288474105323183976552774754475845476419923610703774661636934949445018363072605963880613966768137156900316546823687137107714279624147838853840654080
170 1885842195393434511417672200437430845733716102713775967077233534952708596512134670104119034603135068215684695192300254362389356573865701023852618643210859061575752311493842966060864006398613039073383376593397965617923554680336921047116162971551389374025960942095536236742208425557716597248
171 91576333374184467985942853901091391283756671874949845182247731045543500576560739752282314389117058093667924379699925480573895892837290051649677804956477832054137373935570099804266215000829928393310222728286250208893632372548788862985201964425540184988910385122204040254215285697206574558864
172 4446938802591694493466961972907201460515458787722250725786989698107856708976749911158751732736109850329451425556160222478415996793907249066563171839800554122580967642295069658993494701080674966569682830792179333756789466295536295185839388655200130243195125948405320990334206154877209971245344
173 215942962393931531518348796518661485452371711669773386610539294204378125854777805075616344447607094060054573382571874385373280528349694469443210913980309745510405192875531426180703349131744453775315639031999848203150693481343737921852322639918020870610706137371197311578068666525483967170377024
174 10486171516525024958920333115630178055750427496117186265332470435208397241791117051279522181565781634017661892494120180700531352143674427959487262024474737424972927786160157961704716633665279864355252082784019255965898400537337244413494606675699724999348789859714100896202055424366034788001564960
175 509207578959613512918302526683423764008304401034145097835692819141145528302413706347027918515030296466579869571642484915082901921311058634554191200479444987420285124810772269155824436113406981379357683731930471683440336169086734426433362884654155452311334250848998847120393666372843139751557647120
176 24727075850446989617660406517023647529982539619343063726185859790461757058413363176396580440082533759499575838085399511364417740624486408380931038788725775529108463959808669455708731128601942641702675887436843937322957001606807872081473921344498379490791588225481140913988689867073372058219054041664
177 1200744657734665362214337464585481383398955849504690036011441550340460907543789458215001820498515866977181362863987628670279235071356696131108942741601326804068304356274166221714829389494228800945724314607303826246186773381324093990043656477472003225503951034127732210384507456590249489623594083507968
178 58308056391240275603820015776209432949268993934748464708494421960540849267308827891579097060980024201112987183565309824015330242146693991848114372062307138190842618626709774062256847932706530141999675654680313289925196057540470359384982461547910118463021734238080836361858577686858394664269489997090272
179 2831434158981145772278014320084631470727583438125237146773058876252808483797100492759213985037596236063233514199593467322512764514859365173954721391075936440555297278684031765052461245614242159293855723354658941163789378264943298982755552950302569706980519080986147832211471804221647058680839841504676336
180 137494197077192913338874915878178120216417638600157567924231095219432647777132146819115883362961572577476586308949017050347536716828058370831707763637254275779526274473910350960942741874075970083443386104037074536842703120086873649480186523910341220272955833485295345628881621867104567646979503200845584352
181 6676706279726650855111024621252377129957874929731243680340896494057075689303762930298925537992758138695605844895688848128317288822170140989531234647847341046318611754576173573603304615879200312729106752870129316268635156418940486320303347914959660557400157423913097239480677844285272867626838761285877996256
182 324220277607161753185942905184397053654241188554079801427835804097628318722386137806653650628323516640731884343109999526782363877667506218915947414204018464293700133130286345196285531698089232070441238809264895378793944642768471715535559004324374622671985572290496080389668686684880879738298103215490081737344
183 15744108548080187763000771693362038194236132419899397438664030035652650443211565684759564024584916457839552536635547555402867512717812742062942648638313560957051638459763711708855995797623331479754604853379939876015465782975106549401952708355590775223833489906155115735638425779878408077799614611150672937874832
184 764532544981869587431493777698574932446998456341400677159621655497390569926195703233640614318143071348241165455511628308098643986791470176956275162128209845800214540469674366967038479976044362053623351137964385823708195714276392997926805960489694982196253260696170942511276069410120903987246184794988701651055520
185 37125634045995490206550051208266689211926779129103478282954151350877322024903221964205579136248232247806558481344478148109975473975342812869688811602074389977806280490667018285164166324256730547348886758068345578369493279219532214155583792523911180190378037135946372598784670833770754136955120013040049240802520288
186 1802817567890279018174576284955902599039897621930195805405649915699670815160547743488194674882322181601339505971605484456283099505318554713000648652872434440318591590267527413503303598752267855173574898302341082726306669704707062422045997560818149001018140522060828749284760277800326290230853569954000557848158531616
187 87544664666660265801111786261764393297954367288556018167846348258429479281358731252655787054963306605542298172157151874294653225708429519448498472261500999118675893386007658668699854004220058873295351439395779370074847025513868307737728896562581997680603038446258064209963735838803322775717203564447289558344025032976
188 4251161319981343770542051661243773328649755744590545382715459190860177430126287178745663173821606444024169370169538021287554132650471273654780200232665853610307682996197990732679528384905317676636236785197131433170439653147137018459226587023087211528816127856821045337716125924810257515293726016931993771289224120635328
189 206436024825942857425496797418883199861972602096955464563650282743364498420029803545725638219886874568178515239022911133650258261132269031657784599172216607840682728262918204818749311911662009327448147626836066773199234442578508629031593845747036417783563024075322361888516331900319723290893789052364122902379049574211808
190 10024515453138418049709996230960234472111841279833645253517252001030884888868211183501038885504309423238762033493296478040171869956886276222857426365617836483860538608591975354759278217949270658439909632190446109130730617993816720930207363598165304152844926739591219671701899872470738544899001902845249937908808961321343072
191 486789600579356969683124450710573945173442456125615915603074869851760895078146862744938455873568250551574855233652669292625151593067803283225607778942026299486893044678713005834455438797341286226284271370309132370893331920574037204999462583218923210338066037791582015779037479903427110546834271373579793373404881497039383024
192 23638460765504882678429405393238497375446026339259753950287091401564807829057803434885696155159609154676638926840523269396486318683020237863708868336130594166254875198740103862479823386755979288301209770656206297375550588250604860466068762184053023829803760328682313497422730761543137759312411673622321422255948986320643529056
193 1147881603668772867248340167156883275686622043315176685604876685714353246274808086545711208573816339259767150881549013664872931631213649685498661006201301552821913115396145893913346356310849889001472928502327915862624257612621437560847341404665559248335308180025417073535206497521699911152128008003534557659300005489119275463808
194 55741031072716340216440028867001986942481049157815337941313701416408463509288373830788056059464564799951154298164573566100348056869791953778981237547640946196111061544214158345006933063901708329266001592760705777034733639944297304587511188346413867628965227726661929237396629011659783142723686069689688349444322808636009669260160
195 2706779632253856914577719898351984536616582698716017994673445699889484583614102914648937924747603803130580672231705248793924641898120569925674851343939247387660352403924383283096581872507527244557051184793596938687089561591206558746038141415447652807951428857138084614820042640487848812941176145533310144611608357088052547625756304
196 131440984075562175362075027180773665742584500895364917742377534284225000352764126342187921416662829279560607906293215809814273491286044064341818027732812251123573599785807106965197612380011153065186383753483531640188613972402183564145329253822018526642940258044676602750287877759487232286171692569471126999591612419931519574541221408
197 6382762781603449314352488586442318036063622101391025853344706710967292397859680745114651154152146956990601350392776759639871983546050318411489295461263385719659156056522488613197748511975003434016604589346867684505182296775480509003725704407657253423891794406277709714903829969909601448593660673246981278400750046977178116624060798144
198 309946406843713045105722284892154577807961368741923657189235831151289785961916335180433600521917178772150376794889736371234701565251137777065558123395978175207157434378231137815447996227329621239546016269556513327568868206499733816307171106107524605197833533869616618525867388029788466319137818133169551684298962524858060944359414059168
199 15050970622347807235721470289963576343017400965789841496819930048150489115114952211438258567050376861136888439415042809526619728176657528196038951987233798674128132307526528184300156228587710717299961379195974924719197338498545468144990537124751356448733215896435434621090618174852664962448064163026512896905687408929306882528983163475472
200 730873827451733566191667206570684457479329108690027773504143235367408114396754842557726886084517489930407757549073279611191088345511328372252208151715828536131508895453006179980805645921711092937314536180057141289909613974843648739757642239633549742876897135833227773501690360285944171539702848850762226375572991092404562910564239980662848
201 35491169643291748377955966527985692098613715184652643228190690946887174260759706267161379781905286174107758873589119036706893228278119660951935563419252608085187159021928265081702411278072902784378845311102171966631446837901781827683511432150298833900852847413269688228220768232218565660650604268652295448995067224306614152548600092954206336
202 1723448118317109151543867740701147286787364892408723363873333305861473768089543371252054578054610996398057910105178589709853982233907470065640262647682232308729685412754552069712642570779158421738422147093922637370912248690692834562747518368611100628567823586781252722770506658788252373131804976268148412502542070067603877979906258454819944288
203 83690491082257164706051970359757044503581886045375466612317391343666019541667941539334794852836254737982794348194736708950543340982166346138975765940507660001719776019229586101437458504959360281608014278282563170286130035686056925467407398131265668651214103208483240137199307098533980832232953208704644620896496958399370862847703300859475348976
204 4064002985148540150779730051317368625615368334737833316086738192805447410988227836822242010271807453360085447242448810644088614657852063209088830525088051545166825457806104863260555403434895236449146538495758725634485427671693767405808198333069641253097965106020055856249221520648170104517868867761319012582043746570658088065043988238286358066400
205 197347632326150276269055235618935164680218165886636694074539110196496968767253686756125479643725365049471436888923425774994133038216978576235040565038835426714179402057938004163502406678876242913658355505189990672201218521000543773389450276048927320580067718468693525402130752956263297914750817910841153155113479434358800411683180358654038440154720
206 9583183901946348083284368368072739873536900447981097390164575811317856553879073372106119635804775758562014543307737615619593551453850234104557766763912068866464745543594598800730546310598136800956940010302963369640601902518608333596885841092616344059596351716416435021931505298764534543302004963281537743384636890259583296947853259930496582028282368
207 465358578747713599178630226488606388404351264240698721506664096798592727400387954077704758735264778237817087306115039781344316547091260954190036987584986558184787821912028323913073090936292897122835140740215426901181133811163535214216006638349298818718166924947666966859432836202031323553491064261677233988640226618987806864434346053604646707468031120
208 22597772204925424468957640695245527297170968955896230455820440471419419290753787342683082499764169982624696526167222604821284079373107267007700139316539996671450344436500993058544953047991651103609623910100911580017025564237576828071934148860611297897046505664624955069278218454943441213198466869518902086437601606775813040428786401050399711605858550176
209 1097345857467356408479493105432729313595709877921581329425812807369277867769610006691990828332624572651379019412333105003745290454357267953459477583371949718549788925918871455707550260480584676749805082487770094835936182980471144714727905096572267678391180246875588764756902998479657168433858183812482689822579673945149023217447150501175014836854610524768
210 53287019622151359507394035529063707053691176161536524336891526936978129092865938341603347843597357670053800602828927049062650971423093699173199205373409342489364189180820781309198228709111211685208325676473554771862043985747761607643277225954974893994422095831371694803761861270232273358431277797950048674526367936221769566626282767750073134629064800747936
