1 81
2 3539
3 182901
4 9685063
5 515473927
6 27465794119
7 1463848507173
8 78024299447333
9 4158831849750231
10 221674060909378867
11 11815685765605683663
12 629800688938588467995
13 33569692923595929936491
14 1789334831509984492336661
15 95375288859971781948131103
16 5083702379437947296859028661
17 270971969819167257932737410793
18 14443372754003003711874895612495
19 769861977447756945265082116890733
20 41035253636357443439011526714162213
21 2187264847897252859014197113328286969
22 116585791262448739849633154025983128531
23 6214266524404028454406675439651630966335
24 331233403471941838230424280484701464581769
25 17655433210781007104546270682797133350633689
26 941071518128921726267314790477739752372385329
27 50161080255605807808129815015433942797475373089
28 2673690494227273605945437138734669787820769118201
29 142513295616722307328991385046599980031937959791467
30 7596256736294045146769670688936556257842469448648481
31 404896372327817091308224502693777793867611912466718059
32 21581823523806746668300815466430059655573104270813579543
33 1150356334226753191735331506539366333686674776003830435465
34 61316398692439938016281985218935490029615650212678725396991
35 3268292299305194619959326209166176341398132267607498148342587
36 174206815492812857851199247938340268215047079929323823002974927
37 9285587635658725568585390549819347299072802272397592396595192645
38 494941242657956825350437254642644096389928977299745357648530944517
39 26381403449693940246583177715149345519531724970320556931218132000991
40 1406183983048062463717231702516415274641279179587694836911408718259403
41 74952547462134869118266359707630677569666325723354997325628209510263391
42 3995127550013890704728508297063577969745308552976569524263105311846798671
43 212948654599676167802109580675913081276349820007676928540464739454113203799
44 11350608692244259872116837985390628567472217352576481960194727293238250756817
45 605011184159164297536193945316867630189849724936248071498112401877203822815703
46 32248361553313359131889749545364857606907138717490735578991492140338414899747841
47 1718905121264057298507671815830317794901655104846116557511137473377376739937969297
48 91621238214635107873898927306659288126701870165161927999898752243141480944088874151
49 4883603631252059937028885912680864001420139025073411252998278753318400222265249258529
50 260306288060716201960786657254348245254931610433718819319450731159177932421910299483361
51 13874869608649298580142632520316075470547225154202065255120107689081249151147162942833869
52 739559570731985896852798179516149309960487009081670534230149265449006905998007446436509191
53 39420071978213278356905236747214367584451849745735155473684974582035620747467218695545558075
54 2101172287216143045441220894875982477024262186385230485260442525884767929752597689089072670005
55 111996877707508061445795207424836156907081539945823065279972569923353968511077497305345427655981
56 5969667833783024753556362707636920668450469587195635109538173069904224219672066744479518506929369
57 318195781660747831513947097021782854082619211780310732272385954573660417980842755480923124453122753
58 16960500698835752816996464848475878745586871915190507422013685205259587712819966211639380544185449313
59 904030161725720966404873472288501820424407905988565114172841717216657367069228868359999390645526563127
60 48186698483844550278806000680594267645234447568050187022749999866102876916292414942696185500061069011629
61 2568451816187764720339560540188674128453046026016406646175834104793459719271988115472383107763845964943903
62 136903853960652034693931320398508291109147035992222947312987392193912615617695637076068004722261555551441959
63 7297261763352219916587168221643733115182611745402751558175878499494195410977847958663051656495960931907143417
64 388959314893992010305292671820743447541647304742645190202172666683733519232984842680955000675948305656777690911
65 20732345028733662279369693568097884060146598665620260218134742632297539783930053143007523205966441216828954638791
66 1105077353675420856098174552441111369309922486913775207255474777182670414408762558295251851497799386343254789846935
67 58902934323819817341819785713127559727544624598103901789195685747233812119334741849830556463938320676909461046542929
68 3139649600470679396336890349498432243196254417202168427506208370146091332671868087961390794451383395434479510815831585
69 167349890576664411290399553369083348099708928375185109158378768929715325504656767441869357463775677622300440723796303875
70 8920099195726505601312438528302078386531216348865219146989352218961778262346889995111999444143570123851937923586177388387
71 475459944356221705195272245536245901225287896579057077658606914533182042036255194200248170730141507314031006904048399284979
72 25343009503249094953156109754839270218519199512768770063384624255730545804892204967241970658418555394628078594064655586757599
73 1350835413804232147883159071074777382926867938365612488782983761624590364481708196737305573981934844469483131213338345594053023
74 72002352954715524977943394895722759228979586853570931502213933633887733377254402455798556599044367936700035908473370245942234069
75 3837876012159956767113880506907610665386204015736718156789212223153985879070235800167955350821115739239178609011770566911615064927
76 204566818725722944302654014279328185642767207925106253592888050394658743685346406809096445444597162661545666586976655444189872514665
77 10903839308766770179047808993371026936148215653014942215995355060832794184168097788133765041105529394627460238675319274511773252456737
78 581197441559750310979973524189202809067634488547858712367231496258284187182242584640575074537399393441785964950010177063178693663287999
79 30979039264088683001627343427772382149875089754953003616953045615314988052164464573056129795964679616092456768605308659376132618618559925
80 1651247588341776506541247583747242445692940310116177771997694659260957359805990005116877207368120064565846303126508381038189097178165909193
81 88014950197802479478073445742503909753843191259950593068765197346859206645316462823844518590855433278538949667946562842059382955983899296289
82 4691380937065294253061922397844681911195522912322394298900022956903348077910042638371487534396517309980245504089471429848450623767710565177643
83 250060416408769964787240750385266428485985050208317143258482194749849860117025849062459258736315784914678700569531211136936628157718078708167995
84 13328743219399141434575343969756302966785359728667987862807313765600221285825290354012483444836277844845831260939081634788223157245967378236010801
85 710449891910393414849333437145405534281559422921912961380780574013302672172254531709532447595188867603678327490000790182428017474780863637617436737
86 37868465211399224345191072349018279607933598938352452011292312474949606521214554607201520289771664807968100230001373450220190146274894146279890041169
87 2018468401213890763239030007438381416051805552512938870499821889593986288101009912918047748412137486146382703729875348161842467660451569467829057544637
88 107588587600654431797018165853106265002553155017197035905672951171474632215960017654823061889535096806076111562305524229959933576686663995689198656593677
89 5734696750735556290972445814891270358602142950014942118268922257701194214401671888508578956143630104416349777492222676981145269133908760900386762683479947
90 305671331470261870082896253741693931115156195814658470920040319358897883016655814992396032351248053251648548131427825113381530634829285547205950337110475029
91 16292921307620728846487435924274559602858770467415638966745905701912734261022360760185414811109704568548047008871052859108105260448819758917611903876426232939
92 868446783869057553510815945147611012385787932041531036970766891583269442423001941652148991657368623345929456107857016290138895787736198755555546731476154535547
93 46290030018112577261887229165567484254555922871247097610825508329601287146970562965172483056081795088044112044809984961113950364686619231373685582931685988549677
94 2467355419904284020042885908117712535778415079849641993317539345844991533210960943544445395120146076861488665975747905331344288793742421389443358024865223669292915
95 131515204586148818913576892610577382831313051534036579309372740727508234150209898090725376840710488165640313595037072092974819285208856696839975719122008459829884327
96 7010035480825681671231643761039862695170758117071720967602380492754871681219131276465011429567142489513798358509541402628835585452342540327697089797258223047734895675
97 373649553274621401813100061596052206492664130671338973229128085114968429720664021779114189448659203322974853597032623594234071997600862202441380095533545006127408723905
98 19916302712619025293478653348555761412073887370366701842917422262687122859814161306244172100996732958114473258938474598373740084937136809157383280878206621451891535831405
99 1061580591397477719075015374582119488670584471942128854476407622443516652423645510007071892110330028721007721111714952288496821444557713607628601759601081681839395575053791
100 56584465916847997012280621407974793000959782131175223218152930306746340067455811805425141048489403572153853431832823435951601718518823387951292030077539828526253127894240807
101 3016070385084981134418614137733991125809648024439651014795660986871626371162002776266482323660260192766301390477649158799837774083361058424083093571779676461561540640826639835
102 160762859919088397846167617384085436651498819572735003587890091508329886289159425483845215974030740716096541946582927907228738466472852516182164377046054845959147084426974688011
103 8568996684285348933798926477302742253266573106272270821759190023423280935705932376358940197431510434674550726747472055358585915153842698290879548101746961350261572161386855452603
104 456745446132578817110787863184298289651469638417259038696111333268847107952863119709745189784953395136662276639878309709146448054920563943839055569941801389063103811072616724087917
105 24345487604800839830686846690811817603295629432279177914003541914156982573574945720827623660189001440913673248849214354470316207684029428123476579532542932678789943948395519201598955
106 1297665410206341472898782789327547953635277728829635905888595931562160195533652420824730317804524748099035414068978992819133196301104071518185096871741179201274934329710113149806260641
107 69168280552899119087781260933543828056757806433005108278153802113004913471560390557547056357214189435895529155683271083548987157786687104047585520340638994749949323592463658242875970085
108 3686814025414933292414279439120164719878724069530169855707048028324882351842422983922208110403168338336397587401394100146430167265721744858570029864229784986238883864059984514529504435307
109 196514898871901251774633273425234846983899730582184771011110572041564972586364454189043599082520614089143929549549742443295680530840338042365087266203173933233264752503562780165187221458813
110 10474655139212586871268320907758082289664355445506595816982037286449754772873041016230663463568563844704352725075894585566001432030570333553654621241531992228418382824598891167887567457596709
111 558321027643572624981053050596289316046978262952515868006493407062987735851641313448082470600086958223618606519609027409720978940293751347066152932088830784160296698149802435766583018312752597
112 29759678554191345804211877167917502960991575837907309608955926163589192507586439958360400772117923758455741913165420631366621192491943589058453700535010614637890229166690938979552017020766962463
113 1586253112096971463214170257633245952820501968994539726362552115074344708285781536410917973220084068077250686020646378733427071583709037799584946820186883622362411591649158879550552346758504439655
114 84550608671912092131995375618385079566313916817890707271367206311193665227301639432793184408334016513050746788051387612675470754256798304315802148668540814858958103020230622374589265965829623735477
115 4506724287740147631373289116802151328164764631880154356180438727291539191715666099615752599561442758273708852191146909367755138436244173757408593522331607570625442864370733760453188877864238412722085
116 240217830773040398952254423813398867985370822874249300195368342174751397056011760240354850276354333575826904308340032937765300674492131216654668379715265360612548059140436576929051264962422677105034981
117 12804112818323856140650201157135135456925852806668231172985155167366789966359958268448665941207071951834136703002656186539675189399781168597788095698434487067830216962516765577114410441612822438530172821
118 682485994219396774156151926694398736939678190911528083637871812263547338544846310440935336386674584015884697882112647510085276594916171331460534969354094020579264422072043698350702818225161015890473406497
119 36377930975354615209414886982523086342222896434691591438546829247709518831622246454401122674406066664587337114007209466805491807838009340871922709275561437421572882856919508989070201776678091476246235784999
120 1939019808840575407855454108682805619534926019082630849715354990684512918159922082493365140928620355958405577816386243933774429780636961339306285063343123847288025297188210128586081138812433552438132359166821
121 103353811452975048235632982149430885833486574481048611840375304093227622937515993236800997624093138324946543455840419516373309138411488918876079350406989826895502239179147706999812320347327522434658701407638147
122 5508974324632792978418067261402425984148941694626270180614635112952989248413495479217025029842354857299145285847693620572470984585755370925861946998566956735830343376403701176513664216602639199497877356876708335
123 293639854039362036394007933630092791915923545346916460994413857708345214427631679946096494910672765421532183249602432053109646940892577395043624665166369610909139895655814488151087166026942486665599736186391572945
124 15651618395590403376092964970825310798410161577456676656893525119237401378347095460505788285322024909770701463670850561226511518382275049138609971632371307703075718655162534757045447498707047478052872190415594217895
125 834263997312659006036594279695233108141012683646758635098086371159490561682672348297677258145594112336251299719466746433823001329495665106334122133234282006672297677065234760881651502054335438092026314271744178166027
126 44468015998152774186171488414591154600542394593088005339174425933383378137007520351875126882373694274171782040294718561149206678111242629509848596095565530615743931962546099346527772886545751259957405152311306985293383
127 2370238261727234439114830421692502507944920948447655671898424764266131763911552554982791492134299688634815925868475236714324662308925370539517764077477022691885481300352246990434361962023858348250311765312456806147113769
128 126338656925668056215957111784319097223441401366856481392822995352624503519938676491715165230880946455108078177578344276166048025763699594261115293731214497497458458700637084996522186496099623634077930454166567071028882441
129 6734114663287166051566698376594860896625909032730075622438731029454732426311343877276429139324943315862470795094344399670187803332320919175644880817957368768183673730330127775338273991919527053686777953813592903772380502807
130 358942396585552653539222183200785318647986088809975214288076007839888222339249831133352610590885887947751147557868614728781809281041975148305835133191641390260000482532806322906471159011949458889011829645231311019257502837591
131 19132380499694201757127937888209145747392559426062256856230246444532658623706706921258905118246741672885601093534356249160743723118461088407051126025425581526884482645378714059136296428699120348387669304140143153225711164049831
132 1019795897801759698779467310849074414203583438784133026426594975208844851174682013599381794388862494726223710264523369371935572035385291971110083118451344119852345602200111570598378823329668692407276525239574624768503734288850611
133 54357254351590982883776445486011187455938857823884519941434244354101096155336404000572666911789484850110205185653939345885200176989998881327571878553930281615227023415403862331082044566555085665186579034051168207327928280829732415
134 2897355350234924599035688745454021805934489159123076697085722100866365363119945975696201674775168068779284413363545806980527928164504443041060947800382566646127951746892605372186163215339276025301032948110041031106164144114641002905
135 154435100257951843857540315917216087875445895003442576573809575477160476799888454867864561719470654971954051988849150046166300961538278762381678159632248476419319940483182620640051634674037828168966508419839107628945616762315613932575
136 8231713859244019064291502756994800907045531631634026485615264068572681279979356599193023765592720189930684138547616093158696850218749037327736661612845186587996036399847412730885399760972914335359897060419166998737227544321274322130257
137 438767566099216819283041997496102371578137562277972975699195152366106049678521677041309609806956322571498348281145243726175292702601724638382927018174146412960000215895607769359298723291127580898832783827122781604313981506633977775622213
138 23387228996600581531448833496775707931940439277410649369760772532377088163556761141379306861459477733632858708666836904505368152886386204949546792864118167024226397472554657614290807769137057165920787149588598295796785563724468599469888835
139 1246588222101522712089593669919856881168166573178748441480996481144719657000310817148435835383167439691005209187232544416153849350624877902519530032767537126976602983484346721237600404173356187198040458571867329465858201464235791962361059125
140 66445759594183315203543499766292278518594047568109819583258545412302531749103594082050358291308238398644152833650247053743182578273233317932841018661714724579988026748146422770719221234205343137794538724151744392877538322469469372510737897137
141 3541697963907476496298156008034344835668051754237929571602630653820055931959620024591522088103495489661818233032810399832000021405699292593069903102441810158490213383519256582776457103577855502494319418438745117406166694845557666546985231178713
142 188779909269702109248942045881508325463235380777751137311524826871894965607549863139151974810641916916025594523569516204057889059807286120613928696852228878823358090213045483264686440817767856117268489000641205365573822554090767370401636998934331
143 10062364014959228615117809416742597351043797793299536960207928175674324620505374507653189158901000821602184952709133735341144422950515106072816795214839466280327246949948451472983943949502516511229771201659376764772379759138491217194772719259949063
144 536345048375317398636907721093387687259394698618027887140364520379160310790966070519258808386324878484896095007319140495077642890118568763306972643266754174254128912785292274532744995481237771026902563217082105007657855104141017305267153202471688749
145 28588312894371785020670104043622886522509458445234379722084399421746589831203154733909599765413804992114563495610039651865471566657049747963575621644133402940508387061967069304390795928161246787993215617109260315752987375598609108765728238522836294485
146 1523816872407460138767944663419458306243731209664342823929263985720442362960548087897074923646094860434804067602902455209193932824259873577008887944823196645544821765999262151841098623706066535263114944235946457648889845077930325952296173930384005467813
147 81222626505210528025502261725933639080413994327778972893349061077199483995781832976590678779886335777653304715251949395180089735152553334750629679040617999964227607974754550204746612430956545517827809557189898781257425234106226085838395239932728699266169
148 4329335877468152876566417172143724632794311414798141983514656955559525660251841625625462216284815881108572686247880173757430921083886725367363338880803871896430730475030086541594539719445819244566660590097900966530382713811265252768571402885050987043639537
149 230762657481047426163376718902989162091280114178680350146119494397869682712426801806664400778755311616401879171284944354522925953427718446080782346625857239384333996177315449754010401813792212081501909392802920088766953781228202886865639329822155409298247239
150 12300132305478979892830657490371303157804676484609718072145598511217810078728740843715827892007707774703279227419761434878187420386181580312080602265329754446851593242752914673120538369155463769407539522451959599252628706469275597986423988447194075880291899337
151 655622778762258725743773670987971838487560786232958445811584640460956927225778317898453586538854046267050482319852530926838059469101772033636882185432555675590039052535125645197464806909463566440885608650700614523503624250163839582232197514859212244436976932559
152 34946065404554783654618387306447301864695701522852001142796653308059875835599941094644991395137087315875757851133755501302173168565610369582209672684381564734266663830518494308921841570997764115837365940715189136876246239531563849863121306827502799700075219562655
153 1862698379035822031988946486996569570355809113548379855405635445618168054739786408270510997261326654932764314862221599105900775299054572454859950349677466957299323408286985746623420973747458410799487785135482224470598387029209891984150618922062706054534775200206205
154 99285719610953797105206588703556861002440875607117272476950097498819809925221323978702915470869658430835782353906230558562709831951711806202584667860597271048631128075428747729789939199175934356189975024360537835445819478786471591280435187592717823562385752802322535
155 5292136520657465140937231752290722655136839265302513718059804431354467247911166118613593981256947145211119205754942702159820902336889733343522057630127932556291770074343309202692020648739874301810619041386691528525794201528159451904728796759052254061019006500908982847
156 282081945550874897096357317010278929041834844976801853083853107241018675157005473189613574934388474709523057613686419645444125859535338698564267382455543780912864570012855883010152155666480956598847820710416265941688418894904360043601253118222535475178231837119395247159
157 15035557698704529090879376618842440691873424057503674382874188351803235959510392722839259997841994869183911470789143164400477294936611869701458635238832105579646406189425034041236212021576231939311017879547982894167265416425789507314504159250633754669260230430907379533845
158 801426673619919908151227991781273042823526038769645705590573394819242543610731537032587666121898147187358950937775619521225794874613371032965532290525299238215036201548444654479852905163844676902072794220078579907217643844119879318833004453386009618028042587377591820061253
159 42717717962987777256947330453374444750078130585326689424513373193835595430062187103697864537089300080222045562551354518770326805194380596816136611729210770710927595398055836731111264245425217142660624048368273413080508778564698681593290606590516100502189883004941911273694739
160 2276943715540455782889483008253181765039673531770909228964685059659183773008094096333187709025839319381848594780742053255962627407989827538921584685861352855538292327379889829536728408044167768730456889442355652187647146138425660073095412280929496447050337507832918167814397231
161 121365862479620197805550370174614802149032207706948821221096593174107891252366989976984600666422128202985681785648424448804834944067888852788625388776554799433535938967212971970137172503323334700166165961706078991148033349978599468011790224152587634303866434493052859416983616291
162 6469054318246880289034761587481558378409244043013335950328294455339353229130051195687532318027196111734223483121501704351177696223890912104429475326002400781543776233803303067902606917079029481263174887557220348149818353052065238528566512713075671366070994814457241144336729207747
163 344814125796336286913143964586224306331949664616804685262603954923762705573760938313025431605006164470850901689944872221840178257858633724497340263954546499379311166821104050805493081038753056451941910489757185135667976287717764051459046475646273869906528318585962910137124288768635
164 18379314116025657895602132438625217462920571006297712264202313661443222088672380445904842954098558220074447326344070700218043074780530105913577781927317876402822482888343752685455599059269173871130196446070480250430276673513399812295281292785179099060986155154706956211169012580397961
165 979655884443261948829664840785095649851215275808176242251804140873050610099669024027469957723178765477585196090394048242025762483617096770829658207274065403716986896330963105272097984729437878758675761430605517283115932112953448642532036801967633719155500913310078526950016533312729659
166 52217707682980764196475236732659572284469098623415101438491445121728665537306904345403164348704577217994230172760913819669785586743368274041414549817546702287576456622241872918244004721251984640142655972779480566622477555347145390591282893132474476330075802554072694903473357658841269933
167 2783313037735494852648017194870425598566875935954733345332593363051230618395602990345037725894991751710282883731029495696057845730431261092677541641385010281556035764707646859863648927407401844675136585978112325601017218805813540495030497968340314721311164183040079721707692242935707105589
168 148356406471540704156320358447633413497285715755815838637818689856589060055972467102626546022086763265028071757756222719433582247253116768189070020539031306687963374137948091563001438903038404457983762183607048770895295109783989934845116017312940531140008549737061290818745130299885880800183
169 7907706766270188279289447429502083052971002499792720059065631212618986217759699968012735551494725600724347594320148018194216024565782256525108158300787442337848396777197756161125944191058308949095990593139874173734643284489395171848690474348886379326239527929538004632454176471581130412653413
170 421497310352491146226111395846114929626289952147842130105771572975104771998918157629901851184518817101263408240356649942092721485856676211330554361032832129921793306524786987914019647200785076875127585751051333059896257516449075657142394598432979391478862917983679820245935591276791112902748253
171 22466688242940596180523904829397859107099164685972110389005649259612482048298938546970190643956713698767268232746503452653843755105724580029760647512583562309924893410365319553768181665417339357908526523700521017860482245938646609604188753207051720272319191151196315164094633516971979724682696509
172 1197521474534130468531006871923605847269550274515818637744697974605986864114732674236942223100145270708141538150730997284287342565305402082931667521823587987399940671735090612759641925886484803935219590422235492997064385205885432279762366817444164099851938853657595069876826912991296071249935595111
173 63830399321137268774748769339398068195129117223372376651098571259057970079161277832316646024115519998840459375717880097021489800778439674634047635510976057273867287509630979965525456887307122123703286506269425560907213573984579095826929030134445883002788913273606444858395108430749121344923830553159
174 3402293791082841430318135435938830046530248862746259530964615468412555106164219321285100348379337809768198028367292113476106338220980617155328737380267260080113500580199410005619079497169897102258870389317555864460716619464121629589148222519478912693489644834757403700209638475829236547060266966325005
175 181349375281248208666183940332140697805353805785418693466048855175637863765225775409080598525609111348209823117439708720478926709756402657822712866343245142807852821876244493543681545300341907390729331511627315550371036250351348983292243824139926293699889866258601003817718464422342366818769412991287349
176 9666301011715959893237934533450368496656878400746849358300787830401044111357912931539467489149316126928016891917977978595773437888983010554939617996281531496972509498725603830072366576943446663152875099047867577850406643214645216584509188249887597568751166977269155729151348473569991478048674009776373049
177 515234061899536917886530924753470676926179532721120252757195624469031629344682258618531538275720824846668219141862784701702515579403139459903024303256225350534219515172966034009660516222186207719510192956469735157026262687120403540674329043242348151798530675799509244689012195032948389075953233595516503081
178 27463053159604673068796296702987406734018382677583370704774872340528045595670125281859322552953468486171804297513834893259856980412136288967721977319799917829441527699850441616758669877311999629687247852997071341355501405901159207329347636113542391771421271774458209991723050535188491006745313106342349326273
179 1463838174958110419565680244529392211773568720714595429268894387423505120527416487483090005357748375481961223545407764165805917245809314372546271093500122507687742993228729429675100843298232043694375035941707439293452308481538345624000567430437836081761508075648462398879932718903168603787867907981152867022479
180 78025636480089642242736845825451231425712529668812417714050484977584772528224558373160587945905325698929725706015831009555031454689853391633712633226707636381348004966884116328615981553104117835385897360673032034886818623289299245705852548932997278518554854617027734749612999557834517204656958219655815828701121
181 4158929622324756897001357494788421721375392100329313053043619413451718104247910080689293595096259589590028002930202140709530261936133681426964418462459468072561843650647599921892151205505464272551388105744708176225846730743844404481908797716215014992237851645304568909597413769683161273727272387167855295023026003
182 221679647661241009348514793905561700057333871702030475491292572573057287561795282051903568047677809864429190616335651068937682544140345154761092627989081480692296904655638350721865833196870331507834650818337754726343731935301829370627764146375636915744133421916081452195903572877427642053740475804801059303483151451
183 11815988884116450821931316663154204262149736834592454274471694089204894378976180267957086183291079056904211575247802472116957979951223642385459604854349624290968655901658569768876427451233084014698406663717388878012662727615546731740396470005940304943529719506979779362995765524610302247373668907688927222275533844801
184 629816921772266948952203008372498345831160514344788647844540632795034070611074477358412426614600514853011294366567879769680268326590890340628901601239210978070000241486192526214668689897610832649704694620426342138935670020012451645663621140259066909510448928690238386190258404028251253631415063926910160253397020655275
185 33570559251618241987602455429297288272195675253984477481000042502368470135191059540506736000505764134883176634605770314372042604802714916522045824041254169119488121004377297362571495151387690125245975560268518587065468461760194680383225678459453883998895901473761451335812910294015053714099010102328472638326133681547735
186 1789381024084189880905795621459061065227940309210373018740748696109108898145875380120308497261828691017109629003841809763076411944247131361976764361359521117694577985187406426919204590338035342372056047991225202050704208707510525473950698588828621582860500877135077630724535775016270997121258367504091698533690528323587703
187 95377751241908186110293384657768352258449542737656358629389792001186877300511871008278028420962725404151752938513493545245537822510508338691917094092649400340650565001120072266306582684220384728973009687771316558071719434601199806231740723977274367904740623351123764597855517368100660817032134199027760751984678871645778221
188 5083833632704999105777764339361857189096466952548420362453320288850867007621916813135877140568213452361295683886923923772816668185180176733467746504875778830954024432505121798609664400878593398933313901319087364924448887410399224522810507431935473181609349040945514915161362708305133952099143243015782768741678894894940672621
189 270978965937983562113582360927195959219291699534778129586154065981584709371286200028768622093334272281234083409407681835418784295106565081767151210563732285441847806180254413814024509237868069470307149897803859320657721136475007133109706929932796764443445114636498746271602167410237810675540217334798963392385598554834321379959
190 14443745662414317928024818461726425742981170726974487478460492239882839009566142538952512719696521735146830324975414979708302195063434397277288287374688209145139527368789210457942611046093776610555271343168115867975891484022058305556247938443789259207937558218696369958062619530588195868484451951361377929747138319992210612438327
191 769881854255277341303563406038369119362906749608346231485398223050747803456615260702160276662321297850086143311664538126597947259987928300258908200031586216499944681351399625284705637636959806523670079972435623837207750243399550918460874931270789018962874346047156946838399044366026680484426353485994944617950384744159868798111167
192 41036313111904339309240667555212857740406410952097506005186059032420357705758485424392324737039378169073104292370765137331102091809910279237550702105605166683614885696696657084536236219654761479110901715376295236361775409123257862877764464096803966513640562040623875235273817043964047290050775628729576872884772326174808357285201211
193 2187321320161779562139789466952605581963648761272081913529351977862825768736444785291205195100269335585288843872447699965634650628225962233292601579384607050298757169944563897299330704076781481404794578188999011787859118952555257385220378210263984103365706817715651140077229018057114728854367870599491601621660933531369199979142906827
194 116588801352291990380785066905959396567206974866678610932386917167293174651444420007884149646940148461767838106180699315875941725564328314071274595006029822205910484891231018155495181512771402315526191215676720149391022479835444452064921234849868930537080086729294841807754062347583164602791342637935964485660202436216532208034121554045
195 6214426968488943988803773316352147216312620896302438648667488852823816113884387394441749787941559379042961380662748015966920875976964182091073548306448447572342282665578876557269997709486976344134562805165624515161875195186724882825899868208885437718583550963903386723831649207460145878357765807532818018433877646523035523202678130830903
196 331241955477257190862268653484444527597624881981416659718211841049902482427660794809624450615241477757603641485214734005649947201878295529273951259933976589601282036623966517634409123452356816921847690294061567157453969383142910059023395376779509753057064433157162610025985858585063570239105555623023152854913630371868837261819126319059353
197 17655889050551715211270113928484689329394326343804219956995683980004364200841816977147428469898663876974521285842609682925724479285116862535258400339648597710528433464156506578641370228764100709901613829684052304231475304138358247412713695133409733404809679102127743204334540713527483687852006656271687924582861734229977240227956874737189477
198 941095815342133222383156324698000556540879048575473410207258505023944382918963293273027148803113717551245489924959208080009982742330884891187725402219451932621839717968008893704174675791584714781512472637280685536971664123769098261522085569623838347612311258216356252701469726485277534231170097419100369364226794541742858607698161290449034707
199 50162375347889896664177825708314251407280396862931827888784110633508407320114816983113041345890688921369188780122700416313155345256218646997607198546729215352887642258291828442373305834364489448195578651588683248723086165087174270329306023119952600130294891855160531907763803887309679496465845897473362960125134783522522712921322141465447725105
200 2673759525354822738319743193397481147589506287894969153802434558710508726387623415191240367569950047339972977550807750411392297975549500269118525826257245348039004570343251873183172909425320956801819378199817480079631545886467806708951851506557938816493234294780141909143669879274098037614396104886003936252990491943852168369086745191532693543385
201 142516975120205756410144219356420073940980470366636517898273823492186271105098995451450475853173048699574833975191656151844643105195766112439948698788505812233642152770124169679592682612766751198593153349100994611688534686697059991317889679487366446129536647767604819086004739712501987009765492765003543172786776304613615560980534495779543390595689
202 7596452861525739630951754682274470749900249372690171473011851971847654755510297874155185250221479261905886596833393302699542485056830374157756973742004551046652493018515103192240084345982677487786249947878926909678441963457653208903428882305848323905214414278518723565046044801093967814370072569952133180924155498317398923465986442245629148644267275
203 404906826212880722791761092372636315308985830053409828433222779795244140142192042284508437501529340057501372878806935204352742732799818794977451528171932200236872867782209701058791471383661502925351208108836542596347193023647554722078252547812707193334799575392295777056923384745013264605185808843729350209777969791437945633927547899426002979564772919
204 21582380737745919216807352125199000551314834006031877920683929543611579856674703494764557091025538944933385162052431469706921597644165712696744545968577361554450745166567887851296631364573464030402951953047823604958451736835916293547794190831684701598468664415051474575124194614125905349340257664158391750185258407052159684657760720616420027846938250801
205 1150386034895176298272347262032597086201686165941391682691774074471492525309350628336244959447957220910532117815541662843115575961597266488552706486461900138223205777283901389473624805650760717275510707776787292634810736802076939192875583804512725631826449445807274960718919453576345992171641289260664041314680817447291822970508868465541426543728943804101
206 61317981800188622946235519979465145025631503274639031049519441464020625570308265385959006020977875638588597880825238555318765136740076555791620691320101775846209821098062912530383852563434090399897632593227140709734447457120687617609455571486503649386982804600455740039219198492591637591156095804805968472402138845060260931418498286323275955820432003548725
207 3268376682259417847717071796949140271907065681003068223490919412879920600663050510528669828689775973413898821736563151666760850031070699904088553119227980736601785702728485114129008478475049585941625925851599107910255042005230414587515691199916089397492699423738350270841904412717636694140940961780924744619521626364952193394603095770854541544682277146879305
208 174211313280767818122072126201784345856447958457704227493731052695121728423956015375514821665531357587185213512852115301522316302532151312959865032620368997130416743567845980917890055963867708613643933412219564463264532677100788963392390674239386944648024566583552521443769019381323877069316265573390830689464849967307107687400938431783448320023341229279334925
209 9285827377164270263496240910053420156083118835409184916803107739399048115594747031642152070856795816380355611415344285431903558374528572194558888869508115483690785900385271229393536839259263028188041646374121206971093782174545583698204477992150915224463937708551735186777426953341488391715340038275282390143482557720550543767298182433946899203361681401298588735
210 494954021381644199507055566291832069821541973676799456610173951299898093445755008201638003109282863622437820307317424566095771667912973417825265655164135133399592681478733823017092424234485020143471313742558785985512943030810306228607638892076670976305174727655657724787044809716387871709924888654941943329314676440574126646042706501886406941655360333320906842981
