1 36
2 324
3 3132
4 30564
5 298620
6 2918052
7 28515132
8 278649828
9 2722966524
10 26608833828
11 260021573820
12 2540931306084
13 24829985481084
14 242638664618916
15 2371065485035068
16 23170056359958756
17 226417834139125500
18 2212555499210875428
19 21621096481650123708
20 211281395307620855652
21 2064642190604027927676
22 20175687352952856936612
23 197156854595233091170620
24 1926617152312129719637476
25 18826906420290629821964796
26 183976564795451371405963044
27 1797819335706477527602015932
28 17568293915225836346750618724
29 171677401039006469483032614780
30 1677631884446361128152351337892
31 16393821916441894775879473339452
32 160200458467504508996845990679268
33 1565479180145246861654752217398524
34 15297865479987661370240122503232548
35 149490770118121312732784320926775740
36 1460824085539482503617746060155742564
37 14275175699516851787001794810591859324
38 139497043668211579613606790194641541796
39 1363165371956125154305653154413954647868
40 13320854567498837741998903216217802624996
41 130171415779013713310320097525428373100540
42 1272035318759164793509534234185098472605988
43 12430331517002648168881035405730942721459388
44 121469222861919152335576978652819188264781412
45 1186997473277078897664774340312239758255082876
46 11599341531704838046285593999600807081628534692
47 113348787169428271737164241911862000798852887100
48 1107644560483252932553379533035272323807839341796
49 10823904719282642997241203960445651552299998114556
50 105771217186310037779012689168478899189605907158564
51 1033596532418018699602245133327920072458065001369532
52 10100307250362485242276544196585374006763444129162084
53 98700221364971113269815044562504073204901105404348540
54 964498748010332423060646959828520317172750829897888932
55 9425083571734003294429336023363674610441445864024595772
56 92101934312950047161994932739058176908782894545495886308
57 900020274581642479248792227849275850671314489632159600124
58 8794999808642666705792775313473336234479064651407804965668
59 85944754600089624012735021714015388371213937289899939420860
60 839852302897273863670571935092489237269604534372005674041444
61 8207038276668937012223471025449196949511082630613263141405564
62 80199193408591020770411318058831295597386654524281826466963876
63 783706668174473984327842846341753888177120208199740933439735868
64 7658383029016121578361335493053317222779682435905768350233528036
65 74837733301083649550040576267485442792451064296566560651291977980
66 731314469963726686110110313025700064043605518031362946961409421348
67 7146406369987989752610726528072875390970247926786193688759999899068
68 69834696430303167045396668052493228532149460978271775212823085833572
69 682424784293478960468034630240551009162001095639555203075933945380476
70 6668656270064630560603620916016142358396218520295845931281396369182372
71 65166121559189188641023414513290953832414390575579642807184152716440380
72 636803461910305508324014108654006783855803674087825919703648923450655716
73 6222844622303090327871874221034583176424867728059129403053928325359928316
74 60809649302410327506702447127532333534403900919596512397149424497551342884
75 594232006858876518639264427750440670761344497378852083531996529568745631932
76 5806836283818717774951479339724459375961942660132214770086168731285585836644
77 56744415039699377300795099603963765086445235292908137468563897689316496619900
78 554506530030868537009328343566907903439354276300402934913168849807054432779172
79 5418638849863161379493070583988421756795554215789534634422090575605800801132092
80 52950948988124352730311836301069744483478845058080045759684970133979155619102948
81 517436772671009943479513352303906128236720645049406087743469584566501102196547324
82 5056393111523617145510904839730130476802180954846506416061945788623762256732785188
83 49411082954707669278865793009384561705983342762718697523759768660063371597702069180
84 482845195163500956321392865026468613044190598931747595768614105797211940493929338724
85 4718364151342018488188931999178540003014296475096599183169637939848570886260797895804
86 46107863322800191894221537610646316676626974038881619865642648068767736462941624789156
87 450566126734697888978169729726967003406725156726538628324033473478262250457228297931068
88 4402933034208074476029208575668881237354453035525345473176656431435671917474211779771876
89 43025469855472444568583257575634089570018281510060336665054819064053244086729590002317820
90 420444971999699996542065330423948410421947660184359557637483132527357621944334948668233508
91 4108589053731030627139719543755823439801204883907231094031656629032294912346929355322754748
92 40149139927044936940032131016226676912749881800767227342698425329026952572484203524531500132
93 392337470552721938814676806653423564762634241201552727641302799070908939349163086505973444476
94 3833922496955402083681059300992939089435978071607873275941949685831674901970983509271329887652
95 37465097819876759654715530631081247206644147893267973303665812955297516649490861563912947430460
96 366109006055179531197698125329978450199853889966653227029020546278292584320747675091786463083236
97 3577617892768453727318093011056787985718663014913969817675236253597648227734334087242695724750076
98 34960488747790836626126645617664926440507046484453829270079352234234619493228702858568215415252004
99 341633961512477758159575985661632735016953555150024484158770039533409035692703722397338020870771132
100 3338447711663765300241816094865980967900404548836823374505518208056683958700996512067899644595458404
101 32623317290151685204745065215586197826701007375404763309655459814222615117398516963978839840100788860
102 318795117651703353649293924233056404478906226543410515912143839459768558786971728458952442505963176612
103 3115266486686916667685292383976586075347556403472658515317716716286782765247906809480730789484385476412
104 30442389941735643100746689132945769975076245719678317477549157805637387712283314162780609374256682121188
105 297483091518849074095990071854684436821668026074789590069228135266569871652141574076817933643010877616124
106 2907005327406512097846930520806179565337433338186545681030919594264619935626157544891629957582039468323108
107 28407261503245444187164354866611761976851750407154527410509377913711980832062034104886114329686303620160700
108 277595812606821740884644737283055226961320054420461253343232121919656349925168484615047698135564866201890404
109 2712666800636093819485119851714266352852299593739219457849440806151676079192108921506891307534977884778866044
110 26508185055715171123720581521460267157839454878085878996225063404632560672011176321195232005257978338144841636
111 259038034005233756527104958515491742502006408534074035464282407777138054441817632475064856367418027102246865468
112 2531320153388989268313507565412885961627997035337783842152405724692927870795859841371370635978502558066977420516
113 24736065279216076873123323717355844667883890486306733838105074078296549925452646665384298719354511813509789240060
114 241720876230708974384594470105959659807186830925320666113326946164946914730428795222770838281157599251803952594468
115 2362096855187205795753059286557286121864448454342846521189335518874857462929284987465867636460479450007726007658428
116 23082414892290756060668518510858631422822691026667463739722767353644069115456989319451293941691382759063338653109092
117 225561401552951847118316992180757512188676219841227942882678414663586470714875462664373821721079456949604013092298876
118 2204186438374981245573464691858029057001566125933497806832789353055722348478146217474696511631577433336884080177978532
119 21539314003489371535888307704269229480753112747173740560568541907649908184681102840249175767294398283310476724850177340
120 210482216777883311947889808444665175604265446707709172484260488747480321849754376633044575300659451916372635011216208356
121 2056832616514843972996128200440086177877882560818716010600042873330484642131124908880500219099721191680373264425176163836
122 20099372180328683959582732503504965849405522808513366046789345741665567201245321478088967506489019685487634288542343301924
123 196411102585437395879456519133273590208926160163822434387482288678355423508125037352412639942182562240199498000863662355132
124 1919329662275867147159028920423949902105321488099886385700833026561922852174431553139471429286139948416342866546992166283364
125 18755693054009289868195839895064165840651422447132881030059375828040886291821246636305234042841348685697377556006549880855420
126 183280667646791782784245891800618425421901789061263054702243137789706674983940534361683917319821156161675038717508142694009252
127 1791019027466598132208354731066032689553102610308299029363962005750282789321490918342860282003936533550056895220510971063836732
128 17501841290371078060880951340118938480021307244656132666576664409776630582729113689431256094205447995110525382815522969374093028
129 171028025864482681083190207968515931005597148367517870979975764438539542938162359563629493652212689543615096468324621010348982524
130 1671286189024856555184520871572247979301312945106822988780813435906615405327036590926749357043874209038439756557784555481349691428
131 16331811768899629934031447091672536600247276615764838424829238621710294943339454185430689003656064024899456164515734658170658815420
132 159594495189597650612131667549530926851104287432131346807751863607933859512809556948616586755690213765432740730979666574101050672484
133 1559557705858778597525070977944769756159179842364266753787319636226748915320831676209614186268719583120966674066587516417063651612284
134 15240000822171392765430200746798096195537726816821358129967493635199031754375433754922357007887632849145440525960706681698487559665316
135 148925316573579977249431356479441821077004836876663738384194594352468362314279791189630556851539326343148245696768723301678599336971068
136 1455298472443323036558582512312282877500600483841444824666530614254763604404572498026867841272280995584885416352927476138082741990697956
137 14221179397993593675151231357681809799582547279735928210721501624572779300678939984019979571776619035315960631520977557898766969854024700
138 138969391708609653987960554786752513265400814270997872421938150499243409054613469847897361194275437441456941950495623423229443764505896228
139 1358009156018783069765751326362095928324418389624145458112661635996804147992600888518631218275710383432234833877200126960738677771316562108
140 13270468015703297919567737932542025052383792514613625570176020189973924719263248135530175066701508968457099869243253915489372130310411428452
141 129679038300510880278056101341617124436328696985260135774584282457751522135984518828608351114408074051841280555149391546854229300158726967676
142 1267223805117180108023804259567284068171010156662497986678314864755579646864670729488329761458070706948768887675724260029524056738021059503012
143 12383313396682850624925173639140719256645167359464356224166452122818357849879563798428327162665880887814362397771174161762513872516326930921020
144 121009761702105195577891258915740503005044719074157942625691194973934980586299153028851641651827841282572759723374224659033363916823343526095076
145 1182507617962962943857701764403456901975749901502165094192605719239464492250735917736228132218115683454528008183862381308216836614860855615993596
146 11555466657167330035500024301449139885672712287633920724610368571946889647722505258752289754577338422608934973341995498481984835761589289462788644
147 112920041813285075064207846143099055918690836345947146840402785660542212217938726833440449713733334447243948608555601907603231153999151916698751932
148 1103454860060127865280286015956699936477526652353811566549106219402601658624655932062817469796138617848376215014007675001851724664851599610132807524
149 10782962958901985617312652021806510630228503139740561469955334985502111698255950530689706771192724782965210981851417202129130197465377772711075859580
150 105371134227200307407075740048391217694783214708900437370919410207692008777319584652832964845566309198436806220197497123398211476140936304500240765092
151 1029686920992379554070081316270625267079873324121018073440649492458586756171444024812886132046916703787222336639955461931830763867965766076969738101052
152 10062102520189771405885985598396183325541207988824393559396111494552150212558049257107751874369288031278204028397140115769359864833932191192664229930468
153 98326884670178930815904865787110513375994807987616112272069432530570611264081213530430637033499167898613576272689075730280989346757664910195669672022524
154 960850501129690982104321696477461447229448391997884512280010419901650921354196757749443984876059390509410890658814151643858564436327127717840395633082148
155 9389432896384453633356680271806749759011994616125336287815281428551312799727189772878716189234663280820156881974686759319072336638506425973896315899633340
156 91753555846672698181671622632144709982378560073404085018607970675244629740748726408672550263068583402908795013815784532783492929787645153098774727298980964
157 896615919556786236398107685691910812698020225413940899750904300285075173551509713220853458622938458062154862568277388748789554188002019572399766209493190524
158 8761732444964576222199125071025282419889679758672500877036651655032891352177622128525317441695500037848797948085261861843283180910570473459212131576837324196
159 85619665859928903607413083552975176866410234640430218850392316601940902791335726855128250355175238919590919078118551815290640339760250973182536252831292279868
160 836675535119643025015154418230423556491836423940662396829875662760955234478561529864106944606581627661314534482280927626077645566435915023497353202222167188196
161 8175994895996926431877741597898956999013277847662123738923924491147216745768148106243637386410295037239368850367667582103366417153672053580280450190468331711740
162 79895837434530474450473304558123444311244019236995412366204661449487921389706890810310727915234265877697282940256972271624098841893161609101116713668485642570788
163 780742273027872101772673450964570403435524877435004051161164182050600534337558021638494358430653384207797686138414684002624690254980713057148918448067722087737788
164 7629414954092227426093728305912793106055845420941099614378350065162750821036655548299709207754376035753407152239477856769382406702069904319424702364723115254266212
165 74554657218680036465758929953465879325388001101132047144227880532183052619352514771634868984130295782793906440973280216431710190663000390827884704635141602744074876
166 728548249956373672010223489817171155306597867061159323213966485072060568960437795908387048332380741181692085023832348099516223216868165447273635322609880247133629092
167 7119374862895949954523351228547292156467920524459167989622896769406469627132585577732639103846624603605086057970476466497497933097593815230075372093086983485541021500
168 69570544492378965435634181636214159857467951364316936007284266642606439070933187804158385562324301745475641617389252954278282585471113982163545469152638255375347687396
169 679843491061417220337695783255788252554532418713976280204652171835793194254674038912950571939407823956971025095636064899091133243011128021038095695561977007302332303356
170 6643431867767041838487043436179100859810241189481935850163762690482447867950216174392555664585594442580973576643325678438663074647469040445456507021350088015821483088164
171 64919628652700453579305128398900650427258264059733578989345563533277408216396289451362705447168644980907057041928949684036200222206025908647564428888107244086408326329532
172 634394732766500487310511891153757944382118010383286138680836046580262115964956589872279091943827961479005944541498538383134245548496656509777730633512978628760633792566884
173 6199306516599099917463969261904529583076198945499344577617049749983554377017767015178717546016083836498180705453336526006042298366990910703784263821985477987330071802281340
174 60579634889392093244377519187104730081252772275893356689617514690855952755615958088498543902850986663731916425488719325468854335454940139624294134439684514315503184314292132
175 591984305584123826678585079915297675896866107688834788654388064599612827787562334791339372379167847263072912214935874268084890109600450607421824312972703921622574165829837372
176 5784871742752656974531905648823017673890493917266462394922858534305469672595794185642750569336634479929019037258429985043307539180145675006148537829423528966062277612356705508
177 56529777503269740799707941178069622302033039797665068880298787102164812465102988024574183794152965112062334463263499344259364249666397017778572024367986371567214163745965712124
178 552409091622935265102404485172889633235677510767118208944212355712147301044983338042603014903643002473537450648797332966333316276168619095490509814094767739646608469857342367268
179 5398142677813051026529954042764950497968056140866319471822750467607642561913580862173742958410237445864163943577608670498554108041858045837052743662626608677306123203479177494460
180 52750660356468338110600640648339779878820487420324095682719706875138300568509589427399936363668895874823353971568127379888095393146415075061694062519755482574608053599982844031844
181 515479551787395106898247598618558172691408687933169218848043770015229595510642513355314384499435005272686926364318097132786400028108269275634001763765791004193015111158061154416764
182 5037267145383726118553515897024062541059649718220972259135844987665865943794952573779658993129758307501675942348681539901993255591433981131233690651186635255227869579538878570202276
183 49224183977772246021309703683841989879359242645232664224317769624141770235616768151312476310434121319246192249463679773328489011168474561135962575997863495757190384041030930419223868
184 481018818010889992811764549757973138180235872478907639357865326013569081266245018779081331497218234821688003435916299027789460055756012398920784048162258830266359789496873691769035236
185 4700516790386522968673693603131600641430283685525192062244705350659558651101293988754144930744191127207613730801515132025742192479294441654497073617810485183843673075973239444428701180
186 45933458878121072741669455037351929397570290071030221012397374945092316186919293650946618260219483581423494997585670863949690596603166709412418401217968231059084086361743149587487290148
187 448861846174693524534279682173292015676109786555030126389434660188100774242896702295363061693484025869167080203824197919137690252883300503682637529983924719443800873067495772129215777468
188 4386278801384175896977043043457989019666364171252968738135012762728000722428832201437634259505690481583755942271038126743118305622478305027559992015207553141172800567401535698371526070372
189 42862724661129612572336117291958375028216688445122294602811924467750798655802393788269620114240786986991310402535529019144649078812661749258968261807475987919575195764606943416536197444476
190 418854625655815627531972773690046257074387202841309615773311015992522776544680345253714210142580371077899343120638361689673720199469539581517930975699745229421253546601857949201439859044772
191 4093048186280416551983667103087008327479658969912938238272678082304740958121855072331620870197494638012997049496595630356675133248412994405589621591007485668598886663445154120217404080158780
192 39997274541214794541436664849676536517383602234946605231719726713441877220804241652603259050461476565208175427014891593647341823338908463483270665792685399601532710738674399931974166573209316
193 390853441717997741331999308109397801761463716945457398689644856860203757931384397310656399112706306561133965103204659965840658457747037165448901864627449567593673178164076549809106983343397116
194 3819420564403397620154752411007257381167497659580672122805456704900938810595577470585981281634231653389975511011072560500479141155150507258138672521389720448312012430940749248716486817898856484
195 37323384907821400925718284823767057571704909652041904566584285471587881821374739408717917308624072508556123039883342245915182651213691133854138575359757530120308058602379323138172071196766655932
196 364724187213194638741044104129350544714744034257492884758761659728655434307975203848865315015254017753437647306583893979061259469488796385297860258700656185943644495454883563535294941349646937444
197 3564085440451284215042865727537651301001725461007918877547366831356155195531230369432903457464305325185140643893822726818691662349812466632026799941390127683936392746775167321230179500484916440700
198 34828249598405790700578993753361957774442051659997193035915895228173841939147831617575554251924310363995295315153043267256873172214071576328720476250883530291976586269068237771108435209138317598372
199 340341720297048287125854542556529719906841862727874096864506445533638398984251383360136255281595750101726560739957603218001304946157037740031603639463037301004505735998448607627430633294702496293692
200 3325819928086661669977452043081483425681955870086648749078580158131936285556991237550592157074461526751048624357697116190931876341158556224402994319082807947545844060754115830648435743732067648050148
201 32499918565388698924241717963217961043619412218218647077490304393047638353315887012734878664439927793040816139055177039484234980398859665588053693836354439810950215836313890845603625581516314173027324
202 317589265082235748126929473078419770371630063959365332863450386425940786459790862289476559423945667402436394037314582040035402268293553646775754700370905142549902245470403409333858652471894644126698788
203 3103482893119928842305323588304001941564497756934394896568070597968776990817908841031423609690123207910310540741798277966578605186442774127476657378043703290317522110138670812525201670212645315317358780
204 30327240643332388287835405794402984112749914558765959867887371940545257461479506903871940993504007278184179219712006073151939829831347871640934174754029874482893916265880538025770914542676362738970561124
205 296357852359217125058525580678784801941475087063212819787944244170372508186459669850214267612262601565102244927930487469072394865907513298520556033757804179828022813603021868533177639926888246344867867004
206 2896009488231399716189756517933797012003226982990149499252738222587554500513302285505893651812840529877914543570691289281973065567006471824034906274287487484313523954442674097555703064683654356925899803556
207 28299810142234791377385014729126349508737795768133090654324789518418629407408809102362258958594094609875833040142438332472834982846181030482137296612068712169512489735633152650714602032397538970046483435068
208 276545797705805908556958083805184280452077029653582203206539826031554269475337272699914124722780954350099188918718526185817508024503913673415091387441305984052875099638652589987192185580169076387400520143076
209 2702406053057047497597918745107510890867993776971807147420040612126073411339804290470708264447461362532581081624194528054318568475388878041780357702509541278547476219197580658050538816993089372620847920353020
210 26407917011157851570893609190520408434123007190846892183141968821008156291033799922778821412248703535657201630841517494367694156935230694378602838078309282255387737215509556158709620759961954182180520882166308
