1 12
2 5048
3 194575
4 4331928
5 78681904
6 1289285440
7 19833096240
8 292113020848
9 4166458573712
10 57969095029904
11 790685144800368
12 10610748626178800
13 140470975441761744
14 1838307497254313168
15 23820028631434272176
16 305999603388287563312
17 3901317494663111850000
18 49407296916173216025360
19 621978900079973688850672
20 7788095483222324204439408
21 97047624736479771608765520
22 1204014336969784131091109712
23 14877859170347514544772972080
24 183171774963435980208939886256
25 2247580216856258435382920309392
26 27493142107939751516874460782992
27 335341395652015560963079363169648
28 4079375073636319680485531074835440
29 49502186955283731513630084194573008
30 599310422062502333946125963216177616
31 7240045304741094482081434157085361840
32 87287460618636917765445831456584388400
33 1050357717317627244461801742997092828432
34 12616714769220952758525064925872032264208
35 151294686154157828299193484253152805456368
36 1811383037463091382702548384001355442755696
37 21654277632151649863751227972499567556348240
38 258498750519199801531543341052069575059666000
39 3081672060819518767085552798719886480478746416
40 36690792441822127157781042239288318796377157552
41 436312606844141472572412232594714753584862332816
42 5182433876058583390919221693969644016953965246096
43 61487760429609520349297143365024225171904605433456
44 728759824075293095526684777848976031175679150142704
45 8628622810005376732417389675136646245538075873140688
46 102065506099485652958333237804303733870564367568443088
47 1206187580288336471026369187543603245932923990400995248
48 14241831448309348156749702020692565727495137611861149744
49 168014865716738597090394396588415992081645922052236145168
50 1980501859280436931214092026866473096818182631542650844432
51 23327188715164858401413823222416848312836187204459779717872
52 274550521646743176283785004440691411050786107909890787019120
53 3228994011296257135831023256757612059588294567799103334702672
54 37949755824770620679236209178565750301048576180679209833181520
55 445716341479858230166735391850730115569982571643904006449303600
56 5231502105015370241796263766453964292024360992421972301852858544
57 61365238649801574133417318373881858299453053413314499799117350032
58 719376112700553037075609141071449905008322578061186035538021739408
59 8428223965770074700410641110874394759984059087650585527663329603440
60 98689523895198409345194069324007684865297371563106282571852892018160
61 1154965509531708617711413672263217316911989964397703681324016276161744
62 13509448059350070881948110837069444639153500901731351584604740606280656
63 157937083791289685652224098798332520975198450845206240565207500522371248
64 1845506114031854359753110143386867226265617589951009649134799034283008304
65 21554519793622775322196780609392085998088398754970194895312655051966283536
66 251628036501236878482274648705434031668760861213342384547213719452696386064
67 2936185969836089752382144997820248400485790493005983942010635766694477138928
68 34246620083969504339030008584714906266538333199623979573921071916825478093424
69 399270313541552423472390148002297852103984420277889117539269490107453281571664
70 4653039704805277001651452234392943189326655774227324841313049421982273788825168
71 54204081517341200584443065162662276654795073508962664223423571393749805960988976
72 631186301125668681269676080852712190967924512311346649953213386786985881806741936
73 7347136921091628974338298984146050940645158367470708944495012306797108182267601296
74 85490559153142215859918419121586056940195087521653012039405503876088526405647024272
75 994401841874963885383015432402356795775193348079265123697978652237498060536620306544
76 11562547620100905050194195726638147208021230336066382383825883890789364601653236520688
77 134399283599110411596155820135512794934537001083855089275435970886387291203908094773712
78 1561694134555972518754279267631530837918364899391617151626892914946535368857338779652304
79 18140709432018925221999381749454943832025327009453608701830542079207459812416662738403760
80 210656729212099387092025566223237272482185452930533242536417662985651447932950591088482864
81 2445471337717137241827748421159741171821771551666958866064651039007243430785414830236773392
82 28380448377808953910436844011941265711879442347415359300106808866446723601329930427213274896
83 329267229829112613712734366826954553699433741774137423858146716572366678969088213948023160048
84 3819032755680784504622004298663448868774380083805959652958998604710617835667590824624408103792
85 44282976016426485472891472823297315421172944084561069126539665785794321083689506726752310257744
86 513335836663527892379047097237036573611005495055307801158486607729569151309936244347975808043856
87 5949088962904645619554274442473965000435380341107592689984673136545371626218908204549298645508656
88 68926475592145347798601441019649745730342996199623516387932592343642008904937272277684732667742896
89 798382403036820278593556071578534469742161482501483897765723762142203491901537480712535735912603280
90 9245439809670030721647062865296844314041182545192476361416585200087627864743384823800611122636518800
91 107038079885344763308216548078673439298968606674028109830726149669344377079379033692468461966154486128
92 1238926267377955648702098922946658738619552046153504243241732535056392375023094387525046161932517865456
93 14336767951845686821197185253653334056731490899498237118060707770377675919840716856382091473354425233104
94 165866183455948595103844866872886823507220544346463543765249254217832127280141467168374651768813237747152
95 1918524441251263163076418795533567629264514640195123459102567883509783111277511084898970871210176008809136
96 22186139156344477445814955615300050488612453448825275256972023539181845858419516376562806649647179828392752
97 256509232456003081428335252769146814577983419865963672541396398944658402554522583664744895036401938651904272
98 2965056969567869137725803317649105992357226253729814633348307991950630356560991064328867229155361421602751504
99 34266811726698436208750069823120475336365103888428696610504855656389580162885718561808099321102725279201922544
100 395937610138904503798314653730392905258287938781156311082801908666055146346683357730156331803742670049717656688
101 4573976756737696609366320177612829470014575069406782245047382535693335135537850659164080895895500420605218184528
102 52829557088712250035509834446841758492330637245461992150148221660917221587066489722360628232438345795757701703760
103 610066869390172796374856256338919236482417183271899783614617726294691961349868727183997244122200281694145392007984
104 7043636791681532066832967009863202687074368266377993790814129912489159413463075464826782981109386759569528311239600
105 81308705996058385707572926792831309796186993478251087940533918798126515291132788674668723813589169614079669800450960
106 938424261460910565422706507376118066157529231983109672581469305088977187160171691367393979727478875743449081823922832
107 10828914949405086257172999915498609115592105873091799572686989690624024401894613239608047182570638437846607359111361136
108 124938305566663671270059523644032845274718427786413494148363411902985069899778106651501878691616211821221919481323387120
109 1441227733574797484022485827555111518345253800418248583273469235077302165029927716163654310840667949314912621738754946000
110 16622535873051743362662863303414795499889692168629252755430886507158165723642422724634633132186091523854594811724170234576
111 191686231447616405412246916101194388995934652937707979458740547853925517821371478519468309167949613947472618480143913907120
112 2210114631871821589134912935908140417026134272752052458468921141295152911605928109474413932277882386201428739936511399554096
113 25478282864146097129792506140685642977844606375406282375353115504686456973909151765372474403288710541180309714541508928890384
114 293669055521577655657413144642220434918164406635910915690613942652661812653383180636428539435187972221361440675258677346896144
115 3384387365033804063737079139978507133310559092501747790332941818210739240339447420116486579836019478086418642980426773160263408
116 38997514731528712064537798060375538543936013702477144996744347302195777533431990467540823110976118730979682773225502593444416880
117 449293250877131067455144506782367951036279128592132526484789455365067936387966193471733977625301487930894685399982788973341274704
118 5175592083049493800594015373678315033068788686266846607932382841243304289344816460658843796958596018676583976980429875452842566992
119 59611276445438990319451722520961735425647533300507991311072509677062684044387005028071618861235135713067536719577046204843446645808
120 686492929347433222297165975776619482013603712118571313220896674675545079884344251664282355986714671743116928887493268628339146931376
121 7904674383004682720289346893263369033387339685812734947474975592849723993346029632892236611379741366578184645249761447748633134856336
122 91006654397589926936811961796428498671892846935492438411924313685571712316076513366150393956808556912951650064935637351369003625152400
123 1047621774206811170130398262300015334315730819597100848767668433282169204385184535252864258337194484856591132647447144360090384027366256
124 12058103817735536076222456098502768866977201043439835051748006864504581332669915278955354221627626937713332679462783359620014233407412720
125 138770631803433715899618207774778044717080218261676725727676010647373394516170208405062520792857021597953506302341252853550490502879058128
126 1596838683364754571287131979603175772216009536318727234979082951519066495172983282902882798496099926233313670189385978550844213659846588368
127 18372587459580001952374146800723271840046011119738136015543756178858837690241363094725710714340840255874623934423218767610270967652272348336
128 211361677921171290823022700932126766580372759872848946070783083355656182750355258186515720984451184928295574378982166777092528330400333382960
129 2431250149576600950086904038523559898138986929327673176950781189778505999338326430535453122686063362725426107630243859245516214687658501927696
130 27962842946809441099109670338707137346505593882202097416960529563272351612062195089519215924769828921635628447013498795827755597519959422496272
131 321574846956493787079949833732527789045315191908107052698621357308527065983222499443192059743690345459328711523293336288049703432616145393684464
132 3697708411295798065509129389257050058976028794268569273318833900857521293901049228711739696755812506268828998110325876027764463000715928146337392
133 42514183840477441679897199408082683747585164672183569178570577895922088639481542563476474115503371508211084950436524937065552271359979729480689488
134 488749542359183459475956767849922196751965647398907594973142406250970558120007574712852562054920746564960039969047304764523344297258771515597718096
135 5618119008534785625957196130352154144466212987765111059837737542662321187084980284558796813814495775673927596489210413021790541183557380193172794672
136 64572598529898024805926640522935274627662888068443009400524749876892753432344768231468280145733315383490888088891704250466503941582212176837346624944
137 742094205013649909275800976901119325853109493365142114197236817820490668561874334150355652503960785717719475431227921302846778874290100697747016766864
138 8527543408027765571615998077909152995103183337039709591879895880885530089806920243400095145569866386148358524706063218465624369080568797647310686475408
139 97981395191156188554475340655100200842509000441459505446350002813579370700730297599865368440409536850264823249056824022962878000644939478097133451252848
140 1125689790597108458030707952538701522814497588296634620680464421528144668232609532822951243380024552584410998998914268332594771356018463983974745284713200
141 12931529502056265082001023008771390297865998779471827722134531615893402557499906263454269308731438474191704626224790132378161799261305938703591265013079504
142 148538057747364159109385175592435265564562453459663731698872076207764250809755576489212650237856650077741992242902111669699608821057534759424281785323799760
143 1706015099693410356632829644010665916319020964169023649202881253197510237504491763638001252451302639914195031953427557742268971631415064058838208667293246896
144 19592320545574486864622148851988162233064101684977690992258445667118503410043723185442842544976499681137145745123583520806813265965926423893501616311072816688
145 224981776739954694366672024411622246775149354476022462271890904215827997615364070273307901929183571967102149962145786385839560035095008478310749067583284387856
146 2583258300008262688362792480804403341175520350401348704475831524551507725158459282842952642991835950971504237392818670649424487851985879836606146216857987035920
147 29658413004363527453978685047961596686136054020259669234910654402254035525033302915080115692312720202971913859090011719947597654027969885452024055920359048659184
148 340477261796063329655620504346027201410764463589770108652041178614807933872967699192367256105929562075931307240898873091502827424157107309131702205551727519174512
149 3908309815783874664711616653034224527516244375704841869660049275771159690067517373894292477513332323702365961743683427977562138008568990541692070353849742948662352
150 44859150210391296668422612860330924620630725791982256316130062789584131220970774250626695329493008679479490976112998535253599294049536475270967147877160650847190864
151 514842990267189163263279051374088390980685944476571397260100269399604457153177477083145676205446660711496131725855032979949273882216107238934257927815322282029270576
152 5908275969138266094064861895618171708362660265743069046378047579601766132645942386022537751688641869273815438816131568161878055523240709693479680309212948550106164912
153 67796838367686033126664325768714999264439521080494463916754274178569948053910978039426011251413279396592230852063682916005356853759823175569101774737743787291296256656
154 777895564433351697293788317148567569419969742569486995541766965206392451441463597823144864766203127917027832049902429693796824050275463121942358610210110046564866820496
155 8924765389213825841594126149144711768065302163237536569697811802785845763185808035471867119635058097642782288667269915763443040325062635572307994606620141636285378303344
156 102385026463586609100463465110615169676379201557829068846243796521229378510719425557395152627754196511356343512580299904167875437260339834759032624439310902567335777188848
157 1174466591518832627009461134503484931206588776962998942423643793929770844009477586563526248876550357200794984524884514060904329370976918382121185264311432227500881511891664
158 13471312735780191259111163296477294836690010748337667409327648605152428690435469375175209214510058474100067261110013640630441677451069324414380233371535728806788626288554448
159 154505747400832155677423618269005758350061026856254270585007433112165371306560252682386288646948534346629221662715559366320576676726823867176720615100542969694369922390806192
160 1771924697483620105914512272126018794863986946802710433844880871979232266162347614836864766064186592106600282083391765343353764810434431178176895754166064587723789727995041584
161 20319462171217160213829808433216730201597958639444849433746794322918857492098577813198604755542153573463319930166241879902974022505692150758308497970701986135137828902454750480
162 232994621659007870745736387705233610678232056228866410460169164349470658801581696875072684744505731504654538922003906041177579133321487779165405178156785951954629665023627614224
163 2671448042641840875644990300220940049149667730792518781066352398046940203708758141630824458358328631716889992865871700500821477417860270628425307622901157677357628251640819225072
164 30627751631648413573458822987521876406276899208863586229234047018211215160582158817714359485061640267237899520866600965351857951691505473365977070971964956992964663889260240380016
165 351116665414915329572305966659091282003984591742489976087493785075623625376235637671154932256279861166224949580903326472942705835385750681902273582817842154695399483499677398921552
166 4024909299893720398524217938625567584049156875598246283516515778539820028491211449230757924968242324622360448535251779643314347323692230570888239537958671237522313493933281525881936
167 46134886889210380227179807214479387664371234980666944726343250146170384351871390384437741531385664042674514179890204684048513030513911694164133662678824435163744627339291795913899824
168 528776202874999241841211597290256503156354382222321913857768241187290596390045929097064080593551365582287511171011062613558173872475545324555376517977192744454294728280108775510685616
169 6060155791943311124712387436368365505920471874720823439088308815967181431532971380075423288606413655808638328358619348555383191754800360862500161603678857545241144916082509154041687952
170 69448917506090757392015299502866216754749527496793815285372124456963741964832542141967232723279095873748488697101049325772002090304277600081016158723866614101393050998651939873107058320
171 795824546468779884484132191933149309552717501837914676756027785278847318547915865858070617678026597278606407529414963711312908001649144330315387838284327296456865303662250178992749098608
172 9118841869909868740222727942579885591155149694211989289211610368157829937298048743811611981565399887447315207183672894249967791964316339777042887887128575283860993101701688746197919972592
173 104479932745532602589381514504048356114891926697179898679426179501579085081730721146742821139631789605634246992110713063678896482302130936547754952331752362112491063823866895013546941548496
174 1197008583181811793721508004446948823627086652168288730933604109048867388350402454161612264192228423743671071898896804892907542771781491681966319849515801762199659998051806869337974482501328
175 13713021420178733200032429195502225477860014702541920534591844396762773461571260457157419135829824427810073306872432495864718594274545722209640818640513524709057072109239213285448378393122736
176 157087228527915833740115933350262439243474769713946510933020226129694076768390482446140311194888089516231710343948592054012939241407695477625327490681290702178163145720076850907355029656997936
177 1799371146641785683245936067274401908885860364239842696507485431411203189144653280265464767481901878164173368246355650091324105900851780744133220204193055529173804950180607669492148149674990096
178 20609767430324878776422276481800515822019542610134796862184100005734073757496101347219753349404427037158517637714824875986995438173024690921963834652753734770646898376522634534066470376586599696
179 236046845890551389445295305250289440588388303171560766973228312474080908932403234487071569513639262893454142045956964756161684633614712489095709370224197493670994403599989693824617212434211406576
180 2703313333581331312139080262200458552477103285980570333372389446333407487170625126911790595574969771853261255528999491298807134439442269492711396877296557440912463498396194907518968859936928272752
181 30957646935222888144550466387579946241357314924468089209745081591283388968191433851709916885932865465120429784745574368947453545349787747894041867945939008395255096515708931378785430583762133452368
182 354497489092501605903816985379237992616331790338778799492983814151885949830760784043842269989698269624171855691342623526957073295170960976543215320132378100954273020568056999788830111356081148336464
183 4059124160688682119449110952954032568170657535195811986793662302996878504588048602343847571841840965372070280998439413355264551230563804312852436901249749444255735614293688008484078915799373513087024
184 46475678940899633720014989277986146950307363872350694271299971134719792637443757471706353779777178525270752564122054623301070704495232856747257095392098306296996569052501668073685389432346304390963376
185 532100495440204423181955575598223266600452628652260260820253719299497178273637476840821509812198129721462058051049721643460063784457756083539274602375220553497829732110452683932040107153729603719310480
186 6091670032991411896775719645288278946305065885107356640733872281220336795909149770885347164150277632817896850790041706907928868215809752604451763577856593259234008781395676046846918884418937410111509392
187 69735534706812812683158709945038205403129018117974024137856387565277825420051401319169053553812633245088866081084503163798453547218923955008687330446681960374153417070973390472984719297169763198525339504
188 798265245588107124094011082172768012094051372963219319547049034992706108104102958622980279204068561258317524249340761187034677621754559123230475329376401914890823820822127214894825584400591631247809551856
189 9137258066703431146931779465890765919000924673210003536796890710026592144959844818603817836345715763115093775593620816049377306998707426892189873938470804259815933454419905419130667421832818297524012641488
190 104582832587883170830085340910561284244464767579797462605154803205399660898551889403262337191438564558220433662798690519990631673646243225062503964267582593610188717160887017667849351658563766422525856820176
191 1196963762497077888913792353822470008226825409503575116816666530660000628988500638054603083848012592071717407514118239857869133609118993095097329846627584434079147222357130134409174375183200895788014594523312
192 13698655579981813017397650511465779940714440813477959880533455917912556419943875548822766021825543610948521036150599520388068778690093209148968910839739999078682488286422407253926752964298531082759301391673648
193 156765855675710454545765297914402155810693804631182829399211483037916117968685945634699806135780949173196474825070331751977649319351476282000153748966850212154525880648451576743811113426501422635127344114001680
194 1793914896534497284548841174680054960620538976378518912634110493949252683458201464218795309475246168506509482663377878647876616975029062490648629625224403121823971242222788636907187670791847695180429470749540880
195 20527178593119920358651988847620855784723315845920745677519958944360415135159982855843235703453923903073944858873823336169326153412705433661936948258612279058082244192145441727635591108253189963042142533436609520
196 234873481352547168294936318626910618368062710611267717949458988722689008946098831711766412720065212239534667727316294795859572571974310202758071906987037074294905444007152641349805134026491342956862047213954851440
197 2687300539085452770961636209343643856089979701376297526161470857523732446803143502899468431206996785633234491575411272553346193515224400254787243542633273476416001460946996384589287844701858379827326069900424952656
198 30745124095992693874406867956420643104059626964025795171258583519889441416334605206105990045810880590369159470473611816056772405198579390412804582421486836437771393660456092268160995523951592272503885376924031268432
199 351733911512064282174349082655478396374206379056458651597754110802815631318054050439544527010974445103428475057139691556541914369185639921701634530492331651138140961037351280404017510444853306870956807419684126544176
200 4023744847202235715722875503219294494538667328377044274880086519807578426072247556850303733496242055314240585204031120030003838779189579573597440473470400219911781742933644272963518125977645556172000688047946420742576
201 46028311401844437583704179345993385822591554282198407886662791683361147445476676763644171983339817402808571569514461308617770782317709504797653175257423299061228302706591203096105960282031637195974000416970236458142096
202 526499887327467401600263767857428782513200412592280638432759986139294149112797669942522543470184787086826307400054759170620965103947091479841732892855065768409732255098830785876288913766425045942099672595818349542205584
203 6022133292481135292435099265994680407137970397127691408578118140236428825452666069954937166269537219871169967897123456953109490624066723418706481585560825363308968033696074267901064270575144187612300954575313060577564784
204 68878153160530538244369824771106084952265226655192346656958056900524776672419833704275250029804233923324917722263538998483871317010910446342928888562389147854602502235486384173263385987085438490542188870742525454964514544
205 787756284880582152706421229911895094128052743845629854595229079623243185842804896556559832805754025226311243457067848789001759198503369872331606644592716115619659517562698054648364442277203325891410956747106299952002003408
206 9009106357629178746372648632043693999977125273897628340045062706202605640067358473225115783155499285236519263136192236715276642718434950621154139707719616926935920417691755462067268130582896144217961486807259882749308287184
207 103027035617767399652173410930863708162411740967047227757776422086949131462884267984102833066465722724845904485349376678608104754116622116954137228454864306311224325552327407842995523436342677393607983503309701719014229821872
208 1178149877769611646146338264269133586407040004929445172148159406453751422187024858968077670440457727128975078664374951728709136892162634627156210155411574516301224179229093881925852214611298682108779995409295976840708117701168
209 13471933241134746393052228088483333886054402510919171442787220705082537837688146893135712386641632027623183469481366639339575036820627472353247291993360451372882444588793287792462060244307626138511348075144571727935078900569104
210 154042136226825092465202445645705618634822804586157031384443247306936747209365842177179917381165197162329699105653170096133542612875012323034777111333366574850340790094502184933270822964856204384539764636936859049201377367656208
