1 48
2 1064
3 19124
4 319340
5 5212236
6 84210828
7 1353901580
8 21715025932
9 347864379404
10 5569247981580
11 89135525871628
12 1426390613032972
13 22824041387196428
14 365199107635675148
15 5843302195296469004
16 93493774243895181324
17 1495907959991032610828
18 23934588413373919002636
19 382953906886608244703244
20 6127266479364717034864652
21 98036295673203115738267660
22 1568580988813415335772291084
23 25097297901600660954047053836
24 401556783201311399637680128012
25 6424908666482940343184338714636
26 102798539754340037445647958278156
27 1644776644863019490462080201392140
28 26316426388710667026090888462860300
29 421062822791054173755208014111965196
30 6737005169266333205819014961615077388
31 107792082745427316808281050520861278220
32 1724673324226505262978160388090143703052
33 27594773190040299606699221470590588157964
34 441516371060126663890948988670156973539340
35 7064261937119108340220549023255311968894988
36 113028190995172278487008100788869156390830092
37 1808451055932968569384595656173360906634264588
38 28935216895009837066843063591724426621423190028
39 462963470320821297598776276214229440665529352204
40 7407415525138493803308023931721591959071334858764
41 118518648402259062263151366795203109423548104441868
42 1896298374436493005328832140787533810636521381822476
43 30340773990986694072041426508471838876583736840814604
44 485452383855809729737461439987542111078580860192030732
45 7767238141693138097128285124516428701385451308673138700
46 124275810267091680411596893079964668111948335455049613324
47 1988412964273478746064530825058117399335259798648614027276
48 31814607428375755559645459253393000846353787607259052769292
49 509033718854012859956504211171263509667097843055077479153676
50 8144539501664211975870821716464059673376349815501023046795276
51 130312632026627441737919007490620359342839473456825424704176140
52 2085002112426039471954854985136324134218110577881529567147982860
53 33360033798816634809911745775016725074022403840740434250557292556
54 533760540781066183232853825846965550091925156936120083109208129548
55 8540168652497059143574256132407004008048452422758017905528036917260
56 136642698439952948005316780042494380159286623027636291487412686684172
57 2186283175039247181857657320029683566238250976756908021679006219763724
58 34980530800627955020770475828203930809539451690450338534150188709183500
59 559688492810047281227703876711668426707107443302609136853400210569691148
60 8955015884960756506862653203034833170749634370128714821356566797405388812
61 143280254159372104168012179464488523125042903276554409331962434901545844748
62 2292484066549953667157538113338690414285174264858932164580390378066250039308
63 36679745064799258678304909886192210265093235664891480296395940290687393595404
64 586875921036788138883391252859853351131054282242504580613613308753190523502604
65 9390014736588610222380282961165658103452187733390913925302078208433116724330508
66 150240235785417763560068202551855876248010733803182055024251305413566867076808716
67 2403843772566684216977085552523243016791503658634993930173647240824604715019927564
68 38461500361066947471762330481877453628275000986798717605227472217794256814525644812
69 615384005777071159549237101444975898044177856414111797677736685801006273456429334540
70 9846144092433138552796177609169576559317335268226375554100069903822257096212875313164
71 157538305478930216844806441567454430816020016031497652450431147641035053263861426683916
72 2520612887662883469517448120347374991957207265397903578728089034609651484836286651432972
73 40329806202606135512283564689361078140132969477867563862143617134964882702046471288520716
74 645276899241698168196572469874672939316241212927430228579648092114623266780454545715625996
75 10324430387867170691145445228055431051471956714666552308005366585431834488777245112955568140
76 165190886205874731058329427320287320261654683196136385490179715036445720225139362650031915020
77 2643054179293995696933289411555993747202681261740235237414352398938909229077932780276944994316
78 42288866868703931150932780349962933577580029474262402329761756382730637330796607609057151287308
79 676621869899262898414925693150519789248835598550179634111768371993354101738470604446782023794700
80 10825949918388206374638820826855667349360011969715255300924118732616393815302088450088572844769292
81 173215198694211301994221211734365141822937168919588035177691750067637301319649012877055528032796684
82 2771443179107380831907540020730609353436787039566455675596695404838339469176147815981261131295490060
83 44343090865718093310520645435394137106896264313985915615162103198046648607485469287010821240411652108
84 709489453851489492968330368117317139084080084439902362902426919360395132623502682362690252959771525132
85 11351831261623831887493286221676405313117131881926310445486715932126416043548530228349493632384574160908
86 181629300185981310199892582222110250271189537040480817714236028089672949848753126499109421311067974270988
87 2906068802975700963198281337124526680360152709290261359546983329365855134032658887524013378588807205486604
88 46497100847611215411172501567916820540579874864158985663476410479113748858417814328977088708816258132344844
89 743953613561779446578760026489016146347572399130571523737454565529364351119807873796092237763146799420276748
90 11903257816988471145260160435131339060498765237402400151535537278432219551838560721100588871562309839402041356
91 190452125071815538324162567053270067801060149981994998906522861269489408926312923363672139265024246222120026124
92 3047234001149048613186601073587411037973911886175747777234519641782149455101802407815430391928825683683185786892
93 48755744018384777810985617183325584210642151517618412221641629516161440559356977959790989342877823948490872455180
94 780091904294156444975769874980998626731062183233557010823005181110716236075430621128750798684832735612327105134604
95 12481470468706503119612318000081301512121832524140011306835410620949851282783832447005417330303916573471085107871756
96 199703527499304049913797088004407675555493906956185349674985325993885954742021553073742138433073583389644722054103052
97 3195256439988864798620753408095573255520138090113228124581697715849541963875536322747735989727131685937240255437471756
98 51124103039821836777932054529731153066312255848944840225834733742292654404159275011167675389796203668444121908383842316
99 817985648637149388446912872477327015452196393816431390656994138821796222086698248218201731211478134024965201133597360140
100 13087770378194390215150605959650363327780152191879727291136024932127173353271543716927985963308100168517009711582851104780
101 209404326051110243442409695354511688741613660323558198824030724206486496577085778154434589186811192818544379006583218110476
102 3350469216817763895078555125673040690731240527553439915401701757278804350290937010898948665622428066797594566414130695110668
103 53607507469084222321256882010775534173538389069297779581898706089337956865758124220322334874451657190722803656934061693206540
104 857720119505347557140110112172464045175544328790843706584904875020849305862962001464046068014214338266896252459978125108838412
105 13723521912085560914241761794759872204686272243883822985334235968556649822974194024349070358107174549048467209521215163525496844
106 219576350593368974627868188716161563307547195909650696221636530713939316038213644311913730845435827706708588450919246716110635020
107 3513221609493903594045891019458614104375976236373070131799081680515359279135538039915860594815558018274539338409477345288814329868
108 56211545751902457504734256311338060233521132314296599619293742073027180789611195444732352743513475583290023021013270568608244695052
109 899384732030439320075748100981410855014643040681095455374790301965209464074049833211014831395875068685439746789147160059693609517068
110 14390155712487029121211969615702588929552885161104703806869610896342190120055768748000875110660784910836400628163485857822516556333068
111 230242491399792465939391513851241545827631321634075321453809359693469390695672837195739538442286557686594834399989512366611630540193804
112 3683879862396679455030264221619865724622738768171739787554563074994474416969003535917778119460550870700935385463848747520565628184297484
113 58942077798346871280484227545917859587435301538452802992855138534977195058469631255852859621373802745830351542474824714544816745481240588
114 943073244773549940487747640734685817850078651876807091044237775863561577096927572882640674979168807190080647460377568680207151128991760396
115 15089171916376799047803962251754973605268599874804421550472732725172988852013181827112923644513863532344228837435768470748132225205531574284
116 241426750662028784764863396028079581874359332043323541694102677284266599690180612855115404857938336545984335258164820834189251491738377256972
117 3862828010592460556237814336449273343774087744101204361314861070532952344784081355047547241497180073449468398372664710240336238703958565060620
118 61805248169479368899805029383188373772787481892582789488868540519693250632578735832874469227214199242305441341361016701109923574879435863621644
119 988883970711669902396880470131013982560969257143077585457725945585433919151082377097387047973127869122993181888815704493011610907729362665078796
120 15822143531386718438350087522096223738684767977617333971016489259720009083958192836971562674343585237033425617494756728891488338593024038162923532
121 253154296502187495013601400353539579961745503306878330022488028462140802645539464376546674184175891528016393662296890772304709041508806201163382796
122 4050468744034999920217622405656633280539233091493100721615823573317991634031636413886499570266772802697609727873758903625229158795119660677646516236
123 64807499904559998723481958490506132497910666453868512274011344490025472716904013519970575337463990513053957447951595169484125622758727124953625264140
124 1036919998472959979575711335848098120041418697685487921103271921664300452194238273584454206336253450235986347591616961209478019904267803170987078320140
125 16590719975567359673211381373569569921266196554270029199762492743877294582464240910829895192953922217942149115686326470575234133035499903820276929921036
126 265451519609077754771382101977113118745125125706873936750370973105774934879434159657021203268066105591451664160365814671854358024261733925566013679599628
127 4247224313745244076342113631633809899961236264618150237564906545817061006539627188332333581858006983866369170122730767446536211640904143226141863489568780
128 67955589019923905221473818106140958399696124807311912551331002134683154572623700630915517192454952327519105140557499844083306352355020631563820720476651532
129 1087289424318782483543581089698255334397688673448214512980140177163335857665510418777559651946395724293873334765415447794367662918617411946920493656615944204
130 17396630789100519736697297435172085350383584801313653047868739089735052522182154654757326038855009552230944638357819889995616101935432109688009773902743994380
131 278346092625608315787156758962753365606303180055013375571438814221452066050021219419683040905866586861034697961130540700915846041932689998305499978210178236428
132 4453537482009733052594508143404053849702187908497624541341846364366342771380322961703092405528488949075905828749410952580931882350398590012102365324711097794572
133 71256599712155728841512130294464861595245786948372554956935879426799502002605239806390290950276971324268619596833348852601961281883012736947126941824130761097228
134 1140105595394491661464194084711437785524019513306479643302935491784375551772210861330853836413207292160637576340951584709836135223373933447295122279710276804673548
135 18241689526311866583427105355383004568385013063375239460324508698660420383966139464423763133166794761631275534330359616168621999923367666687121571025137915492565004
136 291867032420989865334833685686128073094165859949723650290648839988666008338312999643232413414402355391121131410184665382037652787012157031181433299241813160348352524
137 4669872518735837845357338970978049169506699322515865842297541660625433677592124645429956469803312381692312123926474920081725850061742082098412760596677889312493142028
138 74717960299773405525717423535648786712107556535898976219274360693331189761902569192570141504848840847851618735109767732939033089673372436028179641093903313036927565836
139 1195487364796374488411478776570380587393723866712870848295228787373164032559648748792467713466034607822745366211784005515411441148580223411679559477487565130371308716044
140 19127797836741991814583660425126089398299605751037126899403883448464683401524200923040063404731706524984149585935935891430943715299575576843332591780990278894938530775052
141 306044765387871869033338566802017430372793884589575151373770009704163142839431444306867436963619864311398877277339789446255051565065436666822702853700465617775885547470860
142 4896716246205949904533417068832278885964703706143205253724091261121074664604803124295965578064585957840601455143336123930458016319731898483006412459095663441950053102518284
143 78347459939295198472534673101316462175435271817744111032798976044817947569505723313297622058893831298303818742786129532769610418331420940889169334205776780556740960949633036
144 1253559359028723175560554769621063394806964450027867495686863368250945406280828564471404342502021134845498361833209372353200084561888235182295893202884117584545822401783398412
145 20056949744459570808968876313937014316911432014353927541979954686024905983902091117422116245337603914419284757165067725909335375595808588696325632146697961903833609361449549836
146 320911195911353132943502021022992229070582918792178306519324415556184795076276698137506964500483475841034321920482943434104678494530409642886388965296558705016386554130537119756
147 5134579134581650127096032336367875665129326753588212547207516552038568295532033312294316578251599032710923470601432770150590837791270991863937298787482953190346170922607080112140
148 82153266153306402033536517381886010642069228484050186335243154654290891403203724727656751100823643025449057886950840603557338317536916711645216203145903393461846985594235244249100
149 1314452258452902432536584278110176170273107659184778340886180861775096293807723373261985107987294759922482831449818212757460596517193136381206296723592600696019992913747937259945996
150 21031236135246438920585348449762818724369722574692868599922216167807651252228220940356245435090341891521987260866547981184316357479410727726127991399339448997727474865575333698994188
151 336499778163943022729365575196205099589915561418723756808262564670616682513749855669069915899335834174234660418229791231147330449650797996094356836492129855798193173165966616227217420
152 5383996450623088363669849203139281593438648984502765264944941931389443407873717321727819221496997507994863116024431044202561931017604066500423373511703364500185640839417476741217648652
153 86143943209969413818717587250228505495018383766583270495038751356396785761019888024665874019453736248033405843470817031250015050268550744216603772713605069813608653042858391670989258764
154 1378303091359510621099481396003656087920294140382560047861338220083022223643365822431850245502380046681672210072146007637189371441803966198403744263807235845817503374316654157256749744140
155 22052849461752169937591702336058497406724706247066164253319248280545671364634796146523693707702727392255822075589104631185519228672013652549133472388563620879900689051983608731784525643788
156 352845591388034719001467237376935958507595299960679774598528158323656599841830171734745970569726507937331654039961156475163962684234183794004841636546350721124434522922268584610316869959692
157 5645529462208555504023475798030975336121524799432325462938295221708403333595579097259271645684896838047093577534128497223278802923020036973181980493315976991190115303927869669901615681765388
158 90328471395336888064375612768495605377944396791412669356593777496676567608580254869029289858912817897872917990343657358908381718598955078005812523333895523788219501088364599213479033009340428
159 1445255542325390209030009804295929686047110348666597604112071962186035947318326036814951103287336754115548359452582158910377517981218166166659737691962222647292374862221391511241813269457928204
160 23124088677206243344480156868734874976753765578697772376087152750066587563150836352309655535180687415734744821824568265498603275085727838881486378065772290389819668905180781766425817585865981964
161 369985418835299893511682509899757999628060249259424071980281014614876103904543031122571766452814014766408816883017987654503948116013206798364351029000800769689607794217640476964839266090594861068
162 5919766701364798296186920158396127994048963988152879217350934161925193816505001470214617635234440442888802110352619734248238781737386217031913485620495962981295362191879502514123331009562661617676
163 94716267221836772738990722534338047904783423810462951864448123171046986251739669189618557829095415288725137784091623232196033443239329584506543205597123130829747798849902770008158116775134748475404
164 1515460275549388363823851560549408766476534780967543368121053344378435191584436415257870244997792361759882029866028837558033133260003660460791646543387186818392199100878320828198931399028325346181132
165 24247364408790213821181624968790540263624556495481791568766146395258899348790476871123146729097201575039364578690106448621095202906946872882170314009289402670013807031235965588857694559763563846565900
166 387957830540643421138905999500648644217992903927717515650778038189961413100379036039270751889549941431083797870144523013775118360712722020789915566201070372432233118699213263330898560824451140799168524
167 6207325288650294738222495992010378307487886462843551612128108326992498319370806126786365108276599984867776546830492760842103475813904568553027555645873734842793301185528528998637785237847385229139902476
168 99317204618404715811559935872166052919806183405497401181360450841798560161076428573488560483027830005392544166935891600089431237070286698337270258831906150367314048707209455433580060050672352950411591692
169 1589075273894475452984958973954656846716898934487963058231893657364999185479476612586899790811170315242492325244255940207152020060542619860852849756912499524110115904868516671698414957888733112990500388876
170 25425204382311607247759343583274509547470382951807446338485910733661895975987997494495862928083722647122973544386213455737908099289742844615575205248765472840516271451107901663693924992082681730292581924876
171 406803270116985715964149497332392152759526127228919443025451737614192805967019814756680873374696973975363315509719545392328504873313057848651304091949219196919565371835750806603150125946741358063054779056140
172 6508852321871771455426391957318274444152418035662713520276745323043692029491538156019136786367276663035717564984912065162168303714796402674094048725413111286658483998270138304499242720048925977317126227099660
173 104141637149948343286822271317092391106438688570603435932516782995271042754752825042174354590239165602287610400458402607510617050278507103242365292927527469254024942287025498344505848866925651209583875109945356
174 1666266194399173492589156341073478257703019017129655133019683766418203182599971935036712829812724200402361795865039660953512964261026243843912737163858020677384197119538494330419996210433204955754920141794574348
175 26660259110386775881426501457175652123248304274074483403065645443057590786781556035336290694566287302319093450846790866055460645813520534128272703692371568582259419982219639807886273303405804440027955532239208460
176 426564145766188414102824023314810433971972868385191744727325916575040528749621303368594049799708277420430120185753478799787099287495390243823839674263820024290677913392685113624781843084156855425363720334485749772
177 6825026332259014625645184373036966943551565894163067998510633494554152024112097667476599412853613421262334334802390362129292980976743050159021945780061593005044101969349254697890485968567590162252615284015876800524
178 109200421316144234010322949968591471096825054306609088644375953967684911152723432302955585077793651637141556564125082204336669949344786130230650573283045873023502769995109253603475090021491688926488846844339880460300
179 1747206741058307744165167199497463537549200868905745423697738149655969145170534263855604838400685465049947151431018692746700244573630260031613084106317409295926579085362070261050565612004922062803353104425924937383948
180 27955307856932923906642675191959416600787213902491926822604853728558579482258646331720358259241878070029180468728391795792516932549392695066330131611399554924102280964403754085884001047892682869796098864830728267366412
181 447284925710926782506282803071350665612595422439870829511941451210701016310494661047640865734929912570334799750091887678679123650152047341387676495062577209087763621921027079385269442103179705051921435033388705996865548
182 7156558811374828520100524849141610649801526759037933275015229359446831812828771216751468288620528261003884366055551896171108090347115867992522857087866330996107534993613404504377660080898283010904163378760851273543581708
183 114504940981997256321608397586265770396824428144606932423014834168026633576293886060384900720531969269427905338399915700387369250984384795208893734521703484410930677152925741090768636011965351609055021563818948328152891404
184 1832079055711956101145734361380252326349190850313710918951840542528234898679165361402328573125628835452564333362094455102193858053004546590177936236055085391051235213014084461371013585417020424420716071578777820511749537804
185 29313264891391297618331749782084037221587053605019374704709835581422276999883066757471394840952428632041641238919901008477249313075204064780865858315842947215332767305306469319688286183760541613022340034506643100762894237708
186 469012238262260761893307996513344595545392857680309995287293683191743359066418330427854236766480734137216668504708519473601588677160514507104350486519014228946532151501518043682876265167660118419550869825984441970179811835916
187 7504195812196172190292927944213513528726285722884959924692941061529205878633523575790275170161330693985174338572195206948967785957500967149319413305740648675308370759757790655305639475877213801331454235911349133259506137956364
188 120067132995138755044686847107416216459620571566159358795863054311772697783539269794095935644984157298911655434209037912609682262447535034356501138017529180552095261844003505852955021901380392330736164220624773027469244707635212
189 1921074127922220080714989553718659463353929145058549740740065711486537015385326509140476947191538849102749362879795631652795101122782228414316460545001605424214816904626832981822860293094045443986080969209356279034405472832585740
190 30737186046755521291439832859498551413662866320936795851891500111724021302093387201168682743895443247271571296582816999258539877659332025357354696613805087207625917940420083850553963224733675688386937916673417015671088635394916364
191 491794976748088340663037325751976822618605861134988733630670768323812373775703146231631878831069937769500362591966931310314354415858082141940061636043069563094312317844623036238045593075781232652183682813906318236100584672648495116
192 7868719627969413450608597212031629161897693778159819738094012039207371706804862441200713425196459772979635891121887816141531129621013176968897007685442091403285751327689110196937662000268005324941083613607603872288082601669149327372
193 125899514047510615209737555392506066590363100450557115809530637118296143295240071453573224109979683599698520642912122471556630980076931114901850161819072530710112472639237361605031407594799285116457596580150445114093927053560752635916
194 2014392224760169843355800886280097065445809607208913852952703415007261323952445561975000566540697682104865337092746984258687875839398898049815229116286905225666141806133483487837226694085176860884608972528896416632237909233181166403596
195 32230275596162717493692814180481553047132953715342621647244973835381309521527810075669313001048575008855976628070304997997155217267365270396617025319123159075287294344699425125839081916664740183486893996541494031043259866706472366768140
196 515684409538603479899085026887704848754127259445481946355933443184459098308802419479829746533931541425040972979368656621575407093411099812857857071331023648087946991902790888556993032685437976871293321683391806079702532674234767070199820
197 8250950552617655678385360430203277580066036151127711141695046858364909202340665270379868382679179469565299029967790823497918366155184819753997408683801919197670099722113909567043351119581829839016987462838842775473112760344247273839919116
198 132015208841882490854165766883252441281056578418043378267121650911044304115063929668846830908784450377211852132967782678013596016134022496455432256885602109101766025918906669075465368442642120386725440746619678882690174751731377490515460108
199 2112243341470119853666652270132039060496905254688694052273953680740703198876883163391936067466272154848122600307713169379064305973658664715649338565879386673942141075698511120439554411207352520630908248517456465818300891195778652992478117900
200 33795893463521917658666436322112624967950484075019104836383317478707260482374831832739477150978655648216858476456702756833898834277977996666555993300470693764960740037661711726183659608550301236128353968203191586154075980296509812961580154892
201 540734295416350682538662981153801999487207745200305677382133552043327832122374348287428489102318498617022177905648712893041030954710161589096657999493770966605975171106552755354576593569860409581652173433774502462250239648630719529717147369484
202 8651748726661610920618607698460831991795323923204890838114140641510950785861328773533771033565739491446818073713260434470542737833776421164840842127758912388895303270997455023065777463989396576321920124056969175055796600035595790037965600718860
203 138427979626585774729897723175373311868725182771278253409826280974554809041842046615800877071424403579389122982386445899665114374934235081073119859795205485438514507400068319985116985365723100434704589014844038102345323136232056328086844285648908
204 2214847674025372395678363570805972989899602924340452054557220743209719726151595977073342931085891834219692975118827633443782641435283314076257405045119116253937353909850686271329439866277234202653582689724820541781712469723203526818534110496030732
205 35437562784405958330853817132895567838393646789447232872915533887882476038050154714412171426196019298536442038282859442941323863973950867514973638893004346161966638178012026653507242243487036751790899468127039109871411233869168392088558584197021708
206 567001004550495333293661074126329085414298348631155725966648558304054873783985680097042635838299119754910600174612881434252316441486449887846417895671832010194049879041230450937872858706453511704530378229235638384654574623357469945706711032713445388
207 9072016072807925332698577186021265366628773578098491615466377062662033081188016655104824768041878259051622252163827926931331295655309449125988979541401643154543451151981030433481960494984932505710165722594317847077536702374597972244733857749996142604
208 145152257164926805323177234976340245866060377249575865847462034049142984563853942745196985223961401155639570067853065427784389898935423665789319302098696514647043519048214488481964618697700287469826388462355162854201077511937186672176387897087892652044
209 2322436114638828885170835759621443933856966035993213853559392553224591771054947461874174327639252927557097223766604354443617292930760106154078477208659020772627623026735105936027193341490933189530850103054755600874557609175690552547216778886717884071948
210 37158977834221262162733372153943102941711456575891421656950280919631253178066924758323825038459236761082117801457272116560815482072654027834847466421908940766830552620721697780106536248217843125024743530140534848566249363314408147879900047879790389100556
