1 0
2 36864
3 1617408
4 66764736
5 2591476416
6 97662620160
7 3594819388032
8 130060929470976
9 4641452248481280
10 163824460625170944
11 5730178115023705728
12 198917197365436687872
13 6861092028565088103552
14 235357133324860943359488
15 8035122555278942385919104
16 273178922795973108972592128
17 9253466069398640891891720064
18 312422136880011743127621007872
19 10517409841979690483631617347200
20 353128300518747754251872406457344
21 11828288439236812603976024658719616
22 395340231027082309426155611760477696
23 13187474483659236762154649397903321216
24 439101915709295155690765986919853137920
25 14596377356738548486984162334239218561408
26 484458508503387603367800925149038670082560
27 16056443644906651260694201783147733092340352
28 531456352310279384023022346634228501795040256
29 17569157967832425915784810898786587215703712640
30 580143007153585077311994869440655288165780504064
31 19136043902429042774562221516903307521891791559808
32 630567280079484163182040377129343061616354194122752
33 20758664944147597694034401026182060182752113080368512
34 682779255982249603496680230427306946513730542311991808
35 22438625494221457070885844698515305031341056195371910784
36 736830329206785692550970310231556113117890522662744695808
37 24177571871046175230064903910943604759181327785800732772224
38 792773235912789292716409652424733896769169930760961037563392
39 25977193345782247449067495214627618670341805150199431845220480
40 850662087211724227677310380896481418597947107338408177631821824
41 27839223202651542425609292003520886630247832508633477157479534976
42 910552403093303010759537283377594767897499861599829480123012604416
43 29765439824483153041223166294813198456762123399385424512726256532096
44 972501147159564954166664562154340979291874516519623487498707931315200
45 31757667804091361901648038502196240788554045680802869593428001069955968
46 1036566762185246399887320684821195953167106292734336497238757492102868480
47 33817779082084426744406500088901899538038523842684031857193173028407624832
48 1102809206523601682462282055043573589213694091192694011332596150223459342336
49 35947694111717043899064280922003862507478402683853965487874818508533424342400
50 1171289991377276636251216822751257737834209034612195817155839174981000302877184
51 38149383051413396706521169498575586378151381749182224225074634747755265847733888
52 1242072218954283901101296551424457111263804482364600651978254675090383343399621632
53 40424866985601979738805638180094366350555387095440977224690062391875153224722329472
54 1315220621529585680896041164355963923734812267445203983484436486789170095344516720128
55 42776219174517978897477052174231347872060697666019707915825352758704153599596947470464
56 1390801601433256043047835241425918429375302418323137137251409909693397427401252156223488
57 45205566333643901027297320104116813651888029952756654960190413477810881398302609683200384
58 1468883271986671700829036840307348051368758587117150823319856288147097209177688719153254912
59 47715089943474394056550041118711487376767750338084317367485925665367931277230015134551941760
60 1549535499408667756424555257670700138765003811664294740965256699992189799695187338991999970304
61 50307027590306787697268986975991790835757983905237340767890293312164131263702057582849222206336
62 1632829945714093343267446133562566926550596564071363000002600524809565706577830113588956567707136
63 52983674338774823059663517601920735662932954437624999603857673009158765570639605397216075189070976
64 1718840112627711734746794022567576896487423303870410175820444536638009821478497846421698839196436480
65 55747384136859334909579987933826306156438315989256073831754981691823683661217031302719652780106886528
66 1807641386536910530373881444758412817602917594207262309514379650708951964098768881324707583719061670400
67 58600571254126310638310605056763304588542631666868883877232477756697950442586238066001430964922089117312
68 1899311084507220242850936085675720935242235144868570968980114874541020452388064372031752222163915423548416
69 61545711753959783404256040530698352531256604611591125097897470421582922735259539695656580983620134277388160
70 1993928501385184248619477467942337228106891520580964078611069236268823237757109255436395167461476321833506304
71 64585345000574431606657747276581340158839108384011321189238762749522634943885564238606040302704650432351395968
72 2091574958013679894450549219378765725069863035961869330890163324841404842678370234417179076916645841359406784512
73 67722075201610561304821835832423868417232359829486791851617309402787595564218041514078173161227476088178134786432
74 2192333850585359843348196840748971541315181889709407533910481464823363612277827204374024431349460109311685951144448
75 70958572987132351029138466179110626981001511227032083908463733753195696776877547641053089700952514390165289474198144
76 2296290701160464770261878858107927968316366666695259884056753301106974890926618318724785081470817684592075924819975168
77 74297577025868848459181730477788665623504496609091113178343392630280318490029953576861997809719738624353822640341404544
78 2403533209375853563683752935388532165996834554467995403228482531718481535606705349529093983575321159857650632144099282432
79 77741895679556234679042689230705353984813702767679431824590480042062322110827656134808246382072233155543955045982143911040
80 2514151305372705541164575496176289271355992513818031072295280135884280592206488844886314500527088684673109280915419619702784
81 81294408696259323368165009724126019034323464695768035504249609841766466306684021106624766014936264715536161918481824517133696
82 2628237203970971139454403012555617404710211396515889078710317514673677290896471250995416999848049814258267571196293869532985856
83 84958068943570148756556037508245962103069167507192720139536594837827916866257644259453836127937744037090073685136831278659337856
84 2745885460119283394151438029209940871224989248095108994886489343820449118381063307313746170498195029082050485023910955999101301760
85 88735904182601827081842004256827078054303022061483004648492194873527314512175489982696979981979275843687186308069730483520655753088
86 2867193025649692586807642563064050821981927750628873490082489069049618356503908731421666263555384667465855663683588237867890349688320
87 92631018883716661458487063492812608209624507515532490894854125839991477237377711381657749841270870356365188371557783142818183647217792
88 2992259307367251023513391607796626653212882667773503961322903599624353803423960871706968523155171180311998344194322148342907810084458496
89 96646596084948709548206684545533265013123896799009410738838803497689649692467844681120852914392963689722257015904198077722453936125249920
90 3121186226505154339069094071065337991374297300070017246645603229526073169892672917151872392128657546780945391207072926519584811706871591424
91 100785899294102757466807989302132278342764152305220445626531401950062034530778519878154787085945122928967048287335233609257827868549804946048
92 3254078279576840322986119924260416949760106158837882901551390208794828892731413655207230697747926713485834744931123793429177501302896756411392
93 105052274435533852462826669614959657856202670275506255286930961895597980465449296125130311126024108822340744480199088884826997748949483756139392
94 3391042600657156372965378269897629318854883407564821238138836164720351742589380673904277551389296509163343371240140819562973124989035169610464768
95 109449151842634251773547616747148068665931842937148342398175870454454525217684157886636639633549274747342123746822712643049667108704035032286493824
96 3532189025125432640744687555248195531333989841750272445185688222738234011851185152290462390829646256818466260272869077258450610916217790259820750848
97 113980048297077856655136337074879632455985423307398106564430003859024918689220488415086300235936467002117203721666920284609668912081933532930761784704
98 3677630154904040094352871529283865979659259785024980689267018911354886533814308616681264191083594959187866127573124398716041675047240188685818966845952
99 118648569115895930086312052403097603792057927244224607538232392281658922982020540440182855629646835824298905618387486605880570619130825967862697027528320
100 3827481425226771437591617731094738615729076256724866436208324191029646688614682692909165119486234940074134167625169846579614759374529646113204149719819264
101 123458410287482155494915063140482108253264713067040420280848656344648417155602018148747408717170448943957727091037567720204395073372274559172366088074717056
102 3981861172972158467549598778534998121319334050188242254993545852494338672806683627901646733150101444558014349901639816009149578629491448680084147855495640576
103 128413360657649893739852759384517570864865149604629999375375890995842823551673242732717707437253928136675648376239758261447116595696204874898048949846785732736
104 4140890706597632387703189104728690958945881600665417631194770062528645127098703477795173086340045684754268017400125564454651817238094858582903262794111818711040
105 133517304166889848439021976240084284880238750577971728663741526104292449905073411137984568845708948307514647148493876526942176102014836418582477698334785122955648
106 4304694377711244209416180729227487190195672296062720991897999430549607322241136327203827356124544013807497643377651860738612691719163925622371882722529621250122240
107 138774222140002267770009026982334075773207335234611714983496957966959334627195624448157298380234909523207613974309255101513188514526734190167886888327757869952326272
108 4473399654318491058512600055453011775628428121672250235739976007478550842472467094086934358837159389145337076953367660805619115503270707653668165402490088826558872576
109 144188195629304306554787367479611536980441453478689470741574404631062659155927444529712127183789655989067995649953442598342869393079003596529484594641222321130110327680
110 4647137195782641354692456884430532574534287224327651725361795024265779918897227263766738612166890925804873863910116443590982061462748168394042526840835164689648396332544
111 149763407812640258515207962815891833895349679013697162787758339472437207405705116600174740075290256192742609478261299121577312352861369384723560072650230466551547270784128
112 4826040929537817857240849181454195265242525850777740503081952694059886270116607950684445746880003129451032953127798934776862331394021499432449601461883505973405440709302272
113 155504146447450058074493707316942743337850229079901200887880146277298602482241983690104153703274169415765778542263271322386624752492316491689979389220186974854245720504788352
114 5010248129594982887006982238106074871929858881975131494339277149697317055865191521498217036862368876577140797976569695465442788122028033779718882076803381576901791690969881088
115 161414806382179757287688756480739684072444881224227527424908343027712649581821925633735077573802623287257638264851420553796691379240411505338365773073060989215067176910478757504
116 5199899496881875067365373458338110308263798422518485088194296804986444782053211389418024502658184123101530968355740197716530160366702159123008302002133197072119884708506963350528
117 167499892126346620008540783456808673987911938133637073279609866545030709708748949778586197823002649799266313886299207112983384930494811915552574651005712131955387459279182678740864
118 5395139241458872110481879214369626012732920714247238902253511329027316893078799547788340683003854183020245226021033374907425082539083798671227262078651816082006698172925019327145472
119 173764020480601056136374219377328063951295517329902790327066414218304613191512862172111386261976989450584299390967831272676218898527609847989784075496743364515962497891109514569193600
120 5596115166653699953860266144917137612946014499856388641298518161000239428103440323312174142468981143687868704602588380131709023057266738364465224016650686653767312616752360478249119744
121 180211923228157857932666399199751977910455193924012649364760896775057649325838547490550313577049045932928664739264125442055672122798042875629498459748195636854998660811766602743485356416
122 5802978755158875379718228229035058472660908652262145811048511316026742180781361926198917443322654164657005872613004964143421151271687505080822889474073510699262106440350141281144522871296
123 186848449889000112462136975069812966920240790783419494051493276240555129601329859307627138059513084789617625565680081009540847325770337420574406161389165578819598819628979224110581846655616
124 6015885257136757590032463260979173209710950812308449608930103517451276826491638385218811868388024843004336992019819973620743331489548678157315965810819186542741108712290505565679980241464320
125 193678570538290764023161041650295064306989763851818946737580565746525406965800845503075871150864543580052294198273945131109814659192883723484499377438515578509384738686707600021093949994894208
126 6234993780378094537033487979535758983628807258630123396732528547147520067903812398506130151639622401010126994663736562581677172978226119588829372916233803136379749722649671080192294371526172160
127 200707378690459103137143327198299208942723297976449709176584799383011832578551144286639589964333870774109811235474516108985588126471408413313636420615874257333451398388693580808646538461234842752
128 6460467382560982606810447159600586442221610446347887899559212406100104163238806460036746426155072172378368223361780431119173043145840666187478493401978302610693067429093035496101365674650683590656
129 207940094250462479747068141501280567092553375398967027766856486450272461987945695077143927545080253542596398094233169420940301174446700986654557663429614347643721247408434037397715957708556655021440
130 6692473165658214017372455379359479333588077966032733277225078425362587210796595819361478625497039080337888978478794005465462317188955187542756809699603078325999772437446518848638793999189875866929664
131 215382066533757293550871513773498139664791768161811789488190859502763071977641679248422880046349364721313014199926847794212101503862782994179422128202824126203462642604830452837982393019847820371310208
132 6931182372542065527683787667577705785658956230962442575767282344372944038961980143906748753260593801717195661535401007553615398528963303210795010214430789790433224398367665541897072581463649227246257152
133 223038777356547820030189330802969873740733091737244182273293155167824232550739227899572715406232510909534901034316643092628394548077366840704138991389906749772408071693915934439940011610246515311779133312
134 7176770485836685277567384590371819029233147489458652538637002386021510520118004867309931820195698652980616673065279834422901795096645363567843398932221130601025517690612780489386370604088891314077984593408
135 230915844197916703247051904436983938032395779900407871437069261296045083787974886669983207967622404962955783679995043678094011112591032041353594910712395021677671888926030860555930899301474628456790905389184
136 7429417329069362317960186126962801561757101826959401031573573658748851117349912157476146339452574918931958009537558038018037481119127493756212009646012724528638562769107346254832992380180267704887426772574208
137 239019023435477002748524001772367759209134926209123543504429368813227469973291645906947821486835123622089185935066133442209060546905888319528859428970200310258755480712431921878276317568314616947167137506673024
138 7689307170173116186338659065511142102456194391879736287897301680711260332565902060950638343203202128192259968588079287469151209122081015426080679155561451036081586079647973965996083453343687585900680273231380992
139 247354213656222539188923712010344050176027334494344795025178600104153031664690914586265619989450873545508144079045006486333189662967224433305745743283607669451155503545417474405570955663882129719236454199095306880
140 7956628827394222284525813041717716624599190980615428221693089969393130971518728631329722129374609130560520375244410608305173572210425780819771954332888694942603794858388279643397825603822393118458587036627876404224
141 255927459044290959174368878541288692752036625359984548159612936380989519646363730612692253405081274392730222647907499081614218967239548621584562696228726937215015840007417886370301639257263229665667589984169219451776
142 8231575777659493388888057201926873111418966949990280836292698784756062304069096963859520394348331130160953626385635034470687165417556003361419402600674884497033036207325277234115191010197039099711062868391283161878016
143 264744952847392452362915786421644761414620901561171799518633867708002525864525936003362860647626238722191401462518965636924805844000898149000914075403199120842314797931266992633048923307575155385944850189324954280506496
144 8514346267459368941772144802236518794234738816034759477632712474425375938538728804564625417274293877751444441500870662415481472580327091412243512939233724689868350271701502468133692392550126992330723504067986485982361600
145 273813040923696421416374024622266388068151993961091226767529919882115314925984872196034711302625471005562330091830318489247533034390359870270399007152861956290219792847021485059696734655095768394926697438730123381837968768
146 8805143426304122426121085742224338949945389674687057194328381487584179968020522839993089061078519087625019813697255375251372562313612498589207557598303876024260046329292777902365762828181223752722067281322334400645421038080
147 283138225371008646799408158196885653918691669388955439082689074522501631530301097641008627998805988241345214198212353170830403663038528445040834320536766442645175550716421061120737219755011373051907813931402995085397085167232
148 9104175382811783713578628637850355452892110516256917874906638059545571838278504138040832300477926332106109581944617962598493799892302683936695378151552540079873088804624047039158669863699292598804138344685329735546215015412736
149 292727168240112622870378908972220657362638016779042655038122686625665366151558020525378511574667220033559510222435015745526906822338302756647423885397301386477569750233677684301422384044775756258703671004370448875308081461731200
150 9411655383487688414191662243747435543670543653008728676229850953851445864746664993115662856355511388175791592679570801358385024571716292604551338189991982292570945302156594962884752840868264893175193483662154909665619275222582784
151 302586695334190788838235072235174386095289333935205644007544044734446728792082762019685301651465822597313698435827280604170881136580871569603084510388636236102678670752065975355198839705559427476025111774979298123592954727288924288
152 9727801914256910570591311567847811180133796941959617706252847106303989678433180497511051599098529734183385984588356963167001467086113981787827859376195676050685023280380481303012088001461682777275994205729113373273815289403068076032
153 312723800096284358030517931798177563435813543185082055797230217495218014348859484160511279469616564691349071052691270036494215078186645935894045958615097479368104796620704181246785284725402824049740376683054384969851464610301457574272
154 10052838824812209172505219581490025512382912581536160123897320730421134729873183392356251885699722169135774014424855972071583106480659978270497985024724046954404968987300530218941940877209617336952645494170697289397072076584331089801728
155 323145647586794382026509265574716753802284373540936856259105238546638946500784323162712952581194604910596014620506406534315315207207514432683710406938190102990474040772363010005763010637659662905236487923749832963569363598150578180788864
156 10386995455841523573836587875317716619477219343703852167159020827167171916951827268093051588585863583632865565314775048886887005500254224379779445976675831489563822279027252534469397899510959274878889351921129914068275357409774530493221888
157 333859578553071593500996874697767507493704903467226542646913170683999954165055573083436332446297772568896154110335630292121571198541102634764507896179780807257479001918837891166454888278758830142775147919704008282837015262148559952339981184
158 10730506769200488643836429472557478303055215888636046365287393913639090710332580032764518385965509192886005135528332003257740508962806235592750726859520383593058648257045096246628954033214207735658257377779588523019266887491439645521210752512
159 344873113593188474498911382748870533019639934186305861110206519482167934484212219630989220629694655557579281875004740505483076722900775292470372955550621451423610852935943521306800466699491798786594524161736667526567486138907496462859892268160
160 11083613481096908060185362236750966814505112087342069674638814513612356494711086456668039411309052703714464145408634396674362483302888454467724320820096866998919025282541527225963326326532428581035835168513949420684883089712775685068467990472704
161 356193957416033917186566376493750862098890754639535697075810035756897940025412334809878472898066452850312649402761102950113596527040727085698522362461738877404896563846781115738904645082135042080310827910878067564152897549730665518410194627403136
162 11446562198355624254092185123170950771848794977888599774914830649325539538305828910388300236625335850098304691535353486492118969798415170396293341780589322358439708218219587758818744557414991004209801292134874422692934785628747333662814814439860736
163 367830003199918804245372727075786391243353108384562779123210571009089485865164544770645236699513584921252476468186629259508238270426267932822947266619475630405246258064879253014710866538885360741942902014209403712242004553180557423263071278685685376
164 11819605557833756860044205192268970172712193702993200325130888455456470987882338688796189398737846484056757668681778515564575265952305607077547697652756133442599172129736647111581612025366322533926412328934234392612467905619983632282148066189374202880
165 379789337051929858819579329010052292337038564239460148471655784494699356371090860114789895296763558895794947166608514815420965486552172459027565265513159839346593092565978912241502025140805511380228797931966696129766538066425756517164008390613298579328
166 12203002369057848835408161729697637402745096521228602292655462489597489103262662422838881141305925054984458271214147896742789537922293696670974778062473971524162889477237453449648577233606746779583756044090721055790943492875400622924031882756791657920000
167 392080242570319222629161042635879861304533113782301733680098453529236103134375935550523223870257327806174219185108482246107558379872259864396496757121341598438619006847553997569563669317252596218655799699309650888841408169746021282887781507069412453699712
168 12597017760156061443380472912627684028763109237319233175031614143240540323415053823828974346908230269266788654772511606614936198754845159336529780652552044162426740468646289866126505740886860255814427580051842686464865093228802913668046857589172578831138816
169 404711205512268439349006220294737469828469367593160009196289932273579806406086586024322805633244770949127690530566959439343790772280535982919359858918918757737574107382087774336823093477791414874726616590594682686905989029844688536427792006991429971512856960
170 13001923327160196798765958504742951189453167909638422380126354164219499164461453285461470150602027578123178056138374754053649371528691950722376885583430754023505148459871540007603303233062734719379882369949499678152443007021718676460234495261288299408882491904
171 417690918569417872991858992552414696642472891327275118483815058679008841285149683199105410490589251631415385445299708020572427919122360466607091656021918106639734747959678318097346257772768366473280095728788105923631932189791446978194407637989692277884766026368
172 13417997286754000438266020444946917284490207703851839120045422351106480863216220486539777134502715986892867446083588265549520320417847135081698713549257242630274172268903104694004881686527107082894994519694161489680224942547984901699945534981046789242585595558912
173 431028286253606102701323585859601917820031723854208383316955037208668921882477948109693105516485525190387087660046530309945543869449945759885582091714632282495196826027633180192910652835277317895251581848338258788591151252558433296193916189722066955580129898511232
174 13845524632545907190876817299620028971559049091877624410991924152478387503899950500087781041671150880771053893612462996315074541652791239442435944159192344190659879882482902790615722891162919857484515981593516838797259426802573869444430344762270389739421463200706048
175 444732429895318531490866935880902475157805795742513669688153525794634279390519229498838886454802701626580181184936777118850710383930228111300009915565318997579406650758092567191881737822755139674392412882685078033446334490099250329767088765145116568185077270679356544
176 14284797294946142302453948873109626556637061730172026029759996850551973128606251266712080753187494675017165355759741561706275184064900326132004749364865771970610249361914532734645133890640196971889667835355986881415361998712445306386605625489083655105479792720090093568
177 458812692757400353037065466167230275197592158952072956488415836560404663009718829572610296205954690198062695033910485772613709063160567256348343444755816316648790053092759104413631214654793724231206105623318634188342828394114615605574444451066091486535721251575953065344
178 14736114304729877142008446386533624108984538137077660713583897978364462316913897445374072912348590953349811650404275899849389376630548478076574355188454201608483189293487072492858277746465645973059968973533561101570562891140930584759441082750858421753068719259876276460032
179 473278645266646164197890913700302085209579751490343406803686890011406105387083472114610959808326818804024938024201037764333731183030663229661773472834992952050754999539609186373287670722853140833678829506920772360610727519340364347415669990912634411445901525319567206477440
180 15199781960369965734455348084295864714721044326163177392709464589593133774497981583793424114847212375711496807538971366372280218230966706059511320863126628646904819018606958075738046454339379123022001064771407102834759378270205144675812739235339369013248130539400634700125184
181 488140090365936918605069089117962148599301780353002745321948096310344627012902332497198959428719457983033317802441584203979147668048318028576554113057585851630131758719834642996165368731819831105767137852919092339785283560289626663870619431493552744112937234349082275939610496
182 15676113999224655692407869989983257738775021552806562075090940392810169272904608991978774343918939811738560312488936499263886337612675480679356755032838701020076548147753917339701745549539588168075761774325230418036427700975293503148850708863884416907505081907422720557864019456
183 503407068989654616189316829862971974542578188305669462334546976226508075108899416651330752083171350800725781735660882037621963580729713547796042624770656578652381406497105871318548422290852855530639252879857306838389370206209937843421275450548769534020111652461837277689820592256
184 16165431772667575744134844051694475659453906703639333059040865172166824969084499703641116890043567406327771375615619837317940309737630991285853291577316098388724457137025224992453057063897952043088438730146519870606585211327740784057499027238177547572358455002279150795329469788160
185 519089865665166143157569187762238678684412620382159409458540461877570564819044190624811610775699477322706553328128974223630098800503649394241342939992876854731027857991257391598167838290359993212855382974442235328976494777763125066000792895958335458697985063506795863606519103125888
186 16668064425249252881193133357484304056170830845696386840506540080919126969470552715781130407365370744786862469813679991520335639194910532991029130211225576377971039700948053985383714592167213852617959991840335080994035867766434019442348403664810057256576444650740834928187403440017920
187 535199014243230045687358380986572072855804533498035722319287593614788559266596775115463747871471324811136209656278763252740359380649580266478151087955944143333245925936455113444480150266226809611955107042593803918849393413318707805360356869392852028049396552023668308022733673650840192
188 17184349077981406102422229849620277157483339113138197657362893433077015834557154065100120958790185314917554094144838178741636051857525412698523286665779509465274047756735056950046694421546582362114526907030067810584750248561594471798099845534472989498190545003389702475851068208127568896
189 551745303760243768000033882700028022821314501423763452122069076871703222634421058820197442228642534602040960311912261808312903999556989064018783320701631178715353527741317741891609603541072843422893867412176429549072720043145261714967248853447082825445188761191960340615205480271070798720
190 17714631015837301755978770789010354862774788886032238509749978667728607801497961916825595333129511819227477237069823166893213657270264628173642861318832825243986439452453158851768027835274305800210402940923621816965730052371670607016827727638559771984753701263786641310260987531635745857024
191 568739784435314041729393886710902091433491874386691367563724206186852236891747248895130995538103909169302399031119537893113794090932799002364205184212863142364343622973177713563401077597099487793138821185092155041933113091659271560089623375421499739820043167927579119283888406427264105016448
192 18259263879563538543484356635128585623000060987681642000036669730070419165691443828007171991548084292553682947517951181290218027383853461965353153458686334531371039521632877712158196286990880719332607554124775481772324954517347562090764341713224533040849331853317130386821819015167822969505792
193 586193773805199709480449333226166779853340877970256857959574901980323635668822121186068603168595673703146306991920978902415588504794733938781091448488831295459287063353822448342057137249102328386353376520641010998318261753043280287696727867762630112943779106387937862854567398976635409940344192
194 18818609861900759336751763778163853285114433851451091942377130054968232072972707230840739109003334781603954023671001709174437954317851491717426561198048562454114136027357171147290842722684900413763079230878633150530412991788237157337937933140129936132994576509523737439699854098035454939712506368
195 604118863000244332710624428889247975571522908758841546067731755868629557834582515275996779214943345299478815876006985158925226780022284224655769625397816890452515225842128339858268528214077080489028021472807957862634772862370177893474237714516138654160297883547067672310815464720738672816535492224
196 19393039908312963075988156545064925923300826858766124795814508101429408013124887187031324435768765363624385970015490612365405325591089544740657326803422085963175527015418449359420996694534330320076312996706610800409979306261540978903906833693261269547768504033485454212693914857295102571328247989248
197 622526923164485504784626230215803692275071764543458487265330304805673111482193059559323382116025727810875864582380162490189128091676816849349654581307347196844049074078070349654835522961193875705483795131911163676190923089098603572511987930501233571579514487309041347634935113463654148096124800325504
198 19982933922327314198813414701927785152696427045712793799692227036526136886535068255277910782243117966683099364504953929217815008591739577767906992024818725626252122620678468327576487226235901188172002497200966433715130020942373419176390794442044717171116879207695633531609794330334374744802983919703552
199 641430112023198897176976339059943158352797878679596999964420339173071695449262489817335652137815983442667626765004619463986321838926172649468686733967999991342570294461559330108977698236501671563081383729619558474573072348336592729169102572220231258028042702320444824124165915793277240762310768244334720
200 20588680975588620344233515945390959473525947045785274937966080513429895937584466368920708390432356934040107289883065516404968230078282802437988231632250193169565613631132688568078702611228755451961509313333998834176271560832970680610432360440998878149998546469886301335064231530120085337578210050834161664
201 660840880601207743960986031099021840689502433481766152625921057112238329536420019934464357718354011576930452466212374815171388203386985415453595563918613268825614012475308792278544445613554845055533511788383424008623368962378504990150437927704872324769420404183614806223127623235847041814245289672266473856
202 21210679522734972560105294558752113775023095998649781065774461701956275041201004935719085317087313707839836365570462435507093734166361007543587229667054659853077576649403757813463970939936383054642388087812551005361972966898564968352393717564399921330285389786048408410369530065730313425089586464489421554176
203 680771980095362751299141617079881556095932888403735656543214589959091525649802163780449785329394050354837209956310513579280495047608433523166303672341537104616090243625774578700046167019880924474286688573699849744943525802798074259319592492977956769825345758559528956413973025727851503013512437813918603627136
204 21849337621203417015222245738641708405705941853361381220242312427372036226038214305462608324659911089358530560332375905085601579057480347711610289848074151981118303547289756114391506207372840964087841416765872637042836842129790550812137309595412324706900629343463754654263343081577261596628599017948224041917440
205 701236468904673339753788215156177254539602472740280302194857391034477925219715497104037173179729694743267288233879623105942154417071022751312519759404967307271143153808046567776046903085581395400410543869021348363088784817129200329809357608442088686443882095481458698987306285059013029862895160015251492058008448
206 22505073156076954400418775835499505178171399806010563205117082726269302510941560023056434160882516108870792760830332873196678274086679710158535795036028301003094711789982645335586908675042047856877340074337191382694144490415909116734136566495623994140393444798781639959857582130277412733132424586325409318450531840
207 722247719821648723748100625442128327325582331712544427870819110999861536982455287715739725145266505074567976405435964212842674398236225292109360847587144266077268366476276006834933732853962520909024541776811839819737113364295301040295289762280553429948311194632476898115711631010343275898886651024069093714346988672
208 23178314070086643943900529862732397739167798535684750587718987686094986255314935459853989485818571717781097778481099502606138624615218655830657625559512414922940947174120544195610699518679003866708042155607596159346414415328024141682565106662118863149280471331784000202103515314524503687076050529669881792655621502976
209 743819427388486641084639389016809390091233081393459202968004556624781797988919572127379744784867035312957209173512656795031923459266573195435366706518828414643543319076463433055937225530549185647381682959189011172680625942222148656973008976646315476155472767155749983342601394937395268173184846381858657182177677956480
210 23869498598885124436146754468053425943766377596356838715414951414379778354308959528743848776845407338836465156544638320488926093437122705514075235030162844557147046310888088490417612742822738088467723475828307620158952773213129231833123921016585886805319151978856976816096515515098344129968163129013477051979831191878144
