1 0
2 22
3 328
4 8696
5 220970
6 5669980
7 145756934
8 3741811720
9 96110880966
10 2468711100816
11 63409119151430
12 1628689563351364
13 41833654654188898
14 1074515649119630140
15 27599409261519831938
16 708903090985926040460
17 18208490231183693302650
18 467693146850992545375088
19 12012905937721379645885346
20 308556817447047811198498124
21 7925418719016875201637247646
22 203567895206894748697364733260
23 5228731683124813021010670313694
24 134302292540729078424837289130652
25 3449613955134569396944232564285430
26 88604864550969232510870516822402284
27 2275855247630887803068713201413966818
28 58456351515441728519690530893803973976
29 1501477317616778265219221911460068038110
30 38566110899379829446443593125079622386696
31 990587664863334185079063440205078730063406
32 25443683557814305513738734764246575966273856
33 653532298001616421138737516061557799475059206
34 16786266955442486282627387448407346012035647956
35 431162712479565045949920073335107935299980484126
36 11074605516890262828614194803483070583598894724620
37 284456154961565917024288350894917044400845106015846
38 7306382513770958355880847875231117008330481146384248
39 187667675690655607284505854912505982757424325261020694
40 4820327492127952568910629797521104530288456242981569932
41 123812249743345155738843893416144864312288284836892121930
42 3180172552911174968635232713566464447952645907082709727100
43 81684142621220524289968055443113732559490635857158371223770
44 2098093435104953136777696166058825853078059273036414441607896
45 53890460512551408885308695870906600920515041978930404477969786
46 1384200381957530164831870053456024324126757628928697216167578460
47 35553800787527545970114101957989337362933328369576150307695792522
48 913215143497900323973120791319762193469326642076701501106445279064
49 23456336027130150123627852338771866363701371911422200348631221902426
50 602486395166648767949401043363552756750231868546735301345987630466236
51 15475130299167808974713678059458833275808634921333933727048687083722962
52 397485585894401943685635868454803455779973617738693791945039691840495076
53 10209593582699094790390353571682742342801474015980718239783370647212655254
54 262237939746530468714816905470365889049281412748814926252068378774746438688
55 6735697800844747998907028783986843275740619186150730793696507429430926535134
56 173009385705811227693017949313594269134760917606165923373328322576485383315100
57 4443822812025243758522207952905327079086305551394283448764631849851788196074290
58 114141560032211838142954525833164948934444198680392908362184678541767814179524036
59 2931776598142412581134591899069566446802177314002293573197350824742285313363745198
60 75303982344290875807974097896265070843502591756182907987449698707268616681481217596
61 1934216188403389127498998567525583941034015161624161474228549802413727137197106328306
62 49681200741508606950167260689470982063667354485719526190098690479086183516295635408236
63 1276083677675908829539232160447116648599023239706999150640295732579157134871164060217098
64 32776775281728537133040834447525041138449507987590666321524146416842986423174191107035808
65 841886011601959105728209249694634102944279604965991295906341147507595894494831357104652730
66 21624215635580235832055007127940370649429594602314241409288751296181471851153543106215095452
67 555427570253009061154319928532329208260152242917352331101241004372484326891969665257992546862
68 14266403507813680641927961770878179206544802610503547790874634340952676275872949570386445777032
69 366438902114718808759088968192379848800573044330978088470555505982745414677742706960570003333410
70 9412145738727842072903307279395142835438654288719109296540090264281744523796805661909122679306932
71 241755138157571530198865379681843576133882867183558517283527288017223157387719078304555396335182914
72 6209587956665668313812245127173206595619172438375674489547462488481843824162131338182526988757012156
73 159496020996398751763815225715433626889092941674131731916206639063076276057008718565863617876091808998
74 4096726045465908004374435742743722888260845065419605093306855862011816538553223501040719701546244146160
75 105226225624636007043947644728773138324371392448540695369420821853997077400845120018325308995144081850978
76 2702782279391483091649177212341023050123604524994147967206468220766085268915194179985170511276168999443540
77 69422161694283331796345269647086728808653164379501612579725429886854646205745793822776419792057016299973542
78 1783139016063214016042927800412572441393131518927466866990175873044284003815979788627656501979408394793417524
79 45800716558048559193517362291888831127974323387570523420322872590965074698607071379697511724668172443896275146
80 1176411720193294087917463154015066216569133596441319268593935270539937467683510395760412481339982801380617099168
81 30216656843220168127918332661549428690731293199340087411607797696027997374446470035870447045949568422888069213578
82 776128233940837666170658993265465385875742767044090127670564585758232723806366108382117220545032981616355023743024
83 19935197948785685438406289617491464622500635669396291075564134678317049182640805379947021238713051040826179222228218
84 512044401785752767779727894201021233200372779726194614634728611267329066819555472110261074778598079670331136688517888
85 13152087582661810674827796727364129534198244466351343395518793417600768598989114583076462414814143929410561227490142774
86 337817203310394537710732315169094261281228142011722879065299009021097529411210989587356756544756701665548162354808655256
87 8676984709476816583301450136942405069876714367579359222945589322676500564108298403839465521508365427658343035488206654810
88 222872201032687377018279242349699852462854362832757166023665385007518739283232124234596985322899015481490169236995938026140
89 5724571340883418142647375283248521363454298090190618465327143806154893805983217048321838902535679112084568189506660653056630
90 147038154085701717386367318915810316143744101593483343324880447654759516297499438485647190917798006896691491260530600596411828
91 3776740208043965057082376008019782501575223552746309214751889452953172045944628473371876424977794127634058343202764638241838310
92 97007247457297952446051746411888377849794960981116921198610683882345097385486018197541476408199877311617027276000449877387366824
93 2491674179547351450402893975374323691871849463801930149599843635104321840138639289359499036525283187482114945516064904614467701670
94 63999756510521418916325491196183223809182527295080517718929265831316733916558505203905657381458690596339940582766046775000945331204
95 1643862133752222996527538976717311491242493415459912289648978713559189668285692534599410562726948162886594282164246244948601834442254
96 42223328058133505025938658665512474292652977536710522717620507237803691878801522544296300290331512503552995842514420639612449149773792
97 1084524909783878771865857700016275214767162075699717304761911083735417815770328583144704150219266623774490436316353216098409619017747338
98 27856503360472538094416921983498097688381935298198063272726052464598196828997676544735102937887908987565247993141058731249113776382513812
99 715506644865034941849606952864088681773992925912039341357582664304603554649036811665444741992485214367496569115794986222992293705298977190
100 18378105544016665778206902460963992059433144412415585176594772610299575736148218927427856724214145391888499533575228797536795457689778038856
101 472049792704198204224814807895096539006352839958585642372092464827094857932514255745869146231046707648923995318398585550227301861680717857522
102 12124808308363604791800918029693385485628659383726169056090552257961679812148784597369677951570317323075493568174405007245032928754621068063184
103 311431079489288055334833759969409973764842501265196075043872163283655451329297951784665951841705134562282491148485883117253254775408240955203606
104 7999245415283038164226318275955145226825043693178280910417401732198927703481298381582877824688122757146385751774634728003923273963341017003273596
105 205464166642776019031674099476454256347393646730742361734002592614773894103980006776305098003000989824989872962787832204097865157081126788441968714
106 5277438256057895596847960206339312935583310496989103745714413791294900484548793993361293798611651052617362277551625407858128672736972443650334353968
107 135553342471275329690329553582945891714608481942049044686645151484613324431700480535918569421181574150546265872483941048858514275778249012155734171110
108 3481747727515862810445710407472140348257665456848320587754800283015242505769728286184495246731477782739967015574435515434892929528033201571546408739280
109 89430234747850123087454750797671364792725487338161097554807117341128262933697504823794949057715565888811329086142116805219797959243972961571481877273798
110 2297055247239805031678383934991242161867097950424400506604285311162361393734186685857289753472687295892736715742294947836651215182190634386408973009456308
111 59000882908884083607873655920355834953995573604463127924774112199237203301809460110567867318956583889103357718697738810716155081666894925150218608183726002
112 1515463847990084544644017124503161532373733666114145804487979563740342903298483665590491738158518611322303785319602034478211314392349852398129376211853850004
113 38925361135894085289107417153519361333744300302644886737857809147197716960177961065049830260120068203137988518445880960064958080502277779149640491793600126926
114 999815166537504427754472428981980918335429711536029422961610055486949460871182328096399203833427437025808012749501560847656438884940750771486275834828611257688
115 25680696031272851055989475540248554253630605935893261290034350767488060345192592531891617116029969003020583458049212252855103555406161127554350317271783840389890
116 659620068511827770735640881786636592876522307547508717470710625039110631151552341539638981588961094930556507745038841586033157337025168258358501207863215536307196
117 16942634041293269125818471466450318548148777847345041491369614173295671845345240342983381803458348359002413799618095980277514135653109152562463758361416082866275486
118 435179070437943011667980195422331397847521282592086309791347557128779308799003765934116254491914625550345942513792658063928298689372223004783419904457647363092904248
119 11177767452549916713610030166706889243365298984660594869768773612676069004915629879398798565726448788036920278854815419683651589066757990409915505487918601257433270142
120 287105915037568846062519196592103552698842714093211141455703254440914694313516391852653880521856262028892422023692973591028583570811914505454594619101060208440136010660
121 7374442776652638802233404672054769214095573851834972174995690480526054115024962947682354047121953257704502700389496288386126881397080852375132648608768922297102962107978
122 189415833731632268454285802982163214074050124143376453449423925001824756365458429677312173847412913008093841159983973200971258044167964639353372773872987315047977264705268
123 4865229706824715755951463737861345386629729487843386077219649463120812638743523900978832417081661887702722931381087957925206180704637882656460743548450451118536646300643414
124 124965583044691182836352047321247783478744445253640509199092504391311342138381629056472276277396236906545356430264289585775226637413869937867420304628272723010422432790103392
125 3209796430329622497934396968465460709280895522262297709169735084261191785659423271902983001920680247825064230973134610509472703111479337041231992474165800381032438118943463994
126 82445045052702395282243959583625220516969971294843492260663062767512558220987792801475221250807595659299894360841202274404717412030984953007523381650013110804675699463447255896
127 2117637551564012028207070551704904508079343271163368070726428838010222253515715561161938293030265048926686696297211988223668139599760587792607900277019575684395443857029992585990
128 54392459812805133215513579477632539609134096210051890962681679499744543302900948825948659171021297217402254092976765320304417066375197278508437497695621378229614917909106945153360
129 1397094456651729136903612025491080723659503807576571913173741406889605233144454957507216167595978889424202808504205629801459692365176624469059556716742784562923319239806878839377054
130 35884990815353384267428777960559485839466847065898174273514383750955404226728300264799605780902622205174720627351114945567868399858574447934673783555595506386566655625750013428487320
131 921721906265501438774052399535203269205472470528677265601842725721225660875240817411856905322188562779415429589302857095215300592853443176037686701226117601767196618139200151675878350
132 23674836002081989271327686528430034725035443181306424513810587584478130257069839236262468022490215149188269501928163937987968448287461102483125524620250547983390052607221335301663413128
133 608098663941297755069549263192682083740962795626495933841246089967200938499293002113165728561379559274234015518567874107965491269874464641120791318871989068673217308436811283490350950038
134 15619283912026769733094216587113781568889536155008529267809769687259473001239031084519117275274252401997124730766889766141548933844643405793289604058500628899605713154682057314998297457380
135 401188235381567820585573421639814076503732720719820999448184175407733043556043817178953435467567384198282523389232734447340759551430084971166978952313945658517085597398698104948959485960514
136 10304697777126903926626664067937691686202799312917080152527432405234080867849715948420178528739541911304184630956868947403140969935599690102636969500045003092415091364732105989947609816383232
137 264680733164895786252305801084169247157848531047025160589240649923376114299028680654895361201312657229855521999458386148142241922881737546715639644965383132353625980157025414245576856038354178
138 6798442033322722181370914111372922281591657854807195071790254213119256371767031003409029084812658391880552315157454821215093843456122782686725316609184800210459772409503098293574567853837716204
139 174620999147886303549254415827144666459718885477904869840542858290665616623178485563581923535907272327335423290058263647275872986511121765123754478267089667465504822250103282495919008058536924470
140 4485217818133396133062941251812400442361606099192980376665073987454182369298499004887738172924046677935813365882666401597437065058025202543005284239760571704911608449323858816679239773797172806408
141 115204809125299352898057039288662870524147536978213781821946583130559935389186697786041113933699569564373340074602001300360272072907260461664594882155630822166062628795458639900414194315757769029430
142 2959086622713921970716680014083398925992858314005496308226568387823759882262688704333959984305638805734954879431051366060846941307667252327509444097170757198274325155365818281982838201637941734378604
143 76005452439064855205567107130715816181904010107113638069220585489631894773736419072783380811360051422975840579496419460870353371549928356895431476911933034255708205407730296637259134232887457364397882
144 1952233758932254459271034393646368223636156729974534844348588972521122848805690724516679251683593751974629282707668051928505421360773335956290255897934979895201405497149867904097098122402449749125103584
145 50143990032429464332650165420252218901032542020971403775690979328664945619804494928584099158757484446567648765407711916492397873204717041021525458818675366424512971014867454684913772412726437456143153898
146 1287970625888372283776819649760729898395694862274152699342304040738863160434667932417953652827100079536694572087488435224836411152973901431555094246006632334529430977567628306704716646158997008851813278368
147 33082096819149229211332034517728395767977822820435486258900490224243200268130983105806647450821232268653529336698826015118713029840209485302460791780746532104631773703627847512570262865204590739253382395734
148 849728330719257243498942199375432989111184915114015967866375574923583641602135487899292140824981061231969072540945190344343567305162678033445777521883361195247431897535554214850521802827611633015412044192312
149 21825649080652924523917385426934099323023241249041541152761521883312680717114466006662361853000780004331248182781333040839372831317458009310458230247711918993582264770611312411402352964028476981653792872523890
150 560601477637669413661677213082081340821439842314965323983770085862764076990825772816096789817982860948504888538714493185854915864805593093417324861081350911448851408566786251586590182708052501349111999198616608
151 14399297613930879948896446074768175414040417863151925052578031711857348747641370839270270027386738728905206848659745604054497339726428209764127472259403273508699645117420731395162270228440478130179762261325181202
152 369852346176947378777750088855214318411026984852522804380118650347098668872297742244519163365317004182275790068424862731604472714818554535425602553792237478060424568243770190755789893161328692739868272505105881436
153 9499821563535963630111797906220361926307764761671818115521863511941285198551387179040502843518569436965791576925276050639851781887699434888085691565426721712029692756714605587429779189161898417661241111668981300734
154 244007130607322032522354572128661160864602208229645561433089936733737450138666134119577410221671074102997406819356195492295395838826779071815541445050114841466689392270628178772214187434496325480187850955746619293684
155 6267431381632951770123290398680149128596250372741122008219474375366322456487544883879166813061913318783311533844561445568265753501106970858509150751370886590846917877992907771064068920961011515782911775195136016074794
156 160981755023755920881565366564705132944128866168886759528262371674013323693889333205830891592577749856377384046212701500068171216000566339588411196600423852170897776711062091798658414219684483830134599606270176762711064
157 4134887782971864359911085258752892372722074761742515789849287661359928735636429279380670255618705211449273830566981320322661772268042556722493811195431334607364642251570172993662635978797978127642023505726749456851292222
158 106206426779525097042031570726001673023974694117962872118046307658555802521733351373479627977678096716825921222146331712136668784849906253339938682210609637566176923843138676099607224325781792653984005759186317069562756972
159 2727959180833560859328222906525030764056813428873703732504255570941227046937362530732132543782900376735735535815927760158652182776094967954487488552247645872774872263191117927008669257622628701475676463246131750441124833454
160 70068841575308182093108051735976834051358974847111797482313738197596377228575306250080279694355237679337292969636840865622636129805798675175783820895599162370941680411932817361179751242816604998195021844760983238219912287076
161 1799749275649145106473377220129505577531939662494088157271477850022013702985519623001478009992977759512623659395822425467129088124315220137387780285118235631130627351294918386667013759615742845761597569823326795151305572454190
162 46227358443172264630493618808121916224912545625202066589906105005777030124907705875713170766458777472649729254765546210486290624978888098127564971208403537947421834400231811348087052865276378182333290314790575016645277238242300
163 1187370206254287560653987892519622713729674485412188308658390827438078032673927580215465815799725957500399528845746664931592563862251615280444297738027027484379723287718862444574288706416777898461297736014575718114814530048226910
164 30498130418450992982932700006839888933941886507718029265708089422306292190981452768074899213424689883429101182510025441800432229354816277069775184857367257522713944850379890290503251993281239808230281188165671361209306835083720876
165 783358007571269262151509485733370884720298350018625814477105723231533229726499329620908426131318194020625489058732207788214839695750127632739089191961321220159597865766347788313859762187145616153724643150629531938420860365290644950
166 20120897891327076391604035133956190329607227277590147557269294443516048383575549935546406531909686578803301613915180576886740509752348552251163554199405820486056097254629971396010096822824946474135569454084813291698770670564411120036
167 516814187179132682124859903802570002864337294879861090949515362903976538276390202423086840937226143423954745348358852392616869292113566720571202406728895165029997191239396060763337238075240795918920507208449517969223132559410629414990
168 13274601636180321650036618872400527195233865010025868103747648064866532919043633545835410340742901044878219567997958846177209735650937915606734771394464748944196752846394361482371782489527142314126983105214417743939178866749632255966420
169 340964031117441966110395464221759878745937974111805288587190544722641072337178978436644291070254094838465143904755056497422564443880015818680680971423051597959453609941109382075987177555483824623180819770333688455577920998689621623339690
170 8757812377510106562590676137500353217494609221124948920345350524748469446054194086075932811753261500285744323521184808532379518713703901362288368099496452858622129144005633420450174565827085305138979257307674064438882332196618442633678492
171 224948295538102830450682377692446588374142976873715190831198664632343396962139526129938682012980256145137140998795849945263889791522482707420952083599307023521785463194466248028517269493134974264684012449595247695949886983421696104493780110
172 5777896749129033177158548265725645855486264250734662146639143920762137520157398448502303614660217025005642607601476553468066946780609891333447450654168837924493752749592982526388860416140067284870406250182248953053517275596169137238596256356
173 148407840849547984030888123490364883024238977871550763702412379386060260426726526710224343762724535650689500464126425551128297088953838365775282380334934217195522798730859280128441331967049215282137602723837713294066310239394548020683079693618
174 3811921220112633582192756771463016716330158116655047459213687372426519367882110306052927042927531774761036422039332400877094406789257277010225159264891049813717704921805766016929520845217753701503958747003451080382838668364804859573242945914196
175 97910887357197518103629368126593209309840889470521893168555173941852823186638978243152044173834942977959236036982823095068317664992063610614619605100980060584088705310399541268394416053397282458524533772072954925659962593765479325941702129164614
176 2514884571195456220101224011576293383531438874793660794283236898180269511712776978348568419195911694795356631242681107120643958104248459560352720948263363141480995782447041765606523513645849952658684080151281113263739534234882700389775557190748220
177 64595925715221529557093682957380274637970349668308119212030919240788788436067011301688442122402876149987851497505183041919172374275662388510183006746271233834797642342889960788066716669843537414009423075676790139401811845729362950974020196623882662
178 1659175004212200083533257642512092233377032657375437949705008984380221485684015696415787225152651306035936908902835265702955997573615183432157914106375645089133528228793070754413131973767965475786023317228996591605708060927218857130205240670025145260
179 42616645928086198620986010880409158140936589435569166381042484473690112297713520427740745007125861764834521564996486515454499945281351222051610113530078454807207303181331692867602737163656405256790995848795479547034944754435601051738088397709677242538
180 1094627453733979912515572811330775959663787540462683125504953527458841137894456410568646366919961890773218271756143574544103951088551308531268872187361791573249364154335796753972086782832605759631750605705658082819124216087590399367499080309834231878764
181 28115991682922775653875080716598356994817482065478550110559783043675834655336252388841612868138180268231906975091907789770675580414738418783338774287596377911677302026002801884884932925964017370513679698422900267468868628911639484503823029556044259005266
182 722171717526002118541150164767699924388377292671462867297549329158379718610354737250021192010292652389541870142081256007824731531262308545358725746840349321327866124712047286581556101698141667516391567384177948479964916907614726140188471720848667768076576
183 18549300891678182144741544161652900224133191564694662736785933535444577691226667065345267878627660436054207062210883402761238760357467073684080267217725665069690557188313698125145695695416899701029763476401448388861823376785036229179905523437458354441844442
184 476447021144419673680330860913885411950913260026508122605256098697802217617111608280225532647726408948433310469635925733118873751565625785245705684039713167167026935652436676436392382869924832235730666372118099796119168669370720620569121537465268035057678928
185 12237753071288602560505233460040598888719616281132204955165281574724361155727938686840454358907175522997617017295032474533235195755865921763403247240865633604914331911268419888698286502427278322710263757465137427148252085370481015752537962369430814926216553914
186 314332115822879461741744929198489471602456610784055548440742216762679083846423699458404916276150297764066498768817679249611743384895149600451182990274131545617724031694083742333239471692104303497344575284807431875328727848571255771105849130308505624828419569280
187 8073759820297161895462231853856499990288856273950607666153125660919745954323727464087186924858025331127056918187389843740062636173715276350348194678035289649656594935715313587965240188614623770879401030961960905825743823928674627175050604569700514099456109454078
188 207378102187228558680595228888458039834796468699053376919398973357232153033488691670738757811996616103145924063789309666838859664153917192233488156522569550862638149483886068793756000507299064890643006216261386063150393752225132373971727968532927358255319516764308
189 5326598539463829157535681003927342438429586005246884616390792763670978176230791273558331878129113131461733952277712566279474138749666703530785721306527848761458486173719932584296902270695268894205931564345627640436455838837034362910575903178744402794262455691145470
190 136816046156128513611218812889912234375719426778312686302764409937341621796907058588449003257023338474188139228318567678906622621227391629504543628030542834650340617959127284529292050703400058084509884191519271139499348609954198295001275755886396902994596157644858532
191 3514180831747100115000255889155927039740852462706151745078637572836620666308118169052496410198973325317079187148305038359826251269247940312414344397932319105846047782859735611348548169937016713253008224993133486056559827603538154411883243060180997579895238871929344890
192 90263293416081228752917421774122852428854266493721386632880300635626118887218350109288080820069796466731878736196749334478290410073229726593908488794956971513664688743053505550119639804099230500990279342189547978142409667346083902284812532735672845302592545427315691860
193 2318452728645441922160192300063959511463386840803200925159968435756246415617677934346182386310114219154519034028936233096716831742406152020207917691520350104010621781355410946131796237296173780182016977622820976551751558562568131920216032535166464410321036132110831297962
194 59550486709870594591924345361182759901549866089130979894789053737969748441595871440426903401313097178812587709807166511527558666626938956400578061124574148727570220220822290722120177877109222093653107019872269850763198824729588668144991769798510185874034560854163537026072
195 1529580665401092805570822345022512281676733951936278602769842353580501278132017306055486899748263761493763922481627661574411526703904378435429312398605074141133146562587293633105376757723047913584493469456903076966229772215214637488324042290874419392136471465275953867740522
196 39287957852761836812915940961152952154309246095087565030114917139661460762243072512740788409257142692776009996069969099502056321035278129220461009547424047932968177271416189081282697235799454026011984432492265657735169664831008409105306044843367891244886356648129100745070616
197 1009128624043921376383812588969652350277662716097914908397582941640417933485182906437270605358689711874131698966779521307986987735442458141311357649923033896174084243676327074819785174149152563481383252125747058938167990547613930180436915938553269707633242979477127649021651150
198 25919916318409291745735556641389191933780914734182485693155793669648109744404337445639793273306638893931314456578352067156337209839546048246397950581182324150107258964005334216601381512595896370018045586266049218721967135131885218060071008711781891410651573844469332927938557772
199 665764547695655293829080224678182029813569182433288472305562080461952639643149155134443108723879311413949993035528515478740213094220479915657379787397937036057195928838242179614820896866613210965372482625393894170293950532825691324192917542747805761434177533838677259852772482422
200 17100457714579624532165818257813059838893250860381786830668907517895151643927772211345832480364050629025968005449684913751536315199128647026070201863990023689325522220785321887315151462936301995710079600322702008679756509924260287575835344331315353450539158487108057994092836413128
201 439232841490688665334332285107546981079553442969702858265964624347285886481886919995041408324880414511391999772960100193766492486369595934380677707158244918160613976166197685636449109694356868743900336104894196686852298882947791229883407954751349058214090739348934743472504645541490
202 11281890360133384547921403506514808445225986836532832755843043780867443207035980258449270504704360727740875245099680795850525606974458655354436598071974443270057660469202965977869348867007301983002313340767173319225688081423780308797103104106106796915224313347534947853072476571112996
203 289780358103684355725921082837788179157445505373068008443696171173300290870853754358958724344558612752879589261542090085726598690789920921518121130378544102322710652940465915367853736098798682008820009473541502421225127125901486964421425100034934699804081375187418168052334481080852262
204 7443137033083766290473774238114546626226736270807224951378134197063181421128810721758901577602824612731045672838413436460217491774796239749767859940508819782180946610046156438691020412954413527279405932177438952126369600104583946715554627656315044893526825940296643696179088135475242440
205 191180276178141126057472688437692059938723486703768908283260645496680410730833773109054935861125053686626334298779435155765801742848848356643194071384554359668195625913712533875086515835966642707980814261109343580971036926230965001853572319960079361869108469314498364122984686037932233886
206 4910550193700696407836714455897850083087168127791037634446208487069414373282418990177256481975838351038482924675008756222711450137484224132321291215068008625056224443335015994352430726654938778561028884644651655502008581661771672415523672325291884908865810448908354664646868479264025876528
207 126129659852489528656169823932422108631486623782012717288102008584296248574971615065094939398527254620993473481395542379931991313811755598881614828183488730487722787631331791730594385618693315728235398969723663558257248972640929787177381443295918631768170282932706277200249665133710640380786
208 3239696259476695526404507682665797572853396201929323382343109439321117039744404525138073340903636527171005947437159021752263300292856441626433239584815352622684323256228611755592894472644773588857192355555154719861926799683713980885733696964282234679677169327867240388552400115358183709590072
209 83213035426735365703239424847149107656238266178908467629622998474242850860115333643170898391754649757189639012832941319182791118601531794329009949583114314425756900581096856985417777707384261184267173654596323123884559089878387686041049034760285214378810639421851537943872973314189737310078738
210 2137363724971428965098188044472974543771718264892521561076636752779246381865066965226383255355608891918537223483292913925485077058904521193581553093224642031045176181779233111056327123566690299108919510173660188218465499029182215687375762987656534840166174485525439673365503302875892738154543524
