1 0
2 2
3 50
4 136
5 2820
6 38000
7 421920
8 6118120
9 80521240
10 1094128296
11 15096212664
12 206478042568
13 2844940947752
14 39196681965960
15 540088040101912
16 7448443982546312
17 102716411297423656
18 1416714539550709832
19 19541706844710946456
20 269554885327669296200
21 3718312449706880800232
22 51291899863786754760456
23 707545100628449030331032
24 9760266077599195006913160
25 134638702648708519353581480
26 1857285919360215447916215624
27 25620520678637325411567174552
28 353425021289293439507895836744
29 4875360643021146560513890925928
30 67253711797513349543155745847048
31 927738975655207997366611560350104
32 12797801403045125260146481168171912
33 176540739390821350406949983279755560
34 2435311514829135582250216112445171272
35 33594184801796189882208885087778918040
36 463418848408665231442941758375467876936
37 6392684654216730270270937026377516439784
38 88184624539362896637408448848147052879112
39 1216472958176760137586917061565803235855512
40 16780776314062211344849369701005000264751752
41 231484351453095497077269854554152184129692328
42 3193237545969640946307843868744074784347430216
43 44049483094448225354656328315189381538386984344
44 607645667777572203703170179105589304241552906824
45 8382238147691516533472547146493028783579842002024
46 115629749526304325422520804586976992711361981085960
47 1595067897150360514548567974100364021570375032890264
48 22003347814532266457674497266060365063201049172385672
49 303527715599967604350077965609602775908213968579712040
50 4187048030784806037109436120312105175675814811341378120
51 57758716292068066173265076213068852639869345523890962584
52 796759264088113913139940342910540140581017322397431371848
53 10990987432967573196849394453394072146060576844450659342312
54 151616442000122470356236659047686226906518968179958205324040
55 2091490471168024455002050117497297233910345996763411547035288
56 28851306186062616382973598630304364487918796285216631833297544
57 397992666051737562193000716009703957723294470286728619985057192
58 5490155669537477165547731867425635332722981593730154739294967112
59 75734584696685236108624212775129038374254298565644984796868077464
60 1044729451116390989881095780747211229924770006713608877241163082824
61 14411640737203794899065665841361458534337805241267259901532114443112
62 198803037969581987911589810645734614525492536723453450996149906313992
63 2742411403852650803669863072320238226286273491619014773404670974162328
64 37830509959972551612126969586030225487087461914466054079623792937661320
65 521857326665521083767221693245904316416355902731924912411818297812301608
66 7198820996138695644631277981219141921698597826138763784879505863148320328
67 99304965335214593760705597660785928577037483570401479644631801183844024984
68 1369873781486950782967014284002615561726070036883783524949803772762647463496
69 18896881650085146942352373978955500278854797804770422101441883843455292864232
70 260675210317342921474380811220343071817407559181219745997834393907694199288072
71 3595914211257431748778447545745538403113425959543181126650610415528586374516888
72 49604252736505320630148704980699118734312790723069509069946103448560527623168648
73 684271577404142463220191087365959258244795363552833968913068165620414619789904040
74 9439263083557551637373787836567767006911028544352548379099518049648918509266732360
75 130211001746735745574780948288925508990149291021929816483317598846704142478551212440
76 1796210660281576475096276575401863507349497358021024949095669943532611295424366286408
77 24778034826769610840468122637536586343586020787194069379064780501563047973598078720616
78 341803455158407715274175731749347687911583350052519928427312615792517341179651303097608
79 4715047128435127433179319828005202946394904352600001197670234335612586700043782736246680
80 65042260655501990721475140233959437702789446327119201606854282360687339121731017126559624
81 897232955671922942232158327478800978063840513273827989920164177443249316593324817515272744
82 12376983343300765053372464444012695902936898415836617095484624372218390121590580451099202120
83 170735722213439356950159099943142957649083262111320639578468454000394175740124658570292483224
84 2355233584080323789400201224296560091825394154809777009132927639060478212352524968834659765320
85 32489540933005811780109424688599085698241997169352771989748574101073399126956004235820256622056
86 448180714291929263403468834158079338377435110192719827670513900680003838516711690101293761896200
87 6182480481254388559441529140087212587286430201045788163505561078609202538061675792963862713875096
88 85284939048480177422249139269890225484407665097067397678339218355389205500918023040586314445027976
89 1176472914157462052621729335547120679540431473744881239876905719087646270317132912975393790814641064
90 16228991111307082102147733286477817549423664903280592411717396652187914894235062214955662670689758536
91 223872687013372946136768586490690100264324867277491194471856719217941876487406878684507431035526687640
92 3088237564913612410093646879350947263320463010353807550015547703796484863025198836426883150745947756616
93 42601048768284345887458756367414188150927795982781183420149511490339979155209789399456109612324080105832
94 587665073690180358015821869820489406880848152145993092636207298563247458671921209521242434551799759015688
95 8106613541692702681577966870277126574225964505753186659968463470137813939467272174864561464399139861064088
96 111827614157314878883509639137005639544602947011524598600803812184977042208597081335341841906486423511434120
97 1542618902924302467192604284380831271748039295792787965853050329238047078085321310216725863704454391400873256
98 21279834123186639672175748232634496164190786701770779102226904351622703551656267122271856356974390026929284680
99 293547122657396409854737064639969280387555154148160632186587316792616943685995731855736154839257393912767149720
100 4049369591962432595085546622744089275050043582126449899219658364560506841518493100781492960059686445465285519944
101 55859495211089707913100558275801523765518613721578239349879875985667052192267110744069112747995199419151492355304
102 770560240149771431522655952935749051753893108003389713712621673440030096814440916984719600165455168925981817890056
103 10629581979856389054263236807854937017136063784344975592554893943974587041674645985923152705039043047411618598130840
104 146630992853364116026691763227318825518174507675837708413483271110975061977832071680077743236043812509578131698125448
105 2022718118728296682332337303951888335937916275040723226251358016575665119758007990578074034721287277018129641870978728
106 27902618049672928128363764390799202627356440275264172105477665541244820211260149429036097143224479122211645133640387912
107 384905878291840072058728868658910885258340671692190265804687934642417026282598752990850497112453725887119357299830572440
108 5309628468549725660914060131225092573201337260170814764978171385164139902039680394523117879342279825969723257707517391432
109 73244281430947876278375179004420899101838770930249409628459671055548775936647072627232954587258018130531135476230300596328
110 1010376675903506153334108896617639731088792516716996258581583634115594345532649242820434514589857933647853216231775230390536
111 13937757423045380845055623523491178610474100587886590077114831184690987660213674634776823709513854663069984079894552707189656
112 192266000014245282591532150512681965232749485884602589958543723482893856604361561643458275472573735526564543445397803899240328
113 2652235480892786256829700768760554940071333872330115005700007857277474410994633631876611892292178860501796004537360945300955176
114 36586567804944208420634091940477381643146039029360990456960382502846617358434122156662496886197003194060673767244816635976430152
115 504697623340440710509312379564743842297131371157573655699179271297349348020493586074616499972045792517668253648188190010816931992
116 6962109492300265549141084408229924285189974441488252812518760969148688421301799238554380841749464658758481370996121786026652786760
117 96039621232933099100600765368884491219472600354977656783312445029083759092961026852857268402820974252781160271850315306291487233000
118 1324829616191197567851764458398670904788368835395905615224534526265363109907498923464400583056035250604451830650769864858816271647496
119 18275514724077717617116035521892809599036485369705578268520126965367140314781446445941921249263564558605720737674349270807768941797016
120 252103692692343799626093099013249591071981569230028822362784597959485097712295395290819599035173427116240390932275753373116109687739016
121 3477673424178925141052435759620912495559914714849550281221955876323480940398460952603631529567088270514724397196056862447806882448015784
122 47973166581100469409327093646073379828170470344838413793987225648650317402757764551798953244181727927815584064422355523556389911108789576
123 661771371577645688957855014335956763692018403413159553251613923308656362792705997974647065728185498410007618784917802631750161628580622232
124 9128881402885961956363775341470032972841433441377753856681897695598768239817095176719050612984715530022905139632911010422484736148660593736
125 125929405905373610402344863803444191571028448131502345862464993607797766851346523764295163753060448618020545692427100292461880940860914538344
126 1737147693327136858795467480596536271433619949373039075073227638219265085704463285601551823951131994072466973120720557340663641893848442694408
127 23963283926705342905359941863032104996262389049073673061213173538839848974863392134067903432049874465467467241036830904126661990865427342400920
128 330564280030825725472663060899353584828350994019665044643015796708197594792419227796487804946970926226105950829034660009477055565630205943739272
129 4560007032697284700391727268872045656453130471472663185939904202903796269535476835741485386891517324646115745897524886921958133323240116968538920
130 62903542198538958823985903169270796831199559910341316806299937117538573133090016692574868470669364985227695494591748804002437937282861010718422600
131 867730157596457966711956032485857571058557211958450764588665197952394652954987979913693847057111577288076957869914048671310067174673255607232981656
132 11970003597346898656626932404357520304965575968214426631136633376729910541502862974089977140594439815215732845219763730454780031372809298804715138632
133 165121593235130129265627960845346010913249907912425195979692066743020683849980014177736216701163534930192251300850608892024918425088944663687494677224
134 2277788835297507904459359477449231652502769946184587426714477891169305264992672561950388770887054701893064428496798724750939336229739517919165138237704
135 31421220426439938541166145012315680421788838971841102805528150661507451711293691864741489758390243574446204842162990058898793829067916176654656681433240
136 433443644023293986772634002290448395876732518157859182799056892954020178854771831541056438579804948194508287614469568738662270734640378603934685921170056
137 5979188268133042556331767634738984433556196849177239919741758791228379636941198697906412189965110953061902434874965242861108318102645536972753953426412712
138 82480601200968379581477288887922949450539955482041024500112469215445072968232428246437319558904654748674486001682468596603014060253479882529792112530388296
139 1137788152738229224752811614095631095307441249633861066625107255383013214065497956478915816024299083506176017331091102085118736044698164711795770665830902168
140 15695349714500783477862220048317110462328283903491106589774189503377275729146814432800397157123648614299943430099567503421364842879400080852599103454205718088
141 216511309304480127342958703322778290797614054583852871302814761588345636115881049125506510009169215741295749778778222340625563474245491485910091321024570594920
142 2986690192282298442193308964212606838609903529464337901807969434252450674641996518306512511901944243879155323537065385217311965845006938281069996724192027999496
143 41200241841088393026045918313406837474133052183279818617532393191384148761236747069881866967607366304514184443391695352870265045793206157328362200093195269201816
144 568341481198974246541135352363094981798502903302347032444227328536603249447258530972288971095394710177250210860309881238672995783089740720128882293819578996924296
145 7840052019532294546788285814133658705802729314669583561104330840101092711577438031448937179351337501538363248833246795160165455139390007044442264691863154706146856
146 108150500539398858124012555584899809243538304944882391643911800122587374324283148257035078590052255692130806078650102600334263918818586270947105670276517105318785608
147 1491894535620731750190573626765271265367742509255778333163596888603330759001157897682320977483447411908753498333566020240754683563429069875131828968987725539909221528
148 20580110996381065880347577521165097514115939158046671348826559188831411524970294055770095686697638322431630827261640083624428490179976800185837267058737428355043775560
149 283894711396032030622138891273164891232519388624432162501646253027006993527088738921363883340822783264596216317031220177359640487999977698885751405203425823977251647976
150 3916218293128198138400736472651575756161086695975188672116540311362769129545967324764217306310726905859369877092806164158521556572086490780623832602258929327518883202824
151 54022724283994175715916408650103766865584641268789944123126238807750120744297840546450215616672987148442491878302858285597393669500177644099523049585564749885688862261912
152 745222692051021953452346691066383413141937013879597495430568808767347320158687732973446570409850608807670510133074216215707851639122430988553816325883829452154460099807880
153 10280060254427286205380631453524093032663197532818976952223974517955437794948591434079772037814609061258650961250520592561998853746205767586348674675644237700503181522184104
154 141809475156749794663613103839565236570361178069767068632939503283416463826528092082517189262756655545515922093364658008840133069292423008585797989926835187488393582956625224
155 1956207137557598295671872501990538972092761284483506603476954730747754428308981931738130369866149492849342657926484752956688649605571525061444948420001504834435516631485641624
156 26985124659698370303365838399188172937859738222451145043497483314883343100185256565528138128555867047117134671577831614923194800144799173587752547797779443629274416000149966920
157 372249410054113021600429777477930840960715891321664977620323736109625491771665510261251482048281227933880738434021128270660140499659523163672154994999178333612170977285669713256
158 5135037359771235553451602393069831757497227563055628046885612393096773201410316111962292423956091877078863032975896645267996846479146403583855482724739632943419710370675874113288
159 70835864272862646007251738387563240585817243723787781338487132727965466065039552140075514475302998215251629328517280418232901126634511936794507446009351457768936982815453809775000
160 977153488033620970157172422111040622388295848098250743664349513271961892807163290161472762925968098610064004793413452846799206208490153615104309297177288802078488912569750487483272
161 13479456331586944702801446016320139985976934822314150195359826903066301830166318373211752290125763287958667978392740898687005144979791757022904141723961531056433157655656742396414248
162 185943912824581513234703930659219945508115888600502969491218228640724499610289639904888602250409967724070514011465001582184778495658782012779536606296576586787585367627398321197622856
163 2565024721026342533046984313784485722011141203054109209533894923412957498019043516864141487623747164729122339690395540797280728493620674258485366431543051356913010170509556804520091288
164 35383528933712347120107837417898073865141325679104110500118869915184044143531372379968119210170430268545705862218936364297275187091555594120241086800667427579789293918924347364931883592
165 488102165074611372895643401596911068019607518834433272199903283997663171768248208823278110096677047627152951854209973548814203071863884828675443802641371572837886790173356269972654739688
166 6733181531917010608482662512604145232317151946687108899207048198483474510354092848746946994342821160758208790193160625140253688452446371288096248005671599036558451077010568114652961402120
167 92881648117291744576737924385915864796803899441918037858351513697543799838194913445868296783390237732862117768473586481269331503007821808108327966507796573682967915271698225895596876160152
168 1281266592336803286828690677755770842069284432325315662700212417545646789204476572146321157095958373689300578269793527377789528006002427035337543405519211605539875065300177417117185425472136
169 17674579574269416388539840797262291116378118897394451200932324476525451834398740130664414149318224834834506457685018451407543155824090525089620013447788696470452623507093504675093669535103656
170 243814023557295950913720325036874928625302497235222877912154350067820079004588600489079848297525400746839548784088118773017676566242976352526671911097457695961216578054967476751854536579841352
171 3363320628556159126045698033676070379769615326730784149145407893920150757642469274160221185242252051759170886981375413077158427642566263216944406845977183466643700462287896940083825645017025944
172 46395713771620321780233586378186887221952915916392687262150228678743331332444934718476151506029625671037287694732773066448874003819679784254532370544547602261798349049829126747525149049175902792
173 640011017118577139718469901393716906125966081048432734051298575980759893173255860108303227600650673199745263166730048607806832607630496422817028736788746226037759337937407734999714597972695069800
174 8828705687112663133112043721440162188603829444794675137892831365585137407622630462944953887206381816872267450503857652546009686817358973988718131798690933763715827985226858268908808243327539210504
175 121788597422244276342514627332181893982959655527912955834516379192682354918119657349167152332839667143754569769246681927266316672616089012355226546516777310850212359631917014939518396328479057032088
176 1680026833800627983891274461614229330932490609121166880439875194686934773215796362221347694889130727914198013110527111124608561058244961329488145840562187387802615416387471597657983975254458747576200
177 23175323651232431209457722066434651540210067165192864629823991856505159114747199117583276348728046072353527830488631600175196145525186650679402849752286357300604030953382102265507282510694832781650984
178 319694671259704104202938956461318303082180196448945487678896634781363013869349389113019669425537602324276594084839531581221837593483783903987957870207312402101196475243190408796397984439061642006925896
179 4410064962627401135465255249287776325905924237310880258507756184173889170108846350840497729169919038690001030868398709281712718371798523524490662045993253900449811225680349220156223207798517341064433816
180 60835149043803370395213985119998735768449122011882334017605658590239001429215690201717462054097511482021762444626953948817847414173245243122686792348239448529198833286431258787690525642886248115223996488
181 839197470002088528361664251177540862820683292430822844973577268868916423038465263107884879091442806780988410434542377013822495732047085687906980297137074276616380908121773508900766798198002254753482608616
182 11576406152154253273975238708000690122253214679617437425218194490943811964093572346013969829886432966815520490172269488462598214050588785512174687675032864879278980243672483257095410495509030671446199986952
183 159692067945940450452754668734526573016426062290971146669927425214386885110125721956611238922130568257869127838711037153351404496712752590062113238723875611846443010596247917961569953885126033690650735748760
184 2202890623365462790075993566873547014008586528616900217680618161040224361326798011261134936241095674354405286134993552179758367604831132083912380770470481977379359652338970117046496371056183464615594494141064
185 30388028415752248656117773849899620234064719257846432498271604791638108099222331673286046681946589659144557659275254095923919841683513704300389610607140760651410239441700507385923405979463253128727153322380712
186 419191157836876111293801575599860695474843795878913117266970015765910592069484941428397489859659513451456227854656429007270236063492728423241887544982738783855203468705322212898801654235405306441276053293708616
187 5782580705944454470237181413551375182647527734388494338205283653803332630621524337881175836877139672687790291978088137678066209491433356035362472435630760014199353025594815450524786752791407396592765273895991192
188 79768475540634397982541881302213106912610300826726588805731975106834083180237019008951349910923071415837213649552091414161913285385076115350075973729217884313755543541232849582451611017595542758986469433734487112
189 1100375422955300322843859846104220577835323566807145107070480462856136743643211363814226729455540932509094587238117708364375193824608103391196828736367821140062280388722022608832788500656162461154897259964973142888
190 15179255504604148633026353621300207865743475270731798831046044002904950983815996651309200675811258586616925241536484188871636329644098374945032948019155923389876167230491301605090045392446490938049139269792681706248
191 209391988286360609871642238941110594683150437556502422866545664410582518217754406267113236188627989776432811552961737957525205072049891248565291817841714928903941611889410352096497582132471936900960150896168170112408
192 2888481898550055954266200908032945236643598306761173321762586893124786425601376440393997688981982172794667176600727887923072631880256169350289749221215652848670792150383433927568698246297896944890289878638487860376456
193 39845496222334711006261859266768175233748903230665336293948426351092933289427691360400366410488521888591819723617889841326630984336008910487341455670389921022717825841461694337912142474100992431745468128545014568570664
194 549653286732056806681117806249995996441241746828764337416109649147530700428854696122263593562926364838313197162016652448743208117972150428884591865550418350505655731383463318324499162097856813591123299548022946661086792
195 7582255568598118456799009890442678518077076251599735606132214163258869857437488192626935357775350258406355504835224366414593536051639377848168048124147409790096017874483432138627729829401255262516596423063029357072224920
196 104594297706005543733656278227050484745314794733609629722217114225052164353652932499422290919725454205480972039824049791044876332449813816237554245964524315549567366652395191847134636733148123447652957142323574101235488328
197 1442838086059819351481922895932209776129575027081133143538536292126166538066530878605388003685416948298962975901295798276749567566907179927351893043158145259781475512784492309203204066415113585703516225166935957955113021160
198 19903396152974331383215384156230531338777010505339319804591402761048111384391188647205370214847673193444268222260828862634311714182779106067437331225089165005949145850067099464306438918026001571844036670671292769111540482312
199 274559690549927326689724673301383033366702298907017284334582162197360716579695245758191963282444320935529813713084779507126202788904602709303990990371678567123199001124834485670460296559135268023321892202310298631324590678168
200 3787445272931812475724012740613042653237065885834943570468356442288703994071096203638391243954379454906911629065575023524403718263744179332153725712010774033420845049002527944077214732943412039243715029222333943681716345275016
201 52246350025824387757045088974822928648016901226885060184199262133759966169895237555592734557998156669256253649385527428254177496725312000799794575462972163277546078239418767156426114275774215564228544432614353640379812278165672
202 720718292757785281754763971276125102516630825224087466902228622376621876087426005071775708787150771146042190333621290673338023706141214290505439436711875700919485187713250669471005498352468833340779405292282108217065420774008136
203 9942031496151402271410999931720626498417536793024995027282336685857486445601477772998591158348940212265447536880907493559699637334900004485276010516355240982116568147136249603766252827620376404858371174979680898800198520656884120
204 137146498519200747989117594690545494897786298700086164247990105526688189524501449514159892692184537902458378267261813312055334605731302972290654195717153207443291658932814569001127748700944141533160804864787561038336612969902065224
205 1891883169285696814480435775669663720533963506114377781128819821959825107130541679853911240930931274761033621834532198687124283782763707846690032485507326875411458037094603122908749483028417853770282915865236617854684209852976845416
206 26097800271039331452650797761912100685169102517238526240100580747291331719524325379470168957276198967414315234900184551408627129512410798580384967644199689077974945674194778830683769693813517112690382201066658363303501579177924900104
207 360009111579662848551964539500682366438350920011665438734658310211967564039091821974719916859854937384219692518559329252033382309688745315162711115650361014562625310569290481397663600589800353557488130277930770851398108300364787009432
208 4966187152723451370113271480659070801345514938426430235325389528464340546297076802419026108746119252582261261454183909206928857134452025179634229687363883766526117767910719305969603915948095633047921595773985337805387150619762673254280
209 68506640644893863373044087353538573270085342168649285429886049892474571778938809364521571077921651744680632015054035298092845793978881777102003868983854615676815988003524624115783195157185456435282864321921989617137045635419777135669800
210 945022744435819419406856748995120183161838624173207866959220185819769150069741182359633509980539038640101302303505483748097625382351608198414322657824388117490131125324031184992638890714154187798832511290676827430896981957822325892158024
