1 7
2 22
3 93
4 408
5 1793
6 7844
7 34609
8 152421
9 672446
10 2965705
11 13084976
12 57727896
13 254711179
14 1123832479
15 4958718969
16 21879386505
17 96539467026
18 425965183425
19 1879509395614
20 8293059346003
21 36591936428964
22 161456668184975
23 712404544860603
24 3143383523080478
25 13869732763738665
26 61198223319036960
27 270028462554800070
28 1191462213679248289
29 5257157715418681531
30 23196461405029050891
31 102351090042736608201
32 451609642172206910316
33 1992663379842903470853
34 8792344039765708469864
35 38794968838415696752333
36 171177287923212843520082
37 755295461745786192217701
38 3332633911079200655170555
39 14704773625640886348104382
40 64882724341025217548701353
41 286285802495634481401978950
42 1263195427489875072669299972
43 5573670346638863266715752583
44 24593028487085176421029889223
45 108513243976041611326197689929
46 478799271280850035332616030405
47 2112633755836474141097437409004
48 9321696280698670886744683653899
49 41130660394655290503872905436592
50 181483195070768189621740630862167
51 800768812780229760516962841576422
52 3533278611672106367491829362277055
53 15590089859213656004020316918589457
54 68789056434848836587951199304275636
55 303521937841832095970999228864416161
56 1339247425766256348033839759290139894
57 5909238983431230495702607779084520324
58 26073677418737054976444693845911692395
59 115046397013648615963064229465617263873
60 507625880816897883728511435897144420665
61 2239827074676322852852596442576576800413
62 9882918728217242679806377068455706217256
63 43606974704804701879237235335120804069877
64 192409580124969490177828236294523648560270
65 848979934390815671722359401492936315233897
66 3746003335853118939249614612244238662446344
67 16528707480338418822318704134531810113548721
68 72930573327526615415714586137339293558326403
69 321795792696358785470664941392191381775613992
70 1419878213928608686068827597849260334001181873
71 6265010880025430805621823382586876070038146490
72 27643470363726932020615776926355907208620845676
73 121972885344318401342700502756336241650432875235
74 538188026447647959880979715358282270233562277755
75 2374678199945576579891774185112861480704959381171
76 10477930158569413660977297028575441584863812348295
77 46232378100904190825601939896156935204623320248178
78 203993799588066364548924016808476994227731323745031
79 900093656864307580493277349161779564459352898471370
80 3971535373934751358739619340833926756573697065651187
81 17523835554362646672531392742638365158117582643950500
82 77321434564512965299632137583562678145427096172652381
83 341169844042838944064027468530963633814594791676075905
84 1505363462793743006542305734874496765981094438730993818
85 6642202394739858509632913616626162457994564525284109907
86 29307774330333168570246775793315518161409730713006354852
87 129316390129568818400722893535126361824009729394017477066
88 570590197933762410017843545689626378962223958142404663881
89 2517648177867333485596546016471078265801592392634896066133
90 11108764872709086180841416096534897307881330816454566847505
91 49015846646877314890492980414464161098305184659613971429109
92 216275459066790496950099570073322182717988014034030241309174
93 954284734313181602545518667022838110327965502569908517815577
94 4210645803608945178342578916846961001020154261907172660380216
95 18578876352045947597473103402109494986446079782417612310592945
96 81976652182133888758553829936345069983109000959144822176723780
97 361710330358623463475910596091196003952326217250823345812523171
98 1595995440231685319345842608779169550614146254813079287423476647
99 7042103118025044007161323805895774057436918589867558662855922892
100 31072279453191329856130839534023050296553938400064151607333424417
101 137102018280014414409232376322028064146764413256576153631968102354
102 604943175951091461650742063833709958577746661769660905753279492844
103 2669225812433858560438416147663712441939551603678386730529540478621
104 11777579648801950427591678625864683807880315698116722557747302614105
105 51966896819941133901079277391380326854658657943379723674378897930357
106 229296548664743402308884826090711581781600184300767692368423246405695
107 1011738442103547495363099051311115323721013632987840120093215986489500
108 4464152126104391482347894511561810089821070812587379122873052524495655
109 19697436981407827663854769574946837192113757847871068620321904033885668
110 86912142032020847498374088554415835647284655579446077529105449678833849
111 383487478077682399577030707070634346076829875636054496517968321408409584
112 1692084010404426287779269456328544962396538283443350301164723694199674687
113 7466080281469695284324674549035927581354225051211332244186340898616421431
114 32943018447427785635202405608938334350444617845466418502413620103613213388
115 145356388294010922894962193336755425791400228259362453698311197863033279673
116 641364410841624089434209386789953269523535996383487242188472266172832456290
117 2829929336591615360262116905808390676634968624550499229611620571601980314818
118 12486661116092777009115337629769507057957268102900163674672165298605748992493
119 55095618046749666854852993948722751343712476573384380133269667013403282109969
120 243101586543511455812885932936177744107914519205897354065649176051763037048127
121 1072651210298182033225815029808075107579478241582227591910042438923934867443149
122 4732921061163944530448639184350589033544743674029308749971322211261608417148284
123 20883341720168479992997715686169693652046773566752504715326415763253778245589381
124 92144778196253710249417272669717496655777748882206137841176735548778186878311956
125 406575741689692241727123201775913234089471535331603893849379047707428948353795171
126 1793957693169031202669779004453948816123544902294497045029660874047976078590606984
127 7915583432266401304606281270487639854402094456014412264369286051591231961734205507
128 34926387234075476545251006786549094092359393451109318445721110630812283834734220135
129 154107721264371851403197774446098501623572190607551251570561157538085530858776506736
130 679978424167694597925215135368427734439805795090523379448354274366431401023291766525
131 3000308184042149085143730048900181962118042500181610755350642457624676501372389597828
132 13238433572725073040072913084190694116071649715673844167504866631091548998909239781938
133 58412707198412354684644883551050505882145441666728028691013124558979078250995799809971
134 257737771127033745172101802176777927578231697631415015086630159779322351331231295153641
135 1137231295236676679819667273609705475725405257039586313630142129164767320008981866573135
136 5017871510296604018065666485617838960268673942755860875278292189193636544814442277186223
137 22140645090677132161551499142963983029036900927483608335928084082132844843554620310870738
138 97692450678624375623035661209631867301865846662285796287979436019396226615247074531774053
139 431054058294539766861046591171258284535629666652372664434577837358655253437971487509155272
140 1901964787263220662076821838806258563942746732923416178445714748574771518633576886949972223
141 8392149389108422464961688503481446200025668819359725724685732295249570639552923905126255414
142 37029166807264358971549546324810071984713666544351310114783514067348313877304141270389012457
143 163385937364239388433130911266892941597274994966113172035931820858623875933479653497742833349
144 720917234442179106655289696047157098837798871256669867750771184186568378145481493878730423810
145 3180944867716090032547612100770006347004119132099751838375349788791175140868626269016021297197
146 14035467274240725302710472305973192449979784396699378597159787846171134635845614853051211260970
147 61929505162321090277842618959665341527330822643221653882878264315346514609516509085744063963726
148 273255142469592647449905068409990300434828377996413429102403779980153432065926019928806201450691
149 1205699491548768544606325313278944720862536426299621084256238871266903783718671740594643056030401
150 5319977698435173744455412443192759909182888281408768228391579942520156506519277138801428695049473
151 23473645722030092517657302969624248634334481588428732965163549379320353682818631180600501050632833
152 103574126569263095995951857719897005786451326608882600362682193097038249488616896542663851639426024
153 457006117482545309885726999711039541244065436222848247301189612090090150897494331899491010093105575
154 2016474561113510668399656891317572780755759657465878328491537376000244291869481306423123222353226204
155 8897407496461416541418742931568005011010840155928115410367383974883172061506704816086324026963705359
156 39258546417948859093346930692366637951100719207801596211977596368377372472450396424234726134817286020
157 173222758141987807349462884039913747599055998746796051066636546704965190999130105790128750554996489719
158 764320808490222569966314119469049464767035666019504784100884826362466787440328588304661544330137168911
159 3372456971342643759614688023483177792074116404553360049664618033270558466971058198730958063631009676562
160 14880487221097409694758097515304059047879506979298895339425999569682425522522683023371956350916200412627
161 65658035615822240865823586381821206995202439011262587579473963423467135316489620480845085135107692368526
162 289706753339132592499825827311644909263441074941582211349561342742906223750703467173956535748380502447806
163 1278289887035176590710967225443815546309629754612372026718566399373211216642721302844357914852121786081021
164 5640272504740696508351581004992452921690410471281764912666775929536431777559914935651899516760726310048813
165 24886901046772072275723515706142514065103072598114353971144647517921843780915225657013617152737622048004537
166 109809914891744926625353468392108217631661993088304020630593015595721129672322479811585639496309514204907609
167 484520647463106373040058236069757005255242338345145732919320090780321590338682243753374121759667795789248230
168 2137878515337198865409932365645601446791902098772434430116980786725645849776757311874063333422548228993754919
169 9433085195174074332240602737031970395299837523457645671753175102283560725049923920945174061721510141628792674
170 41622148153435819950856428150562024398161520840316667205827068086056680920601996787357952821071243286787541553
171 183651814974898227819707364292515577346394778594528653099383062769758241216473025157436492730620873539983249008
172 810337539985669362251907654586897580421208599579561395656399076313104529482309581890014164949211736368360074307
173 3575499260923599695433849538185222605219014408566797159503679185858227247648494151026367728576235856504824097237
174 15776382475247652081132847131813616358109273613638085695043538344212720193435324645493729732671259209869518327006
175 69611046134298037170326549148864441916637185676915515257092919181862133108540360104882687745353451592968295709353
176 307148850600828479997517819192610394331809220614846510046056436878913051393144816739032368790957504455236329331704
177 1355250662996825960691764809907624702439700827885913622730858577142439631727581582939785537676344800192467825742602
178 5979850993941444182339534799979197342565535800721746325363508096452134935710296720602266994045757225812890904276673
179 26385242882427740015196551163079545881847683580224817513339320233627858432896815607228061229863293481247733041227801
180 116421135354383856923315395249132035050099918563626868264439702130907983774317699878794853781541618251070081163276533
181 513691718420014668543560578024516078141692460582032515451568045510269577369786661402168350244381261164191841947825231
182 2266591721254599701904945979444401973793731127867047927071616719284214656885350486884273181693471386073686484977050892
183 10001013928473179012419396332439809031149880163828957070147663540326074333124091472822895474803670800478900833304839463
184 44128052996748566096475824343444207377379888679786948933063501986435802308012081142476830297264425531123513497188143680
185 194708764052399988227016947508628910603801146953635004204544681027520044874684770043382138545334707029420443799903607547
186 859124756798278801173273767341300911131252700387031589501728493958875209556981650831042696342182240980941657951905119916
187 3790765923330834802275561413741570764720917142856947166201075895140058019366794321496884402247277679874971937589015192405
188 16726216037632249106834580180651847813338316198998104765919377524987608648578201819197753167080373503707242497144831009981
189 73802051774202880124229064750669572744780475533858310734551913282957271591302094316728554311021851852591153680566378436432
190 325641067521041024077007246707993260039142665961183806226766173879529862570432159241327325077929568132540734266191819816059
191 1436844942748728031500156370818300673876356560255288453657487763833787022634423866617513520008818062579125567926998221572464
192 6339874160279855026879193738355542145634753323236575452490302061860802689252105587871535680471348180735517812119942746021026
193 27973793951135635642143329154053863478595302942630323945109452930804264447300942395699086017329937568054890891704551314888003
194 123430391240770315534793098249932726675916126412423408449267697094153499950560007407987884788072224272221843422112921577311887
195 544619064130596436764655172519188027467555663890338936901446726897442297239147094415838813525618141327565463059045268445484061
196 2403054239987804840648788158409811142335094603169854637843209278821869404270349394944313100722996471859998883460707139754832419
197 10603135403535258249778177674612923650685211370023554144894728660423946644744057883425693783939175596285016290659546907065606692
198 46784828454922162823696818620029884408361721434236186248470026633823280394884613383519062317216639988277693210738917730198703201
199 206431408281997997498099811367127862997139353376531980755334226831362719860152887971738630029675355921009836278065527446702834148
200 910849258886308966958867287639924094763028641747409143308212955756048419758777760592463168450678490459503285141075513945682417719
201 4018992939680914900619123372947977559995533577919664451067150547014517293110240842958533607660767246262788283671917281956302901208
202 17733235320358483070899649454147669107228005284854337719617830643966363734540789792611726316536034836823179810152349382549241915703
203 78245381280061807466367699399296842626214920893535455623408755475074365956378425497293661122631160929344311755265326728224207957129
204 345246627649132310992553719673982467157819062916614191468148212196737557994534389280147105473794446064359955804917901450100189428380
205 1523351691219523655527644406072104743643472217124321556520361106624986150964900162554195754973507540216917819353517138202148725521401
206 6721572896867701466999771277416910479105224248745768417373187177980974449150992127951111360929220656648207253260511808694213758154586
207 29657985393863874847214532997449239267520476947471080410970848744093585884797428568647401253478784677325480505125132810409085528559506
208 130861646688759513952319016975845328075836731919430107007960939107039491971986256784585961438628601903812211840977153607079642917965061
209 577408422948268570183920592547537944851815988987617667619981666451270744418002507937708544637224135851665281619642689142186750158677031
210 2547732626997764620291844079436194462910574375718966801680842144538836516148747232458783274234517287842121448613456437377101978913534437
