1 64
2 1029
3 27441
4 685251
5 17429409
6 442227825
7 11228712351
8 285082486341
9 7238105184837
10 183771148650939
11 4665845904118053
12 118463173683294573
13 3007712801760687567
14 76364121654785540601
15 1938841730920089921489
16 49226091706635591949059
17 1249822544273707651473825
18 31732285419786423328594401
19 805664726231570873917666719
20 20455370374559625146785900821
21 519350250218473970955802302309
22 13186008244437913614424630123899
23 334785269380819366782649058830053
24 8500008078006868137790810493776413
25 215810383353508014790280305100705103
26 5479303211922247430158254366709503177
27 139116400340212991191635573699836267793
28 3532086488936769191168400204444152114691
29 89677672329216142959833708007090011260737
30 2276865229539464628337168704686623428280017
31 57808316594730156806434213068981363300847263
32 1467720365773467925712508793536166003862108709
33 37264587502321093551871728184197287222841726405
34 946126737831526070125127443620061554383221917627
35 24021621170071152259612446429410575787799313233381
36 609895334911422847914962142479374855556196326721549
37 15484896581841102106502307862984098681695349374225871
38 393152740191296262150914171586011857782905766220062297
39 9981925052130193563678918679911943184389480447347948561
40 253435414688609622731385613987790558875320520031911538307
41 6434581414201324042531115530617728984168004740852064732321
42 163370372001312733078631898127105752748051867294717808194689
43 4147881071011379886106297096204688381128318349511540884109471
44 105312347450101079939114648141081214030673529770479079595556981
45 2673820761873137046387069551070498962981779331922341262171219813
46 67886792382168868391107382237041353297501933309687770808530310267
47 1723607148861821499503705159147218388903568797222076769461995750949
48 43761407769619304030669791827152178582156969471430834288632674093373
49 1111077319007118940463087362076162118555762140628746659077002212346703
50 28209622855622005902512736815565591692609657474335406576471870811180201
51 716226322005707941490135506532286098776042475485659953467507972989608145
52 18184580026442651417298146574078410212438614487982213926400304845560397955
53 461696171416975214416218015887194566171262980378435303220538775279817981377
54 11722203888741274733710084714429404865040878033886697954710432988529862451441
55 297620107152937284552487055815852661461125795528141035869920743723845202268063
56 7556405691492993624700572598014286222878325975495583601970937632129811642741253
57 191852854031418826869319780513471516429007537125483169972192639374313458467118149
58 4871035132674100086682081425527581722284946232073375601646919616681784822053586875
59 123672818856579183074254036127124304539487208114833765836149196563791933657853427621
60 3139982715652395531683095938456722719507243874130651998473913932229026792027566199725
61 79722379951811735374411441006656656367510985935589907134871057588411370083844233640399
62 2024106003354389803396518917882376887544018708239974587923638309203239234515475880416697
63 51390903223056305016232691502610592093143542606470724807289537127020370948464662723235665
64 1304785880633118258331278698387038253761903854246166941655335180471474337119810910137071619
65 33127773351446718320820399420348046858529868069399533966430007758838056204165121506546400929
66 841095373205840101514875535788821002115518841932875785938173592474714748397900192024463577633
67 21354934402718523432727591804124789761631125526869920750587727517214099324289186433836345315231
68 542189670603272671090555228924758360143459182483659706083789426423198705844384522088996981800149
69 13765888172031211283569985246103847367650249218140794317680993556397993094467202955247864525732965
70 349508091797507177804058565431591423719800498483945296894411384753030285441042731563741048752567675
71 8873812187442033879227187490212592056858865066207465296843134813567696323312550599149686890030039653
72 225301057646518299281252636280276604014135158057412192873115501483618918373319447600248914258182757725
73 5720266048505586928326380427537551709322011851057519189758999259520344275447957359285819868514684628303
74 145234310071563857067648196872927073248492113892240178848636569452245008303039044653134074501785454376841
75 3687416746546898565353669074962289170231824844202464713450124702089123104723455712832194855256663006020497
76 93621419456701412306268193672616413472743959074805191950184773793537974129134648040723722759493435630721283
77 2376994731961239175499240113878094784662259171058247766518482080825711517619797280645321831258856505246497601
78 60350547861374573172856264155768152864022923726337748526098478021086954463082936935745062997857533868069043729
79 1532266175517739838234799737613735325596136031142173177997993883501412019537941002389563369940767498250596029599
80 38903368997225298445949372590994055616246944965551774871040004098859969213795526826781715451676077806435768534757
81 987734470365686326174643207417619003309743069153474452766513462083419792548373282626015820010945591624435409733573
82 25078017896552015700864248678892541504275264937602527107164351497702184166988589993743295708755332726115419445297595
83 636716648541125241936086685380976986356067303112753432249619235103951091474797161005346966655806747034417605100889701
84 16165874520138311497397902915651328800365001642853054174007848071117908605015616475676660938462818620829020048653726797
85 410442383750513067808797457302963260808740519886598147568564584983429326447111260441531350896142490939753362855834737103
86 10420899294309387193351047815415741941078512258317356783668767912954924611797458524555976631219362448393204753934548416537
87 264580721683332091198782671255170671688541855003693321438655927633331927818056679400120909977610372441544231488011024572817
88 6717554436467861993071134879877428376205754672869372477869803454709574287758514386329801706908899570357568308516416087119747
89 170554896516301430781588471780134619987372577334727994998496675171352686927913367902174526454083668745432061287091644111196065
90 4330292072926092898424242928462260856865450906900305696131706307444294407317184483693188879353723914897969798810149319524713153
91 109943659313553156796335175556604083850195968194927227724110095470583707909618634053471195650572960848904741631805220331095087775
92 2791407142910507461270171193397238100308982862423919303168560470333593462588350236285288977646327433299674307898791538494582009397
93 70872243894207545184830947488763361718751811169133878746923934688258679485648858645899397781402780095228796936097149984891181020773
94 1799406069213842405966996667493786793303529126877773715085316975772874717482367510104553090385311632504343110627486338571447072579707
95 45685899359371700590227835970145619218199065830680483991371832154799908258239489230588014625818102442311979174647522315080934864796581
96 1159939068776473822792535553944186086452886658372459567880813815094061640745966485198036386382488138480813131618492926123486565132041853
97 29450194964762904678203734132164122326922481378138662532005622566058242974455257998384766453694974456024159163134128720721302571080651599
98 747723744125116777536714716777224483509652858685640789454369296992312254689740222382258888495708971122431858819379330862979562358549882217
99 18984281706706324043172987472902489669410086777149900995624082138557619019293386493387969568316695751165666351072505517873683395387024749905
100 482000143437036653660227212466480750249427002242800165355733438277009827551433799454189444412613134503511754594226783911375832103038273886083
101 12237710220621824107572269763406025030456046000505214748519955412515664410036435098940610941421618755510098678045040275590652336924103708655553
102 310708520491291312363182564841038507768604524380829316348906515560802884291866561688148321957338500237778880664368127649002716663813193565120049
103 7888713081570401932263621022294089958151765972031617097674946832297714273144733203290969850009381720372696401868026260004502311597077280749518239
104 200289950159523383727128223794848899814753781960189047964793855481514776213602996729636400146874667348191524033793620373159069754705212855845898437
105 5085248217307261668087300145008089565848922132527468459147044734548834990804687359023112853103667157117246532535434529587981192592084341038896035909
106 129111567560081614944650231800265102988417467324857000565257128257793724735259205299803954873346729072816196713619132999263445341466781107925116065211
107 3278069460028934931749017704576402112219258458524038202290190096163043574404660639562044511946026142900321680540113281513698254515387954623507448171045
108 83228324059917411455263986881228277929875844418886630488106410417760020887140425259073910354242549083686357192386016456678542873270836177338582632217069
109 2113119935463931411069002746189762007056710327373863056677037502078434766400584813775533561203224900603422680191539485546527136987571784741363821138906575
110 53650916464934048351603962235603865625407471248715518740708302637692496368597402393115819732002155983529142639290077328062555291951959364883045988282275193
111 1362166334820640274563177272083864083675669299549730615869352161564388465955011797233844498652600487773647188471046937345479968055185589678545002486375117521
112 34584630533412036817761938581609823088669217753890440855183162486179810666194731344079153714439005692372434396980670874173826975412704933211506050627655740675
113 878084150633563468938476447890885926606144363277442884942566557918200480485429901309738841840548491632574873245812276806801245167921905199373317989758843795361
114 22294058479213090851567262898443347309180502042598069844971541947181505630940460611946282219183387987417292623330081033561027877940905713368188004680416268097121
115 566033498174354891401560184200672582239339106652118321591487700104912373936230608227777638377373498581175356378341821098652423042736767374195925067457472407533983
116 14371269428320181995189911180319679441706428424634727321725791365390250225899465126214948909123747418346491576617151310307504190615442718383572779199887394137416853
117 364878378483797721396552784681005102238123025334680625196709463868927977203565129091828514348538791190255301129928071534862869301260071429730942244257213725620942181
118 9264055047399349079406522012463755088496470427797504263710256998573461737456559673169015208753323940398819087315828851324270449143368481780756859334635542842785707387
119 235209102490177502602976771882586533629162904337119427221574745887252789165597511334973481950620276157264705547200825209381581718575467609641766920661244730308257501669
120 5971825686610687684274879804299571450752433971134261867799489510962964453939838285647833182307001675568263631181089077035943473617946818290295974577916337406035879918749
121 151621266582370088720800274328736732740790082226434741754511682754401397538318635095774637142125903523897682915860719761204177580680735081554596310633765925159776926113103
122 3849577949266894720383101922714174878946115309170903725806667804763764849469610175482018166315966237180946409729820055545402152811660787872693690086693521680886424721532489
123 97738600405578154663412830047939980023904367438651297096996197626126557612424673408871163450030212948298354140428407578347315315865537764090991306244757843448218409200743953
124 2481527620725410488059731290341093336932277193637697870851845620551655207639571944117883602775685661919194415812882370634124465426191893905158048823070574519371493304464612355
125 63004578609370668259086365614191757863039018945452999369565825908635187343816213951902669643687395178871166014522777997148398347913403540050547647754248408128180848361556790081
126 1599650510673729560238884239582619389286393247678909370784470738007833364877648576524528725969563886056171074885266371951606033184781213008587480053470202271604074063398506637649
127 40614219042140238939469086763624939324844805874739193734731513615702905750612032005387048476615341322810759291981434013099233314894556375905004475426945269457039277591427587926687
128 1031171982502737889586533606584942873535967695065320543041498085539428565094759686348975319666691757253861342784061771723956765992537759148416229592768770692073300582392358819776421
129 26180871689182514815560003962438985664912057247122285921218353379285858756742037794764677447593754036976440460103875468888675111803636834666874410965682926235602948009325794178485701
130 664717480726953889660787074488755534439863376537751765491843348463051931839174133765301627916489842997932122143885197239762451709090875887546050100773744656357354794213206538662831035
131 16876799765477359838072411293842793081891926836115459710811538758364648264803708252303036943772707881046287673802799914346847632052124786429734522780806649073170211093714057546298329829
132 428492372447498253228638075883350394045471295282637163211731305387597022300561585252644286317012718370510777065050779293976911526707550157846043249844721308515194028798027657964311622797
133 10879178268220229571904727570316849433344576566711795801109917942166974786786103519337752034196975871249551022397625096679815761621109173229313869034857240365570931173000237238931210073551
134 276216164865845177935496558164704903443949663542979860501915151601268881757517549701275405511571933555030373432085009289925050444134032808846890019992089103249392398261948593520287250578905
135 7012971738505875572662081096899361083693951799873085989839361567550209273813182927486313862438202547235815924675640615276954958852774453047694079403670347434311567986759683548269912177656593
136 178055374235498164564319460566577802111780025570653431760138801436540540739152431705007973044646995060441874934429002812645482305090201607776950117521485915377346759481890010906495451145803907
137 4520724947466825121467321972706689653613535291573983834577305168433027807547468864391362457135816137752316765049537830693460584737499896342398589752992588339604457476879545097549929374751766177
138 114778641972461719905883245894302687114192537909111170719088280790489372235378011901483542881268288446036984590881874739844229384730415871425368533787578302278854323252904300431147600354924977409
139 2914164609909443793534316824006511389381142867472592466942422319626069955468727686653659249568954775962317164732281705000357242893136696039764152656474274593322078241124720964699660495662833929375
140 73988986345440383810016008829373495816740382450137144611314744012133337467279774753495661512530946471370203736265229049618918486970255361374132650244480154704858497190740536525120269379529883529205
141 1878538392035402856985395710352429231792310919000484932521884201900894486893124070696189707413114745739912597053128758881389234534269705247036478418265807596628984211341390306018519436529924047329637
142 47695024146907074370944814355127195893981680497837081178633964334818996839809037925443725874152708054668501033615936098599024297164005352598941845716998250313418816031257585076735024021824758087111803
143 1210949607428187084715904470374557184821291210383887912332272703519529070080302631842128249172900499897799165415907556893175586801314481909194213702782850331825670227083260956583491078149653728304342309
144 30745323604696684328071702420058326533225153489936334909876579727419256695327792873486292922988032181143095661901884290372806442401714015942353507067504243930267624772746716766638846200167472107388692413
145 780606325613410577021711365990612417633276918018838247126274937752162875614856017610235867426046288698389429624877240978077926056036612499764189367271200822394545412179504691292953380245356072823863094095
146 19819151797595185442215616443644588505682496317852910428438230306685270795996851004978468609418535055893776657812789564135348737615406360101284324486046582583264956908400993394550957262890342870118929041961
147 503197021453104540470474236808419834198749583469210052303820572680334067746835071615785678469774744977985072269952223642587216759506110377829186318112804519933784475398629985723449004011296281055047303546321
148 12775886929227707414499488752930278885992546627413090229188758736279459577702968018604696988774640642074395959661792504207333112284166853213194661142520579730796236578085928458590962976058876912669116313208451
149 324372521834616975912124213349603515217977700794875562112133927401142230102457166133381325502777919484987682335670067662076786528695273793815438827225907973743264326987433013479438347018584214039950924936977857
150 8235634324583787320226313034866555159910147986904535771495002194150156241870991019008038613701525365912297266356560481889858181979006222410028724379131713348014526072601041212706251522865112200746508344059041649
151 209098083723762298763087158202738060340862713658938338914252126485361278766890809306142707871412108031189667314027068782004929126786150520229378752766528984910869583582961854848288652733365184805774920729409698719
152 5308881731967759733451415815599049752866365584498663696588207559140868704484362528987213010875672517548301618658337201093110322136274399849787776717139826117283630956715711478848466067028836734888255108107796583301
153 134789495638108959074565074441482951771539214098142897469269584145863394629823511803382630380577623305828766257240588023267829295425230596372526367214199258819673516152960641190074809042999070546203212396999712761925
154 3422228833046855238217861268601493744823783638122181281510094398079424506665362710605737927112138053528064151433825267180241848675306725115814599391784034746887039008951310659778382608879701344262756872893311082974139
155 86888448764445203884255840842799703094218312411399698607425862093248589838520162949485238299323365700050559283333165014282150450595892440218253272463756991193724798578101348623718613720558219101573815638046354394351781
156 2206048425455555839206715957599683410915462317804138507476133550290082257972492450955430933192750810355726482460164944522573184309932698894319011812383978929034992507207919848519092085140207703225493992968146238442402861
157 56010318110850801023620781784572421044504420870775519513015115341687645980605397141114387734711858071882920597624323023603815222681745881175520025977066362025061893159900662501551614849448100139735172851907929642276598223
158 1422070204207266601037936787599839627112115543063583185245113747350000602227467122388448240182996327443102241665942472523321329703746791534638104633199534187593132335188827180892030925078197318450952588027245975153276469561
159 36105555795840458358258588544058533462882140682446845893223563306170059216941446473883678492844567264277905877188076659790925202120955120524441504722103250980575501620848993670974563093776752006490994699983837585703515804241
160 916699580280740702547602999516546233957140177982026350520667694419938209040744475336216229130442296253827819610361422136466795866593749501877928752300368048731953845113988689336824757463206735702918909469727931444315964897795
161 23274482332818633601002049567972217309554943783890097284872927940700665874477000536049468260284552283403049170524062207007265451836982579011648086304463190589149331210530103191240114140125620564337633680572071662402944364678305
162 590925903658415280875155380575185457365138092731912019935237193460332707824800317338985922455401992828310684702613450243313138055586828128799634862757657954565232223147960849840122565166655629109112718915179620023681279845590689
163 15003273482999351739807538131803488033315151454089112595626520978225601490073146266390934394587941133719237349119081363936586669888985867867062105058875243741043327068710250115595243793610572599910206684713270760563667592583705503
164 380924602919064997927287495106570736833153413124026797287217145280018942298283676005138351765658617276819739345321432315021956278174400029896987573635129712982834667075716774942203747457004501873476309717985944327658757614478794837
165 9671459583368151255747992010292339717496203609287662832472594750048334037195519334601983569080142084501862367300955109464029840941356003338002351189603515570990122466900462531526916271632344806166938069176484066512549464737142391397
166 245552872552570399657102569763576478128540467528251404483496363164751500365760084451560612029535022341160254832820910832824886329289110207868740518027556395322170892847312403885325226044027442965250457502974527859505145616865868488059
167 6234448140848283130271725748918107080196706499530681751449910821916944924039979254897436252114863288006042220685367235176040837725308653094617071868137329082013771226567879763708555378982996676024742631584179932335084482600598637253989
168 158289101719244976983142361427415844575983719512967136336533687365818858495238932597192028805952352726710071189848038205282047511362359413983703067794663284320064802559718334697112484477531240903757661154004861371271712851856933717921757
169 4018870500970490562048044181488015069726808567778042947963023921364971349393395170464946318299813132826494411615986826460900980908753124417098048998815414948576149339928666273637459802214182827194361010536761042782851392929643735963557199
170 102036842259792198321043551318716117578419746930995818825298019830997949459581073140954986508265948946091318024845726817148762258925176535793323263605058290602288463087630720634250107055987021334929795792857521771998962445091597854341816585
171 2590657543166794341391197111039411849887808166898017168944037741902791954984235842445118120437121838818728963743413457650796777396287631212065300860711944317549668298537028214235723625339896017945119187242183293509333504839697147872743990417
172 65775325434700286945127399061825506902061510414387882154028540570859584074991958177370845856012026396233599892933378569868961978199705729210899290382079118651989212235632618790849279457458164687031496999939559120480226079339529659611549087491
173 1669998200824409095490924832811178940227680852892649781422177048381635825980118572844887654649759497652935484628541115634438635141970878241415450609485804355892056176829740610972127645333492545434757700900082279000510079353318130530630162249537
174 42400306989366267622510237272832669855591439367337822010949851761933266728916898665620227725556159654257777551861026506302560493929025307259812915969820348327178594177275863147300634894204909534108633435796285483351453448496864076971635778666641
175 1076519742299727807109506172872557673272898454566359131131819680909893415641008908410740264958223331642813926373082684329768092297859763632244647151159450003638097433932081567799840886925291969692957520496162739551001983407261459630076352793006239
176 27332225586284456369975495612967221735726718814461147648562950843773525215834175976769713690497980425620835625279205771723368278343912200875529020168487896031195871662478422311296566116199852239368983466336233742197125973113949277071109753470401637
177 693949703052957733870165067176255358780211993980229865131608129819830951117976688649755876970386969623828024492553153327330604113911341292608622702224530882267995701326387078782424228942065955199958486426391140183955471444354641499710358486977177541
178 17618989307952376660994221049519163312666136098127359705798743510021436035572473168298767980448495310328142661376477820201751398132228424375525209221763883127077276534563021846137907310637702907108603574827408375625297022071574905590981128516153814459
179 447336143913660930268614286456804955841708546322064404855418230714890005975886388313493316490028558355452551974026247605426420826383469713795446792152415990984472382175318001323564258619021710686069159521129341181087613653802514649979416200965284537189
180 11357610936356239390652899356440554807315589863657911864131081271405132605843640151915239525279588242734891064859462675701459434799349207449428781172168398316519401381675194785947636406429786273595444348874973018469808662933561065937312888393319858849997
181 288363298912273612004651275827731133530615105858494319223886240057411588730969153879666312062250724172185827478530130757262494419166351414224909513554922837480433348800395487634368724809563525154098470688689653883432266873605806526447686190854143518794191
182 7321380581314983648536980470536674426903290198039144110290104584853411286939247842883264912644076241523597594326325246821928481769927310533437767264468057581923335014835043262759117137397989610695269903349622984261450323699919574077343066943550175056670617
183 185885699805241890093867802766313772270754542763806584344720334340791176342722713350881527303088383126107225767468110413248072547709291460985905291037242330249772780944782449110180887638142217057469394455337869452618029107483271700599182066872526236282019985
184 4719532471822192424203767488726256538262842505396637436750139914711348097951352364293263235169455559407279300844923689416363252725331474468062416326678198930904866738094821433083802661633278636053935161563063551092167139659981134627826700694990175795166589315
185 119826252239527989145274143175946221789859922775498741028273818056847552814940666143418041372012506638143928442260371918281271493427105564102232932973446596676864768878468243874993855191135303834310602893906326955472980203202245253821453266349806078097408539041
186 3042320571263554192088797978691380703132519995174172561103569527286221289250878686048835462712972944415879504205623439369920693554601704069968053053524351011958955206644575070404928902164627616994902276639584186752771517096612648940932275633182693895789611500353
187 77242793505980540198723506770518245003899929409577919077968128101806564978898894899840500320903608855427950899465115989167984944748781445248806337489794172752129195310501119314603413777511645845083165123987775823982413621628194497400679890763310506669573819535007
188 1961150710074424968365579546891392456687523452438025232826380197737084327392880630232474394776801063326533547982866501687918321115546453811295408588027651202702426435599501847303779800869607553584599151650804596653309253701845419255790974202446746862523239430604213
189 49792504038938405135610911183041600419824934617671503554950369342873839439290747385996785323414182870404634737600483140036293434894896757593602277247817041067461369022246358672899166139279666781355957496742367240980599007400315272107814323816875984333785607490506853
190 1264203432062398247819695605181870857495992050945552619166908479913534620061748918765823845972273940821494350327021295820629815076503615653828681626265876886555466326254842904316502996740911060361465161230670659828299692390776985484311051189262275797887606748150526075
191 32097408003191100922772026444182772370389094784951661124624852593230316772874481275081611257588752013852703634721612584139853790234759167736629147439925960819244728819197456731310442684087642641590135068285401485719028895362706774757182500738961013900945539118304985765
192 814934981502617548385380580784100868033227506507832685116223619638594856880268646407253737778385620287176663158132600289024524636620442942520309773005365990298670017233483186525656086913270678717728152961984891194580471805210316185847589847364982195765979209414816285949
193 20690736897217537819081643860455316332520241024003885267125532432547909097094512354496433162425871169804848950646446470126182225151749116354410740282295498458580724053092962104944673194813880011345786083910335432356711955845378811778920398294958414222497291342783600087887
194 525326072713819510710435617033945937858917961595715873662788174435075748377367787570762804622030801782064977680771384064756926844886070001440645821427634619121450389098804042427729726463049524705738880698372977251709305250269204714544403428544188225916195797354569763633897
195 13337730987727020777065784674783534346637062350386744050275241729521736777868788350598807803886029670958974572149512336916521839332483963621593516304572220306268705456228610287892581412522376936012845484853983829205185310483481075689703025996168859852448579456135801655923281
196 338637423766105423987962687935002695245908454132054178293040153128326887121776341357727974896384135062862464460994037469370096919252669264878656966539014758237933165774898389145124859433594535727992941230701651936328708958732261098075785110870873403556261909346737876410731907
197 8597812092661460319904210468434152682710665988066707768927631562800112351084848716725814627999877504425851523745873938173157603965881363439409919695714664044069505596511607841054953409807042998943185372262506771217287100385994618446695214617708312374494590810645724244559828929
198 218293571804908727281132097145171624297503030769462300218246143399439397698854676684350273540667093779199201358720535554339996152982206610711232749287304246255125030552128287122752859688256205869209173803967088789095287199848962060964742305957923067244296550306892755176881976497
199 5542349958080335059980518374207020344346071842356787725815968527546268762380208863441798354312399065320292738286402931185447390178489472400119786441981315161088116879992714249295407024512121717491387082507162932887758389929702217602659588608140828869676943458747995721329989880223
200 140717121461028518585017862209683378276843011958258963407138599675576599018881503268825264269232479495553516572378708774854802666792089283911044699645499268588440565316401382439511940284648061784627239894829664005014158124619981360681435577857706057797616857095392697069861470622277
201 3572727890163091280486476050156302343382553283804328620746562636005074501144892005183584043491204671369665853779820116026725878358824165058862773930908542521521250695383108462925650257095133777592953491115610860691693659143655587736408819413046359619074767889374941144468405874601029
202 90709534451955788257808892217553291112398332268024264880578111468783365220901528162390237997205501895610129035089456168924595011436066798401604473431388803584475581034408322082316239186578009826960639357761999187792083686302417035177563914256432885718022009012564684644302174952384955
203 2303063623497770632569219455313283564837653062274844889046738625403132472005321365641646617652822334368645407882543688756673268158959919250684876361630290622232830174222724810243135500619842783012498458382166085542114918144994927219500013879211836800537991907428021892784001836520667941
204 58473478955930406703220250787209781290144008321751078587129655441978525605457769855049237575277494930815603347146803282239857892808331412857982422101039177750427669992662938691007203503160336779248529527055390908188681340172808820166477713600081339153573779861190099716562933916512485997
205 1484608460801797672671424984437778133676309279211230819023223956287620430947446752021176417740898818057139376219246358049415768459380632380145321551511186884331335938865211894549334220020357293267890266065651950989051881835622462624112898835791930693022836844585691102197232063712392619471
206 37693366655085019915293432141269696534803731145983509177931203446817721017212611486172713206155479487657976290958833579406022511951457815051953469170550393212521390520638487161438214614068455744610848612357470690292631722983641792817659774433156143350045626270368252819713266800478381316345
207 957013197289300310468978276652725388383493890027261776338482317265421572798186980442391333645023868875403956010157474077572033539012207577749646590901207141432903708182521001206330575573457415387287630563201452615493401642350051389989544018432784854767645387766919308134856721033181610978769
208 24298022200209418341341148927175638859834594688701610182665502101809619405495041524063370131432850866857884675276178919483975839335563137607396342360271032392598290672324594342143428436217615210266495875230360166085358356020641879845794772068649023037283514368641518247359929947390765589569283
209 616913000274328108875932963964019329318462448759485632245072336937223957965505137693131213686064869516878990531405175964375040440346137777029921722609055994607532715562668325139699169667136069695941967992030489090770706586485801752072427046764190936164468562801758430789837824784938724517756321
210 15663071124537577340842320605255917952965340031328104895501391392788088638229948906880667089281465352970120857490296076273369733702055400720781201082785551825495340618698337742380241923948224975932450032777775722013286871260050029838789064746046188576098355350896721740471905397538043398080692961
