1 27
2 771
3 22971
4 685251
5 20442651
6 609853251
7 18193384251
8 542752261251
9 16191600916251
10 483034266181251
11 14410069980856251
12 429886928094781251
13 12824557492939156251
14 382587290147700781251
15 11413495916966327656251
16 340491941058251325781251
17 10157690752162708135156251
18 303028262859589987425781251
19 9040059432026886082097656251
20 269686641646508632525800781251
21 8045398952235124545363535156251
22 240013535358821193198277050781251
23 7160179066003460173221493847656251
24 213605304303309699230653430175781251
25 6372358233769273676053495436035156251
26 190102720491561661785451595930175781251
27 5671219823578003485183280400725097656251
28 169186081104882296246571154042102050781251
29 5047226334028578869971218219259436035156251
30 150570859615332954617903690807572570800781251
31 4491889656789845744187254633130879943847656251
32 134003835405618707552528120539888535461425781251
33 3997655613884611997854907343031001664123535156251
34 119259649239510266397884579688230607246398925781251
35 3557801199115884931947262853931763209071350097656251
36 106137737727278996626428462719511743235908508300781251
37 3166343125822790474133117567315693481031898498535156251
38 94459605086047319240861384705873245714777412414550781251
39 2817956436952305624855175953339618904038162879943847656251
40 84066395083138932149450971676659200892570999336242675781251
41 2507902070309406436359253270533077932256939165687561035156251
42 74816730133866498430030343257609041963245319973945617675781251
43 2231962393664447920719114031375605869236074903389930725097656251
44 66584788159264105129423269224980130867266020501828193664550781251
45 1986383832809600914279102506592525896671800240537896156311035156251
46 59258591043491706902725958851650876245817677113627743721008300781251
47 1767825812140703202510383253016563657891171312206142830848693847656251
48 52738481409003637540797867796238655355506050980616146206855773925781251
49 1573315313209405610211384117622076842375725672857453672051429748535156251
50 46935766989237150118637534189681111994494239930820529430508613586425781251
51 1400206433111067475508069105102322975622948569560328614555001258850097656251
52 41771514158385838514648885482121283708715985887155755789497494697570800781251
53 1246144392586019818061926218938126896383364833766871030612149834632873535156251
54 37175474206788665349284542140733200472957365083570352139417007565498352050781251
55 1109033504240729861388226633127305379706804128338276209029449477791786193847656251
56 33085127756187952514900376283115495388839337024730434510186399295926094055175781251
57 987008665164434926140070155327828334766646090100221654260444731488823890686035156251
58 29444834316152108021627602778419272566055186017882997455262409948185086250305175781251
59 878409986158741066018127732575939035307822350085988815386570074788108468055725097656251
60 26205075413181471440435693963386074696404394572490249474320790193902328610420227050781251
61 781760212464650437882980180238702545715592725424277540152690855443129315972328186035156251
62 23321780996873605779287226937344145997985759789865874957209121712324367836117744445800781251
63 695744628843884921189201907219130867210994830068854861015510197092515388503670692443847656251
64 20755729960332179606779621081887205286339916103116316455679260304213839815929532051086425781251
65 619193175665745963597442622920520504254142508943145219365300258140952617535367608070373535156251
66 18472016620170718009889380582206179101192575687778774998680611442707509326981380581855773925781251
67 551064532726792810478694204351582770514506558088647523863591841990520516721764579415321350097656251
68 16439575898702930724311379227636452219929233864220531840914352202502077955018030479550361633300781251
69 490431954297453957676947905807335652745304483136172717608112606865109736066932091489434242248535156251
70 14630760749430104076686880278081887321259488324764078869038806444940781692232872592285275459289550781251
71 436470662711415852512221668813419941374058127327241502483123630313897902086651517311111092567443847656251
72 13020966077595325054983215663012188804615446378193424680148514877192233154138381156371906399726867675781251
73 388446629014302672386935361546298564431593100709166532892039828164197505113718177104601636528968811035156251
74 11588294040041103546333144768073895988924715789384028863360452270539963987640853407356189563870429992675781251
75 345706588056161593028059666234485386845583508177975033236353368975377932103657011335162678733468055725097656251
76 10313256171484642273110124263194192125422881666392330852773798807908638143171506073018099414184689521789550781251
77 307669152204258460228163429564653336828458532450880050417032197392382254634626897133867169031873345375061035156251
78 9178508285270330595479352265623629144226641565194439858247096927731924448322949383650924573885276913642883300781251
79 273816902797088625563239750820885607642656954293578795495327746844995822176515347023858401371398940682411193847656251
80 8168614542486307113919795763298450083558575420981391665568596920711215043053845663797497418272541835904121398925781251
81 243689351760603770289777674144849074468543977857973855989581268887111472180732793178805630541319260373711585998535156251
82 7269837480105681573123731245528979983638526458634308721359595082009788090206714567045181429148215102031826972961425781251
83 216876677644367428342263048995145154136813073869739392360839946115858085345297773045461414721739856759086251258850097656251
84 6469951141930494442402272813626709724186199583799010227218400408065693619907899618528616534506454627262428402900695800781251
85 193014150869692996130356869163825565954901922144621609854747812511391518170510499690631188961584939534077420830726623535156251
86 5758074770381137411698694710846633430026126666419653244506342373301417077015775492626292586175015912886010482907295227050781251
87 171777172357085657370309056979579875071009290381866489285916532136485554719620712280335621640442552688909927383065223693847656251
88 5124524796860664034050778235833163084980148078123896412354964252228059556203542490946937186282401501102867769077420234680175781251
89 152876858044034492734671801790096993174049395891807559924219344906159358912508171167006437480269832269641483435407280921936035156251
90 4560683117336731461869900162523743979796581136363607315664805525923640469594227422555458438476682960583730164216831326484680175781251
91 136056109229881771392423645866761834428027187111449181670323069053178417293264281820828720966899139656163697509327903389930725097656251
92 4058879861309769484463359875190236312941832707661657413531368043965734316449957317512084336814590774881992274458752945065498352050781251
93 121086115293143675676938678026373280216114845294292476497589425973706137407032398116258386499603227548178949746215948835015296936035156251
94 3612289059487761422885843541415247224918736195290466007860025938991355450628722156900191173304023872570958531014184700325131416320800781251
95 107763241208167124308190612852325550346481511632242517853312831039872132831826502716424443266622700039387861181694461265578866004943847656251
96 3214835790947574922131289167862690274269851667990823205560084801501207207701651470708232342132160881818781042795762914465740323066711425781251
97 95906257522386412042397721971619080476363142481563483577535979889836855566890411607664848047631712954366491977964415127644315361976623535156251
98 2861113546716854486661275213309258962919545016106950391298278972687599630968204090876404279718290584221900854124953639257000759243965148925781251
99 85353875113893702539626267789419673485204534770800694321060689281178804651211670668253804151310558961885193163858787102071801200509071350097656251
100 2546310685683226803755481657616043909741538318043486077675329283571926141381509099593232103140725315935446290645138844865869032219052314758300781251
101 75962551194927335599966318389534218924820126867450578858654575060751890218189214634455694073465206683253962753534871410465711960569024085998535156251
102 2266144982419403933980212143397946348195896114433299935371260605404697075838768893535704661688252573917941651152820448089642013655975461006164550781251
103 67604536716607481341406532709990719351252782798661745166844545286837152824072120732898861380280251184121979720816939085636931849876418709754943847656251
104 2016805376586127420572294920582731848796604003387685855328480055578091099342969777519287318099966272654069683368744070328659745428012683987617492675781251
105 60166138614000785210461814953932001867141856187637266934020178940908547216168732721914125236097586923701480602458237414431607703590998426079750061035156251
106 1794900131537092919210992974015046396770272665612179578743962967949365960988347132769827320492427776347774069656903402081304932380589889362454414367675781251
107 53546173253042783650277480145681731893772470687427201027648788143776436093569570319485248988592345355814714686694810875366989932899741688743233680725097656251
108 1597410696933598044912269439500376724829322757294755132935743829473546253002145373920708333055308221792702570252559809250603173325089301215484738349914550781251
109 47654590041742727429116695784282893085410820365405517982934070943487505409596513366023823746716284927002003534143320223141260250088180328020825982093811035156251
110 1421650647767613832648939526330984908938177997175691763823343409157257431022884674111111170736212006701096593173036807647984791636019963334547355771064758300781251
111 42411246482819701342322602311008132802718285813443725324785631920000285403638557656503216003352778776397887777520387628323837447830157998396316543221473693847656251
112 1265229141245752971106433371698589059536857684417433300924452240554222274954042306324540924246902303258431150359746444811475199476724640135216759517788887023925781251
113 37744818004958490626481388139402631122092139103455780401109639057026666821603076401453711647390305203870945071904791406202636797062588414064521202817559242248535156251
114 1126018394442525953938909477323585988365079884681586245528666910508028893273322080511988644800474644599836196405345009962021727914494029221259552286937832832336425781251
115 33591827743250986165034877379010566495341935844930308463854459119955733464091647033352390785777287811975731166800826341829638653449507934567463962594047188758850097656251
116 1002124740325316955181351773983699064918432675924501322687990439046131859456382800598011780349316261136272754021998065205079050963912767890917621116386726498603820800781251
117 29895783071043253724615378832615919115076270598510388138320440875784177116371025782773591456550601395028303964825937824443223335650135497054691313678631559014320373535156251
118 891862868429671026962554606108559078127695954575689137536173274078294654193848859480217684794771460545167755174668144407271304814684501072186151304777013137936592102050781251
119 26606407137534914540253561289093692748255497284278122185393596017969918740233610655492662586560390809379891135415914643095923027762284354680311082574917236343026161193847656251
120 793732899783899081072794065642267987057026438755465219874127014168706088936039075367378789172837866978670895286604098570841334308795108135048401720723632024601101875305175781251
121 23678954957829297859482554162822571147969515676242565985296842444971333074380004207743900362252334055313227402921043383909760414125041822278050496208834374556317925453186035156251
122 706399984235959440379112654556465794503800338093499653459534638278296461786719930855480116921705832324503467611198281024438605752207279127666272877661413076566532254219055175781251
123 21073604752289636722075966865879860979374162564423776773859554936124037188229697904625684005839913299458537891321343213813609370495593164718597933848798220424214377999305725097656251
124 628676142647509304460383442703613500408705875242245804948488974892329633337957337484493119590588869822133619401584305009286088086106758545919606651075639547343598678708076477050781251
125 18754916255663830950201123446779005707364305444445255264585371472089268814197571635011665167688466528166715892590922434209514595730724790553995209863025195318186888471245765686035156251
126 559504106956677381983731786189852103718885633957146428912818699288216416259237362362927489432701051495890808680719751501239007431491209923890258262635377661808888660743832588195800781251
127 16691348627422002304760947968461668083029747491492166591061634121286046143706133012712766357142589212235890680958637932866122649966082673763937771829746203877675725379958748817443847656251
128 497942938287876682232909780122900781972297996574979265587284930142140302229887803569568353267114171109597266385355539228477484461825024163298681863579209228021227318095043301582336425781251
129 14854831405499190455463488663844715118753791159791917134663239733657778836178103442023486766227712187226738538155872987189993920604920311530140767048227545821248440915951505303382873535156251
130 443155227473536330252740111014726949652752244810882617711960767359022663574193664242856761220495794761254169812749411919557430195838484225087729602128930328497347090888069942593574523925781251
131 13220382667178593955304885887122584913988798388527518945685506822102391013044919410075585402783735281901491401691702992650772936272129925194981184228626772125814170522062340751290321350097656251
132 394395703877990137007882876058603912671400190431771155282005400826276617073476613981053278277409579483238471201687342719925400937184705334723996878848158512131938380207429872825741767883300781251
133 11765769203003811140459961852322504455572061721010497063731734490677786557139073822381220421308368708087646679042161766634508163434180510415745000444301621503329080553612584481015801429748535156251
134 351001097570724383528759441189382114103804850678156056135542007716202213628804831601531346247864013345213208015256416285435617898339491785798730028934807852539212724707340385066345334053039550781251
135 10471204081106712450160483426419850900836285211739629198747601559032677476078449578934034285329378556815958007062481679729895996133013851021883175865822727468659736338452148629585281014442443847656251
136 312381116945347751587170705586648616454569532098798095681750336732399313214209463210013371828642036637752674171798168310469701794498718071727501625830007784797096026530027756962226703763008117675781251
137 9319077487954898985364318750467359239132904536905244724458772094176816009045891648405730983432614206348500435118632640915441573854296472896715632895571119906569582114208571965718874707818031311035156251
138 278010419053920230802993708986087534091714288446663351255354411141642483705305702136121862643835216007266249682699988385910898706656400596542831478737983558273101983293607020186755107715725898742675781251
139 8293717184177832429162989675830289226555764130715374314038338473778390431113941605841627224397893409186244988305406488372749753330420535531801366197661651148660211588237167745774058857932686805725097656251
140 247421463430065371720874721729978239126214352479227912664873382157643500514891719664568207418717626195551018400748694709252938106379334062971326828536159616668440837730646997272287990199401974678039550781251
141 7381175316981071989480426703520195727653651753723260508376009772360413063291181881907838086439539318820599327080933808835724394424727919211480798025096480244309924073978224079439769411692395806312561035156251
142 220198152192281832825808427496955980633978480849301675687955926260024174396160997858912301556092591433640224720424270791525467142209940906029567306610213609245955518030693487396831642399774864315986633300781251
143 6569038689183549624826850691391078440381086166710433968096797738938923166568374026357829856250580046415103744977323454701585392294174587584829615208180925876157115920550913501507750424934783950448036193847656251
144 195970169914545079580676478604247573308262692597066510664464152536867574125070415801440334179736938435284911225717582287089934433114187923014740619712376708238483700026373937608248354536044644191861152648925781251
145 5846259903990434639296160104670471807045975347078443150093440587411332607919270603911420876110855252826471818046640851339190106031954764752518070515330396617773725421188463560739911883956665406003594398498535156251
146 174407946270140313780981420747092916344837946949367961949480896859655640366952766038335424612426972892617729985270637628740253508793072002960468412361350014992019344135522037134156114746019738959148526191711425781251
147 5203007088584257240232961821889435131309908531745646642733959702852612547968986628130505633992254910514399540467885924605511654733632386265051462018263848466671711696959718796220983882960808841744437813758850097656251
148 155218172926177015638083947552947589357573066217622559472271386601280098237234835013723491896705512450968897564110224550021648374465006227936741518486108703925191254188113953700958735915094166557537391781806945800781251
149 4630530152342389182941353617478980505070642443869948550954471799524139884377200117271052228731204098976494929220967306877621892960282024906776988244491941875422379067158620017047657158038020952517399564385414123535156251
150 138139813705640790410050188786604677205331407985010343731272797052717796040129829343062949402452595407040003388808468083578548546936135716063625939742327712743045415743818030742924921061565157742734299972653388977050781251
151 4121041760407511766386798895510745413634589027330960569183411552583913181782008879705533220929921841716317627018149205972968346943282661357374893251047371672914250576978747822202509346056764627519442001357674598693847656251
152 122940553743697149039553715921389339023011013780003765356845982592253806473259617244450681880885392274454328793600433838771157665563799162140928667832709511623712290230643344512360655776395113036869588540866971015930175781251
153 3667611403508876912354677483164126443622157468263458157859462420004694628288878472934992790321912159025048275672922269133269888232197561557440985568726048490346797454034406596259807126561569567968490446219220757484436035156251
154 109413639336547821625442555915316846613549668979003725908999642687179569816300056101827530300252937809379176626219665904804240858638107850912524923722617907152285362169878981165232410517965111473870365443872287869453430175781251
155 3264071123078890264201503290043684766188379282028794486480691968515363621347557290690150945055978573486250057408225365798460876317982247719588542783834906972116826877826197401975673279906145496376268511085072532296180725097656251
156 97375065495683968817917885921733958752583630115968815964875760842025010791345218440195390700178092515540605839115662644429805085246276892333093658896434119627743379523936527153444036344594539333918703505332814529538154602050781251
157 2904931609255124613216529061201800338746567007068920506513869365418173505633618766752410966280062882598786924886428752503901848175798395531394867052973849053971717251328964827593442723938305452535679762604559073224663734436035156251
158 86661072950175318552406282406445340368634092061487771115591702158335080115051836910371352034900996015385904717397284261894906419847720481480180543294733301021012800642249262192036061536426190879400799360610108124092221260070800781251
159 2585307530458983933506105826887351209365289926809288530935181717922961535923387013477378506215629566048583206897486384094327683354552622466748441963577129785360525433010833041623114632473094199119345582005280448356643319129943847656251
160 77125920549018641412421143394588309579115527343971217072477493026897170677126351219769498426294382001380566683337605101520355968537340071595052356190840227055710698987113744937733258666510695019183363463355362910078838467597961425781251
161 2300851078818264322705103772703212531326639370685090069519648882217300312634173601525698060257753312211174084465640721125139040639347439035517828475907321162744518342448358182923882186832955379579904175990634485060581937432289123535156251
162 68639902761802836474091007464123434391903603483832846000227079001384523525639576289672094315601127456328319700552533608246569439337736470707559592496265433747056996778515176763027799311656107912301208462402257737267063930630683898925781251
163 2047692827459993772609204705060186969100474907661559929659214125630449204206016420682534339166745057128793720594247804641771387976935356926049198632508426406597987311643213511976214568415518460471136732992114559692709008231759071350097656251
164 61087585309990798995905686114484991901054729212427633659775288373906553508552294739027669703424346076582170019324671471211908792111372025427938161012771465029204334365403829475471298055907273274572595947451425502094934927299618721008300781251
165 1822389095162424001014124559909248822186139501834521210144962580589044359235538760067417419406896657011821131976768905113148406823456483978207898837220601818843140094403898816704257868835140605934822194758582192264384502777829766273498535156251
166 54366234928322766035444208366705039706078911408973498136050000975801798009523401328327384233689777979971723109206443796038392660743137659219097274311554197240148181160289945353750379574774681811671802863020208640421060408698394894599914550781251
167 1621875102373870861058255628201604947071436644760032338030775216371108718489524346049484439913658856114092587616309469355586037788176847356681878735160522908110229734336678866528990097899064751320479974916813348251309889747062698006629943847656251
168 48384421896574512001570447804214623213612704785756102650243006486254252564638113374842896276241316793522919012943251861687389170341589732404360875683257916257106151124298916269100951039098069130556040233189299404337191390368388965725898742675781251
169 1443423281385366005741822155985430671673023960348882917817136318505772033346695779515039466087671209525117107450216008503843744921306807735347416876821934873172633385057284093740383580683446750160078807121094915388859192262316355481743812561035156251
170 43060776332078107612246812440541847034122655286537707021262874522741889737577682818576969501248929701785898628441763995806875401787496283398400701926241756613893470796097028230866002665307912159149584012466900964644089810917648719623684883117675781251
171 1284606173555416398338695262436328257665314538794386796048800554089727831960597005659733887707029535005951373316001839831687043329018354463275283973403143024050940956957624426457278162055820131023687126338401554362378398366217879811301827430725097656251
172 38322881325002101412099623810887138494788822887398915346357702250078125510130021755699131783704641401669611706337846374971576922861613152481266515692463081938458761354748247652564014848348064369914865870089712126048131501931948150740936398506164550781251
173 1143263408882285960371295238014432513555338113927995526410487064731895126144097667642675284072604094375058594323555382049988872469203302802121619050906876743033508135857659307444634054640162830442327540470999356009632053066127355123171582818031311035156251
174 34106287859843568304078359021378539714186199303402871215582823430706463156772279920501762863259599624243409771174972229624808289461791018301242238948743986881312950268956037985076201564963144591420251884779532119658720934474160912941442802548408508300781251
175 1017472318750895619320494294451284028857809288532446158835432267597534419072447909276839509477424968255427000163631389978494304321507714035026659073207785222724220967389392843015062876675693523590395918841030966809713467768894190612627426162362098693847656251
176 30353638123227650738094437038431628167163347659456370408985053910772500256389575878702676470006451049541592956053066838206705088197922465959293561001489836747320064270337005100526505292445989984754776305807031343693110428394454913814115570858120918273925781251
177 905521782103075044046230639680692424870611383341028881475374455985187335596325036814696096552806406644970653680773848196308681124330135408603673534678656176305980823273163188800719844390001231924691309580005785476744745512989176461360329994931817054748535156251
178 27013885272476113067696447005228614605282524761933584592216308410001757566607803225047369514234159944101411645642950111698226908288914449928313738235352236105442824376843210638518962805237807007816965405871138407583876813247703019271739321993663907051086425781251
179 805888949263768016810662256958454976034122685941302393359112380020126790320252471567347604944260766289817496100884634109965263843045782820806393779387173802281754827188930503211565284935184204074885505628234123300132580669866144695845378009835258126258850097656251
180 24041599051550659938981385473727506207997267954429403877812289858553794921774535130895191300756652188974017824798324272740466780749928912374550244690438452887925430693783699043154363734029337087207480341817668006966058036029745825779002643685089424252510070800781251
181 717218526800200958085388252927032911359747425203175604367573133856513213701634791569019000997978261837771447263445305011664177103282638457132475371816217717626354146677566318778573085596204191595849982726388869592481078177543044049890852420503506436944007873535156251
182 21396347808748275442866740660442349809752436416323121111638132566402627436440171071416094073435564594188273328779367528986222979194729509152101509931034339264350997246858071068141420749215979062439462080082577747739602055146142592367830559396679745987057685852050781251
183 638304341628447258495575278548635329735774355363677755327306111322796257024696958184637727198077046516459342627063799344528368490325472082277382921071949089342398146672354300450349757048498350915204612488845388084225656263496562550785462519797874847427010536193847656251
184 19042148509809676377652924653156848143024468478828717054260992676851874573558707890182051345575133572522838912168017142690919939813790514922560980082503300983950189413936338658169785607708870632143941064264948753788071677629166163561724722796952846692875027656555175781251
185 568072933586148055037109863201962267642055182588043122851193249748942255921637751914538351731263621943102870651905195284004956351962088087265442487869739284071793691684728388242841819446023627209742208865504235673221022047557502094097814371309596026549115777015686035156251
186 16946977265035393269225031272793083788546533135247150100264492529084008304781339017985240295210032990430471924996315772806694090859793690043350469735679662017234059803472169953994405655342164463131546560643802326427690303038579232005125807525303116563009098172187805175781251
187 505568953283131057801565388867782702318185718144474287393678809623775537863831981779984517097644671603198643396629947207780797944034000260864186879631041164096662825645741456678617960563034815757897685774986548614464603980919589449683285153902545516757527366280555725097656251
188 15082333712168754767700836509669515650602838878657992871309041826067846094391052758309609311453289983143806942273916837369390467866721039375708854040252836612813714470354882850588566788614333650421272840446377446801799667912394787330472925579449849919910775497555732727050781251
189 449942166598646987742017268345746556006494237769017414702302860733916505142412422840388356758110476136298215051234355385042810046281461179966944686809429892563928119982417778234263913855614835433848696784516390660981667017467245672665771341613982770013535628095269203186035156251
190 13422853329398565858422013867824049101941812938677232476712540612887155923800417421420102656186047834173227416825661077364437349049110230202129796334081632593853775027120758932774974581725373394763354539333259832595441012184455396243320775620522233850806514965370297431945800781251
191 400435889048963740813950329692992740278221916971471887227864704082945095188300460528401137901790882644515331429513660544007906421241899600164059166588401828352793610213710679092077917882483127665731392696075213024558322030446325658936294411907597101674127770820632576942443847656251
192 11945962404821919395126399821450661962836948444450770454452378419423917076030011728744933623772796240164593805801281510933415005892011436853911126015981646687614539431275716578098462663565866962998125008185590091573772455852467492786872228479125301880969800549792125821113586425781251
193 356376692699412763149722242995054895183717343748665754197432029062302786804958849559706003023674932791715237516890877025282410644654133607616513484646507391486672214887202943947493490317563593251615093282087326682090382065421793155311485382314221070920723377639660611748695373535156251
194 10631570968958273297516035290744393545697335570237718773650698979771964018768615428147455422591384002550634156477719903203805244310163951044225848909315313511162093749459709735534312396209078462733462173421691850004842599683391457195410200327031005618216852326440857723355293273925781251
195 317165245605251135109732447507356531895001480388388234438533809247847406629033668596625132662623145412560448506747142710987745276081647863288692899856226868377429451409355277346291904434684535915745789736240318866734826080174634750085748582899359063191901952905027428641915321350097656251
196 9461799513312742686804393248766973989121557733800458439287760782536562378777166980758016702765737442364060284420025681813613332060898616143439657751140229483767073073533359771711085571059490685158706381220101106752020569406822085216595406485345616867665974325518618570640683174133300781251
197 282268159171356024928583135225472437014171724612071812006440154429857634330169841079757375419659007543859006290067034740853461235446550244986746268034925750171125044948954016764601107609611297875182462487921831608226942951803789382747433451645871710714019720001033419976010918617248535156251
198 8420735777574117034423472090520338240479543949693152067996765828983046218011209397488931179075941539103949887279910913816535770403092014268885189752292071357714915983100953704079477800433041482829680342731554442713048185707079571056340026516949423237082261728403409506427124142646789550781251
199 251210732531366730908061247039482785029315459867734202979870774097342098368685432719269148495179951135399201586946992240791805805915527676841621961228587511980591854268283841038561328474943187995514497969507024123350310856453368184776463628250253338558897753252097118092933669686317443847656251
200 7494218297053131342069720050731881859677066076283560329056139393775347719970506934590629798960018826366456298172010212654671495325450370233904232888096165002629181048133010462636442465246130432451286537371552951486944084765065647688012208714922853040581521288920896495255874469876289367675781251
201 223570495248937106607551295286759041865165404989168138856784827942773721107271780874122548226324665035316692937225571418436185830733933468632918876836742012518972472172648894673900467315009197033561023631299053423991570988669702589716483943306434324524651149901366409267211565747857093811035156251
202 6669643765982847541516190258349111846656576819293626364058264141314334894618300891550723297794939856927668506625907091489812217445390752207818045140661779550556028259938801787903831807124045258844574276252113837962312409236265749453054457255618415470536626890596387795540067600086331367492675781251
203 198971460503240740712447951274039560190371477553862950227464000099716178233012667842151086192716572382653471734091084887602185594208052898891376759835669676454085985437300809163745451877146311780169423169406919871749414422144623970643051297952020292493475550968384801819865970173850655555725097656251
204 5935795596267307983665857586929441246477861442519420375003628682284913672517288530806778969292522472194965809489603011170616506739014633205702212569366781395869799421819330265972844397278769127110859823700947026962670870618157390372026266652282516697451583394598562115618278767215088009834289550781251
205 177079010585503035806413487851513039593383985887813296498971540468048829284353592584992613647812091303935706926017634910680484274199398731676609493281825093493823552727393403933366604658977342254424947595181376209521379046433998591307572743078715399461080124083114939459449033165583387017250061035156251
206 5282691339583754534274075347610743981569130269421801793094128070630040310168021334895744514587900126757096378733081032264561445692286888784269773735607918897835357584712705466671133917782926421997194128736936551150828017039929170787367050959100049400345145805520455373205379601131426170468330383300781251
207 157595345134585120849190192989064754249106988153214987310328984416560965158618872083947372369397943346193212827362342793383440949397609669869710164601828441467591609777744196980467184510192905948643699124132189653477233615965705130664473665057607905013048973545198086498864142868114868178963661193847656251
208 4701446897339634852804335412933888907565363993249340610344398892143678753207726055843942448508998799752010902927204878640180421253466855652169956069376813649538571505408762382080659865716872546349325003080281006848562868393771508065997374696932736903389743477328340318099897388037788914516568183898925781251
209 140255430194516119979884111423071343455715384856714143373780321842227557770438687314898536593422974275829361023679334645238495432857017621215750131258295267278819187113374150477517460048955211860736531596787769257189499883733316716326598872582694067576627059452124219110502600926793093094602227210998535156251
210 4184155671348785425132501665627470859133634725735177598161687660806108339347121989167736385560144234276120776195744014963953960879443194358211654157401973950116882755874180702415120502140071993090349322888231672681442182170030643949467979303996158342781863066177084871724578540863603848265483975410461425781251
