1 169
2 5241
3 164014
4 5142441
5 161243887
6 5055954492
7 158534446141
8 4971005036586
9 155870804492221
10 4887484036570530
11 153251920996775699
12 4805366342762017785
13 150677039074382364646
14 4724628360214774512921
15 148145419363647806378212
16 4645246907300355467946393
17 145656334988096583957302730
18 4567199192108052111377557329
19 143209071284795963628521129695
20 4490462805671421189030425169296
21 140802925598325729678469097153153
22 4415015715531200339160794134533822
23 138437207079021504528639725805345965
24 4340836259409334417912634154130095606
25 136111236484618674498133032340661253547
26 4267903138989327663786166121341371852473
27 133824345985229163297024520744152717124658
28 4196195413801096596348090628389599589909813
29 131575878971594915307213161848750208948430592
30 4125692495208567354742174862686281925485763801
31 129365189866563032725969931881586286303364492166
32 4056374140498291195262667976148035402644831712665
33 127191643939728437514529807017496584564289233177103
34 3988220447067380878269055346788507948508315599262148
35 125054617125190838574749137480597111357888970188959173
36 3921211846709099191705392972503365204233906422437063698
37 122953495842373678752760907320827285812428012394683693885
38 3855329099994458896253026519790240943783486298110066198378
39 120887676819853615420541141862214746762176510680092269890467
40 3790553290748220943829770834655529967648902860768892778561785
41 118856566922149952767090848332978741813357428816554260818609438
42 3726865820617704924667679554048301833862333821604445336397981521
43 116859582979424293788723567892072364632357130713664398123228831132
44 3664248403732852346337316099925546660673138534144064203346589879225
45 114896151620041515546739083497729482241507541156135743520656318607714
46 3602683061456009548490127790837709070129927838879234424275346910038913
47 112965709105943992800469448967527196942363544362455365763827220596040959
48 3542152117219922817284752562054183072899912153746300581971414509679791832
49 111067701170791802860183775365024113487400026800236958817617724190163502089
50 3482638191452463590844088923301032819285266547355340109933614198146779501478
51 109201582860822438669549466944944044711801799907883180633145160563717493878765
52 3424124196586626548929701567042737211395361682665842877917316996713917414806654
53 107366818378384337949289603497724281649944338515028540283085804633175662930524155
54 3366593332154367863468403837656449876170343193179248507608915639133552056971157561
55 105562880928099303936537578787568226204355432098679592115069517762496499456433215146
56 3310029079962874958652312392525807137361713943929845184415435543933240016054582850925
57 103789252565609648058592850919583366208989996946757027877650498781528815070420939113272
58 3254415199351882796969857428745735431812864771057096180513491733001815848112369260097465
59 102045424048866627002044217534733336710177110912794293901930145987829006410582985282045662
60 3199735722530674977506577137069652469290968784951442796401869668606780873521306058421571081
61 100330894691917476291626650889148705315747150562570947074792594141059617896277839601456193583
62 3145974949993430811862276719597618452402749197790763016947314516269482989896600556165275893964
63 98645172221149059887211624324886946923028551876359540376033629812657286887005543499518028566349
64 3093117446011602037634283641754421418171469787788353485639920398610167322974233122572199274419450
65 96987772633946860647976347193174184593632618976016110697136427836236505111488060726296178021393213
66 3041148034202024946073705266672356100219439613419187352636863825685922895754201121301444588022122418
67 95358220059728730002570960331418929409613006923242249538247766417435572383639664303638772298524226995
68 2990051793169495445582900729813211417677220687992286664634473912439521534813658969385470562768793016825
69 93756046623313497002118480989020159213503442004554561788280845380301735713692802075855578871695373894870
70 2939814052222555962431231781903122527235215407065736571168465708591629978337168920933716282828854371284361
71 92180792310585207314908638154821671421409979062344338413237530007280405078749061210611301463944182286883412
72 2890420387161264100561073729199740247406756108490451410094454728253233002201313941204321603253919862838148697
73 90632004836414421840162990135939001796371626258069767970309146017776727667727017672016561349709601119806165882
74 2841856616135733649672426827232492079595951226471484940616799586151897364559819450247255621491858287128314670641
75 89109239514798652662500184033980800953377854096409475861272732855963823508327848798186984458020695946259891143711
76 2794108795574258850846245629070527358123852874130870072884752747836768087007108717200802779803278148061616902740896
77 87612059131184651224782589895013255916447875359969965805239289990326225346893111217959493837151379897085140541455761
78 2747163216179852807628073495457416945639824717205969124720959352831124978943490431322240138227643331283342316710310798
79 86140033816935890047818302540175751299563584872766256565176778119559919774179845646298844504747853087408306333608849837
80 2701006398994050573480981067286161218216733765170179934614060456867299086088212589918965923907635374069717874400925604742
81 84692740925909195250791451877090746051584406841122936990857282254534424668206879125991844352777541334626676406465687956427
82 2655625091526846759470031973281276893516094215672167786432242319003030378302618374512682204655856213843953586002580240894905
83 83269764913105092703142659859761595338669959288980065971768580741860697698764409995108869173107937286471578910579321159676834
84 2611006263951656494504648369741565339708068955503319118210351950604138057613885541075278498997402992276684306775606999475622309
85 81870697215357026040792827936259821030130844894475274779533738690567868667991700735158849185198891210684137897526337730118883696
86 2567137105364207239892268142939198067894420253822278485653317825251723817796016505514887121633497515633408181209392508919647701273
87 80495136134025190178048390310360377473069279058028965713781941303704046130834830877910839870142746802957794070778630451838494502582
88 2524005020104287315706918248184144626808366312437924089383773298609048626175607565690396253888181065766042815777396932537089049426169
89 79142686719661299509323625229396379827810006038155914671396051068394343420636975928678027780174708106323190748605258904858401767491919
90 2481597624139295043820055709716737917592219114428240009313701828422005051269804631001142063354949429104543385134144484547446603271883604
91 77812960658611175887220479064905653930031459738781916244053428008969148366058353049145320919804649088821974266607306713137248508845494485
92 2439902741508550156559980953467686096541437044603500132295968354260808045060006785258995443738117423252348167174935801299644632675284102882
93 76505576161522597847996974917801848604872579608622226909018951080531566090453025126111663928083384146235201512809570694296583617007104052157
94 2398908400827346565954977547809687636344675665336432455168721284947903440111496703004931131890417956783862181324316845817548301119691443647098
95 75220157853726399591780096660902652169547722352537214937310244540947178501243086622053896997351784058318173808269467211054274700487480462187843
96 2358602831849742741383149485293579899553205328033192981010303681848493021307937085114579370765532340986089901970456228398356151631973381762034425
97 73956336667459346070102474378960322417180167870250828200281662821855043574389632287189167541826339947453883606861635671822975820504702901439807246
98 2318974462089102808123622691254295798960139177437816715107065613791468264238637856984169906735947352706789243984554430290406644273259097951159060417
99 72713749735897839341889723721449152653919962098813357647750193305308177713149142757376412005835090733215538355239808451844809266114868359010137631500
100 2280011913495418060621515808486676864341261044568087084953329535190988557243817231858237413360846221704592345227890718289598558147310126006054208216441
101 71492040288972031282727785836565079008428497178249197906667098045379590390587131407431765608435512702502000014355368294060253375819451380815463895879698
102 2241703999188454887003674547898638648414681133778116015561965924830469697989016010473125494404394912315854137058601082291165688201507529880787436496185185
103 70290857550930428920376946344277393994157205799700951583283983656213361672215072019518023292268943983720805803949780137567083622843701633260261978413811775
104 2204039720245791130194422749194608281676834336309981374661991727435031418728846521468293028741062127460866999357446562058983373761613461044336869859969233896
105 69109856639625581268843106275022212063163312876682626317111921577715275543572125365349500312374367731340331009947176769079088134214225689721708707623405448985
106 2167008262544818670482685119408804555642417286572983063161085659138585629759112222474856856709676532285191631710672361380339829725261876825544012409383998751350
107 67948698467491930688173056018716054986996643240762091339861435818910535672758626061768563877618770676566476619038855316876261557312992889539598755413898003142125
108 2130598993657805509108630757312731513280013159983285767201270435434239312162028141306465569080200923889457008081239547879581792130295492836072354819671458218518286
109 66807049644187397649390114878536224190158667138477552659853243153314919130452972401352681099990701802419025384149862296329014741029038296628177762589001690814798107
110 2094801459799125866818297535133675479712773919307077066656886623439421588371647013445215171807237602562310792696765610079227616112916910742441064852759255630781781305
111 65684582380870745473126859145670317829284420277085792223413540502505289984975901184137572842883776898243600272340495969395393245555843561257259429146946742223132736282
112 2059605382823781789752562203521002430823430687257247646724002481273370405963387028259390306813811014886678771575251254105280130147469974811273711426588842251309552785885
113 64580974396087241273696303905169662486009878324408977948528915691373089040462391091093213174977514025584677105595400928076375245374649801293240474848620111134823914483112
114 2025000657276354481792905100020820813337817640627008988297358169584169030407975080935849248455148574679782827738627727514250831287308181805891461198860732922018023820928249
115 63495908823235591112420958467217921236161550659476367682620398263138664715467027789809846505285282904948100824930988266747705518696584567522202926206313302652127494066487054
116 1990977347489538061809010123979616101307900139892816609190086469583591535997774908681695424143460397000218937837762513898239074312939332181673894929909864676160646613546675817
117 62429074119589581377594087749124935500134307828909975903315312412356406529130172865796626096797117794027431643865216420598202388511708633465260655298290615219568146104535820655
118 1957525684731422680299625932705438135540417157729235489349605992987896774946877524014490308379596274228170167266173010520458844251810778425965750341873543876510494590490941567324
119 61380163976848304793835109606120731694905154254687785890052658991658125163852568690548595254187782038910284073089186850558501340650181130992176269407699978630038590510199459721821
120 1924636064400707926775729683079017226599877007035122891853289370365059122602681251272977100954885504731349313317936357763693133712585455735128382757588943311917053223421060768687562
121 60348877233189288348986978265750209506462662099917896796493316209493219563764743689287782864913933134479813823053891485230762960237719967636155370483368495284649736143338107104741565
122 1892299043269041220922641065017276606769672066740247647111479488884920879257258760072170399628093750998795166613708612062133505681864384692289141507699620576323030555095868203028208578
123 59334917786799271938099892414886940398254996457854909374976509415784672567071027905422841573269162725392069022722436214776485429655550449064626050790522762689658330654022200822820760147
124 1860505336769689411046571092653664201887681648730535470106301529278428484038694457333059743284032673121402618102634412083511989248362687776884078689691861570227895957883174833840977403897
125 58337994510857810785347757869867286065501586656968628478522602452215009046502692114435522964233330406265166745414862956995928100657260999762266425214397465678580568105828077890195234141126
126 1829245816331765106446009124308266798161141183881242788885267277391468254184420859316513291553921014414642961297903678514868804707381274879335405697571204560067919778203000993709032394243577
127 57357821169949291837744925468826392738798454529406938789938296122814367476340327958883632033100063003301853796944380504621493942119748628216061152503712623310588791881417657327694161028559812
128 1798511506759242349968933019904417959772041603807305897983190726590133640354794536798548631379839890853382320579809881859256179183168857024496042022145276594077043564364116794395147751156368665
129 56394116337879364449037547707183356543748551327758290528994616847367112282701358032857979646829771721510513862134984303487960173908668948382793648085385483963509881280359152381094446841891275562
130 1768293583654009096878476192481770731611087308402554297381778538961311236835575103972321619787355450892288881863004127211219389803291565370841854671988970851576983238221706198290681471918184795921
131 55446603316872188905890909325643713582096423539084602858517101437207968472252914095890013175666828277120103004958732354110902988831397522018156122274117275068130926147148921578428333773004003284319
132 1738583370882216609944709625672880828017131022105671384813769239775506403960116770903418504030836799810350112667030400810948593126066999658027288832309007696614471251564197466544623997664528147306416
133 54515010058125302807257277493808371746648879978994283231942144819265323349352324441144427795341654835680201470425681420786533511619111372185720291382542052416221518587603561317009486979763169605269665
134 1709372338083198312038867978107496816312667317999139031456808894894103903855070388280468892904813165379325705301982453516355713956951597105118902857146694901263753508659531346786286666445036251670121566
135 53599069083699295105418951119127753723167617291754280393878620255078205251992866782947420626580140231629500677627885808261284072189931827092559903231928021208582191297395280638463258089766914015876059309
136 1680652098220242859997943474317352596541574958008048477820111749678364879793828056106204455396457629913067642185551656715736804358717255292292039177702124763261073310708754511708265548828015492039809436438
137 52698517409719860865576488579702875913717823660519576852430410403965981742021510948577604260647238895171716867174866687955807885712998381915879674214243019017945704544808567438244369356958979223653037852651
138 1652414405172518220661396520914555551838706628117573912974429639408523261368185152756529298495225795327370057555422644475475932701920444753226301506143114664583238992563871913725234436148280536725843935520953
139 51813096470870186610030372806878695112976005513216123115652890701093390897085634277319064106565344151913521283215024754594917875292630526177432184190297629977260278968853261409576330678519270603309746024295698
140 1624651151367455345208132941193382182887734806126903572480196326591591321176366385699182459963030753287316980247556722957680933171565391941874826137987850395769151021539937210326826574359597139296873153114459669
141 50942552046151986591174631578855919032434686466129622905813904959190239060826825189249179223316924729759102569691104397969287978147896423631643724437753781263236335299696807060366327144398180676420607152170763232
142 1597354365452911654633248027882508991127411128412566269975970306012117672396219880855042741324718198914086635714363841659318938519349952307253436265873337171982133179962665729499059895186531601793038314384391552857
143 50086634185893874591054417147207718671030164542639479221444003431590622157388539972923443122733522071196451741671601974644834303046128064733761018560915159801632752379366855371805219341008842814605392368724272600038
144 1570516210008445970735713506266840769999230082276769189305302427047378648080517863791050523238506950346739364389416675849375559743305340546583972004929959613425103965257820115466915807392451513435958423136099144771161
145 49245097139986113978720300675339850388213784156843126032750016597192783451981389580197310075429678398633219697111918798362519620226077876438186599419497478711883037785543202246471568591099492152681907039231260492342415
146 1544128979295047756619521457934809033968841901729453522276805086936342425958883666923693195134428974127883941194329909681400323885575372698234383647738513721849769005008435382624478852389563934780900478473644016346215140
147 48417699287321140872866908989781213601500804942379346633728259602763738482533457733184846681694945933056642377456627615144662114490858740539274135460853287456467320531154383660490821961257830246181625089265870495379764197
148 1518185097042674571666037563691090070536682230335101625500677457590081894618456441485775153626462459896536646048762170059096191108131530924333123544182780031239704412906699003905100428610766160861489024755374137774969677234
149 47604203066419601457371720720508342416516846030458538032413733659518532469250991454267168364045298431825099280765169972375547033692227395209127566190631842739776423823472032451908400271564931471332338223053775890625210363453
150 1492677114274962501384520511912291687334998530978860265611495410843252321204615590044709409157880159915741719181044916942341026500677055210595327306457434980565961467842912702276185787102768075581764684107095563284741473851274
151 46804374907221984880751911724816399355920429954218608325621576572415178848811292326556508019132554245209101362697748842021272293407397385646273595538141499552916912314002034964021603900888607056561962579032508618162383762834659
152 1467597707170484995607738645023571860591110925334583478302136342612311335690299760732288977969867435107077863159446037237759193094629343727527707806298433921312406640141513716745172347708098538611054281177629183097126865655932153
153 46017985164026267834963570012061778586780174917080419119723344417682099784047550161059233898826845938843761777979513810408376387928108828306464511933781513894448723996610791897210576788010670108099802489945656798582485361382859518
154 1442939674959946042234795063950479785209241092021487926059007450265849786066005176772315895310258971830963718543338178265371805082625280938008179640654668545306215976257886305500521891973229056283672930526423513900204450430835832881
155 45244808049552315950466831303999362960898823168436023471047119660635448286224150444867392800147194267416382222380993885284253827957592959747724357043479875204932878235587033737582765892833980961180196891604697446626696594167046756476
156 1418695937858703921146607140611607617840474403957093108966754900831778797291144134344554934310519818434060356007230052077484517581490094002843844097323706972150375895697777375748653657282632404379952746029780894988732996627207014682937
157 44484621570114110657546518594637586669621220687891589793116676590676940903062715161608314459975786539483737042596192389765971991685572902937263947894357662705524256947845419723833961587024716203052638148186458363886230589340760502978754
158 1394859535034031926993301918376113745406209551038284709922835715192671431576843085769313803952954739969373597464450744834611777688814441028525047890189244496630685768566894497779104637852128420142279556258756110099932416140634021679267137
159 43737207461881188241397386220693862439044394531372557672296734386024155623342838270344374486350824683010656457940020441687636892462039614130248275723922352974569061653517671609035088994185235244127604803745331632192620584274509815325200255
160 1371423622606532423189639520432470512018943225060867196937684376249013169850419815624359805053503906620413384764181669230665576421444582149915825011755487097994444092324302403482332403169182469337893715687187347815511301435078498567483082488
161 43002351128210990551782107027169003857964026293889979325022576347095593709208096961254874587987254018309292085264052854033615335981912232810882246987065305961259192293865502957548477965022053259073768743358237037874753994217567376096728250921
162 1348381471685130395518081089723281570340928435011531231718015640931461425496276413759817834930719054565802363947432027356501684207657213199938438946468205903840196628640046463655512805290786958566439383025983570102269137020351600210443714485574
163 42279841578034134306940310044702515348363042347641253633574743546719720714130328871596849727326905190686749836272495066786675080402994650274377821461762751517590045077141343010021942517135557851456199422176805564741000272684942133201977188242925
164 1325726466435082315044781146777958746945001488080544268607470041404189088769655608681452069558145540863409230519338341514065319297402066788026174199730072804010631982909159301849263113816221624068801783311774144171514026066800988884178451021667230
165 41569471365274908244151240202113841178249881940433954350567856553900594224381243978935991594966330969921240515897072384224752014195289210549625029136603244917124271039010561648818048570354265789564356100128875689315839446852866241021820867400433723
166 1303452102178445599369806694938266920035507395562906414879297355716372167814131729230671988590083009137277082176671789263448630351275369177733015804888677398285422802902382302575533374623019497716661823485617658447507985922281354620864782611967570489
167 40871036529289604602730637877147807383505793847023703562420885853508446685208143479723187714567693586429541222418694101008374907232743625989075304481220663383485917890701128645610653950008197263348421035325481518084204085644816961904713337680540682634
168 1281551983526463281280956776174268175115200627248760877465820046558033427296655380860612247676119328254352092096694512851595369924087892860417872298191933133119221706554248116174163165298470476460105417439604210836850181831544647548440799827293653855821
169 40184336536305583664615515637854079432794998322407878595688770415309054404972392359536646810885425089534494253013914129578221727343963459966032170654713193996551661308064409207335258288585840028915940502099373471854939190964762936101617934879164084887576
170 1260019822543327657336637511844528264856223932709393044523208631691332961422624584330321979985783453483050166007180601513233630234875570759833611478293906837299773909739543225432128578029448201039117221543346617911492578268623704122940965884970752773592121
171 39509174221844257406966060730997635045365594944208647144731434020972890800394700207041680936850664562102968193822299032273370250094056710286741506793776418012024356693992367127833474134935536625508672804631467102831703396704888208382396319905245482129049918
172 1238849436940795698398339473861966506661102746411621030203065982737998666502492746596569710770168779567251217625176120197323491634513696616726507905942379280913605732163994322616136860087167517450721388652249894623907907493906910864548475616501795088036665545
173 38845355734111460822889551802362004060003240223400675367458785319789616583578236587325795641905587544137412242232476093433925734191965341925051889484438835946900020146941279694253681373520596482384970554949506875354158486049277541350685701797284485797584936623
174 1218034748303137862254161950580964829499855569013010693319856673204905648728146459163409291596193089702306276893341335457883277044684853898870517697717370164392206281866715938149611438419854535945897918363863066824144509796699257819776510849156307106102994309100
175 38192690478338957221578489364531729097404929887783145158998397498622352616287740804980696409776066961347862518670812136185228532637144287305346631972151143879493140532923621017291437578166535400741475018311943898397701015865088879783575356621732710804524453188973
176 1197569780341910657764865349017479842387795855137248886809934301068021798647674472093677417650029551210482465446063958905330901199945851459532917599763851842901368409844245531219522909709603032547795055095893642312858255961795727442100250907041287278848620809853594
177 37550991062061096907602837995097446739948732015565384930216058819653646319009164658077084755199636046358218460635937233511135285287400887371403539294833649713615745175182312940462904831983305324596378642066036535438701293006239458662279611124151907941572042774220861
178 1177448657180051872923709523082642993831567113550682489902418497233744084473637096505457302541111581983776941499264509669508655489192318282829269607460177490460908473896486837311911603488518037546789297074471586087696688097253360006077804450451078284521062865764268498
179 36920073241310917139213191804750845513381001938305653722843342021538925307535892462552954621198798765150351176000442531360288807529770523272451311773844995697525014642975671718641200197795049634592816195983047885632324280580739240804159611328706154285119295656485475571
180 1157665601664805798309438979853516659028802018028840506800863768583867857945137698891454690010942069491096939005342795203098119389689886792505996706958464730661782211522154621442567992002215843454020426564974051430542421937321312354203501903362650030145677579558398125561
181 36299755867720235254389234979702920160737389422447181911005753660286198389249728246441785491439523692388760207778688680269042245444896125565417967599674609997227243554191996011236806936898801846632879756975115060100602746126965099815138336275081555908357551180307959958710
182 1138214933708994055045484173673026228847248630366356952741784674999564396264481929205379226891766410217060122010725459822446617286505901308941454166502918785681238486425238782812705316258384525172904181756155100943645596321932571447832731654338309861974483312889150340716137
183 35689860836508546406802246161692468555877288465803619915506146526787137510751918544561540809385422582570207113561228474370948982035877478822243060298771272506291868302802847159851056580450808737398488521324485017638710216867928547087160199716229628730732033493362003295763764
184 1119091068660155774934425715963272550923526566276148782649824987877548184872750491678163083098976389802557622425753572528023345745465343641600111051530484834466986889266831497788305742214168303735986815442141241257786839953840532755932968992330336767978202639349965790887976409
185 35090213035345792546374259938569108441263942978187198442666228689286182275280733503440709360080758550708057605704632740748448566332531451014659699912840227128269510023682981979623188530899143776362299378773285693051813671246161495243352099870846531779333704843165044312207703258
186 1100288515697088882251747740693006702796903701479467559119528024074151564385952859327815381318218445064571380970667459458396249161322939638483099216584930857379720077981841697664334725761587754437293096197253164300576144625798294629217367180845534523790010821211494126091061004785
187 34500640294074320183980419367543030876861137485548644577026809707186621569328124164413495761540841977162324627718653484175016024214733297138795061524445492845440727205873692504832630447509134893016581744922426857779828030351693025397842325195268343321786231459938676147457024203423
188 1081801876253332094054359393657934207048543044487260598042835840391895367066874973340783875948873054276124800241120732114078583382576015421197544935227830813411901720538957950614054297018947633093353824469881787046204106644539696734593688837816809715497241913854937990218055460504000
189 33920973335275591169094533919486423359021753778087668529394966467482987086644915623182869895813569278862219080590382024488047004671638896792700998205670610747458278848817287750504184265200467708479082146774701319537737626324317553939967122731283441439361302378024793965265754397037489
190 1063625842467134991046159716133612160541965634733735994514232800639397795326847277202956320274884552551973165737677715174879088735893281603349397623329710663513897244908385277353591802265851870131023442479812112055303910863904383829352461746813112923700372218163083018503084416284901678
191 33351045725667453253650020179146478556245465710770150223902262654939888343070442358367670324293437102198919221688854347521092596956130933225832280165379447715241416975115698255138818276576572335719582645915699556906851149686949217211149121666733668620329846238769696472395722491070142893
192 1045755195657471116265978628011855885955818618583142296727346880078319621746160335092775932056181658231536755553384225863401975230502049141518570424247488512594059049945518237179151318418180816430602367458392773123032505350611526507844324295524048638184184050747882374960753837573097778342
193 32790693828318015684718326083758284945481063951575252858813883670867984566111803205363475673778436864316338892259537007535128701269336810004960910344155972005524227441937949653301069189922011128720123077075813756761699113256045682688388238569159439613726243555013784344983319672685121817099
194 1028184804825656536306147807330789127114357235652293118142585230510442052984511516057471159532540021299113028393893128563569838985519699534367160344653089432867762145775933161563081627279587807817191707717229400801674795876187186327736179367534864971476699713071265276928145849883016853560761
195 32239756755662409531263651498852082098112875743988624082315475477206971015751908680361172896985370819494493375111502220074369075208023188053600371135763557933866301601092991783513709921175297214389267385053448215854035286524604595086023855255124234417985006453842337287104129667503422416523394
196 1010909625182143651579654457723848944369881712299558597705206375024785196097324213289506923776070668368879818533657968887333296162176238051818610371939280191367374575693900190430547951697724884215268929958958941177239561057260025326889081936531355101261867532804103836673868293031415339694520965
197 31698076323308942973534915374351013227270067107407234796863063151008292867058519697613195806850799625012955478500526730897382157164863041970217233118294636868479247580454638526586551129799522197082169476564154131809408901657797018878765512712260453838413396007059579076350115985339331932916041296
198 993924696698067270441151038283299373395248752924827441897593242678625050777018209347285734793818183733109274481090045782807352177505717049356859919599407863923027515049341720132596585150756942445381258360286834097574516507910843652378652134118815262593245092961529272459931273288113143419326504857
199 31165497004621388433791056693759189644538326487766311874787079291222484642555735873021085322457572243515403572092522010278519476758627153942191117682785040136310160393803014347791531315820126116830395648206159757102930678996379340756844777986161350310625483603310311903331233452859962332943911172886
200 977225142681127068807412189818980692741925192990334169056618683141240816505923682442802101354156795159869592557568842325885466482926997959474740439812231266735474048618755225545930211725445040293178038044568940598905225996655004987369593511939706880822218218647248220514786546613215312922667709431225
201 30641865886064361269099407956752756526565314436459672788516554994927083595215038516387800927944898963735894223214044635027931993012171256996256895398619501322626393439789152468566297075250281609560718246209665137336278427158134153299729097952775754264458149613453244832678183952278728121534684690594767
202 960806168375397544356653798083499410538544353484463053080961851168497059395087232702238813600207185848777356987493398923345232034961346705428977371277864743446249991655727305283232460164317046519806778661572088137734504218838893005064922934095210814947723027934457312104037485769357462277999743315183732
203 30127032623298968844881186392062837284980142075650870612514368409642848877053153300352983215809066633361772036822444740504734147893728248380185610763197768844137058771356075406821111318334901709170926633870529303598185964372778280914166305523884137038949041312704167960261519815876399658080401901014488821
204 944663059584663444419682009309990883612816455284731273396807507272148808954655854057022992001416069904071548942172245542772053574372220559881008210234586437456851506133697677566716260869952611349260956301562505711799752838999661541252002915385956640615308981266972358453029039533237702472560581488530436226
205 29620849398016124224610245668704499716548479152903176638620634519742666313452557293943936508366467772634553694361783025726142771280175190684558885256432283051441598081933364616003242818597880531012743795934403119550033052749860256868892991237587324576382310505402095021096813397556378906630260581472125403837
206 928791181318885401281637852456365145926951142214204537613411562316427468029286100345907786937159403123368043784932099397909657318801505857319656676094288160761762468635975452106584903443901598839924971966913956079764610114153132072590323917931188556184912484706563322585970047758398878532311124636444559873690
207 29123170875495130508451313380669517780137417665804375274104460831859762187818740746923230704986890531639269755359663973105341687104746260567385535349849583767467569406359668294281271719589681605441434721919977677416972837392683239762363845707698181794608611670341079188636382821536891795699240958746298067878531
208 913185976463407149730520243338439972920409309804401853643557609769629373037178472562551095883463845903995097478547697185018658426748319695245928178405882284399354349711409243427187694757169332571045903845540418731585253220482588048289918265703639872410519304923250143950187457303894879096072115903639301452140281
209 28633854162875350092463016833743112743203890631023490537877134923418467242218253328628819949289883112320033286412659563694099837820837462024743044484245689288577137601621231352225462888504509182638168025512377038025448810084011432981541839230746361992769431163000888691710675476930798125507940646249949459716829422
210 897842964470522231224496218039492546045979942282076285896729571458210895378368554375779425179633026926948617848040297091476250847571877713720998962864492756189880413873258461604985367080471401655507850267777897800262040461174571362927926187308891201040856812474687846145416358858869306232528461717616585571172104353
