1 36
2 212
3 1568
4 11878
5 87680
6 651678
7 4846056
8 35990386
9 267429284
10 1987124934
11 14763908592
12 109698051138
13 815067420300
14 6055993810126
15 44996556671640
16 334327945984154
17 2484081968889732
18 18456924487924070
19 137136383652862288
20 1018933977516343058
21 7570758802097747900
22 56251326701343974622
23 417951732496234630152
24 3105413887235958694602
25 23073466738704385581236
26 171437652687882877574870
27 1273795095322000314687808
28 9464396643495614859186050
29 70321203274449527605349420
30 522492010455663046452237902
31 3882156281110297624091228408
32 28844723152560259237912241850
33 214318536787524660347474079524
34 1592403399671041971321291156038
35 11831681128911343288850903721520
36 87910311146755979597403527083634
37 653180450158908144096703220738460
38 4853181554067941006364286584334526
39 36059516464424214723767514686244072
40 267925012316543691879307265033232042
41 1990703682775146807374420781140386708
42 14791083215226299202517747925513932214
43 109898898853074673875269348203941798176
44 816557367257943248631278879029093573474
45 6067084756823923674190761278815131158796
46 45078911687606399338863460969484967023918
47 334939820422553534519701554119545333622488
48 2488628919928771963439092569980677107585178
49 18490706459723220522864121061251411533256196
50 137387387344769693452372623649008612895886118
51 1020798975016789050643185073352297142340129296
52 7584615789951529216529183265081947143519343186
53 56354285308952161336684574472512087154248975996
54 418716723514227861168763160534076545201862744990
55 3111097826710248233733138056628194830714530307784
56 23115698857517313358905531193303668455937239405706
57 171751440627775704259268613787653726777587138418292
58 1276126564009260725162571707708822792240572208575126
59 9481719637504573980518142977529667443324028298299648
60 70449914467564874319462835052498239457712211988546370
61 523448344628910922756828345041333584646547217203479020
62 3889261918421431123315195798641837224532787012681448462
63 28897518590505247027735804234756319257182641149989915832
64 214710810998178328545903290072804171122386232011059448442
65 1595318027570803483224275882522885280240775887268626220260
66 11853337040928003333624475204446932832473330947676863079430
67 88071216257599825369875298941773236834826059165622175524336
68 654375987648930692331075670566444064872437568030282332689970
69 4862064490616849553645549710983215385417754995575693312842588
70 36125517373965508488286753898027608419901530010513804780131966
71 268415404208493311487749803762297071661415696376852514726105256
72 1994347332678774799113808293136266185495262121668351219701338730
73 14818155817441301793632727593417937873969172309413242908483060052
74 110100050393446890013291493685704682474305792079825194205966827382
75 818051938850018970111427580973637965368236426249182163088305195232
76 6078189540012292500922677176196356614858759617162945003299800443682
77 45161421090511222842347951606129684961070324829803468106903412323020
78 335552871704350816316174584800276162587312991892691641797707944512238
79 2493183938640358363636119556217422160754834893837597886142237122579096
80 18524550603074613177150386968832049662484171210778804856048190124280922
81 137638851962527694073838977088479671780589468553787825972585623050021828
82 1022667376687578432820903449146107846519809246131026516601894526037583078
83 7598498159704112378580862871753119789357672978886021255464218381023662544
84 56457432396091091907727926271622660994892486502294251938638305648080495122
85 419483114395241992426126005325272716394305227740909779511647778719127676988
86 3116792170571946410843980548738510487728932510151406809997124641284635490654
87 23158008275359488627495903613080803487514002749384894777834626449540300364424
88 172065802893494223085090869205917528122585804143014903867938110756910314723402
89 1278462300097058424415427341774638052442490236131610305189914889972648756438068
90 9499074338328385713055418901981907181797507032831823140671326751546277065995350
91 70578861244667586814539980264882066848546039575118500851450962415567807690580160
92 524406429213253798062011515941497468376767981603350146204419288023391634064530178
93 3896380561410268964228784210150693698870070255350427466531672593121169541963422636
94 28950410661654984641923071535073177404690740583386391408416706559462912014103855566
95 215103803201172009722757120225841169319042696746493635567696799392946126519743176824
96 1598237990208995481294922605809088492802397879928984402707162368302984709347074545210
97 11875032590466868520144109078440440407760448214959063619494887012234301529842014636708
98 88232415878319905073603875340677053407204190500683825059379001438680471490193146072518
99 655573713370224256072459845236860963358375029267946214048569466817443135758411583378864
100 4870963685894357389146981518730015399906573880629852026127961630741564826296189226743282
101 36191639087125083211838226453658309993796849039303355487251141717102610687980180514434332
102 268906693680723147908658796059681591587726010867653235989353095694100524709631612695610430
103 1997997651673707259005028677440296071886986742935657609489973352959170939218401668469898344
104 14845277971523470005288220792358755554705569242410713989267215725787352517514656322568889898
105 110301570108046650479170089054287562224875206998367722086932449401119353551485199517896965908
106 819549246005244836767171507847949944151661097630403785508930214890693529181732484855697019190
107 6089314648647659942970533894326444894944781089235899060424211096762639579552185012186742870176
108 45244081513068314673929248357939770789215048203007444524280241380214117682136945152622303367906
109 336167045073911921997209271453622622538502481326826290318747403722199405318864675706004627389580
110 2497747294551314566977243766050996545966959934976580891680584976442083060030629434768480017326254
111 18558456692465854790978127770139004088788716047909043484679519544018837986371987720345084977925720
112 137890776844180410856434917977370945828716093838771995832219627078687928054133126375311587532351514
113 1024539198154908413147293156015631266592812816475555733539175719199718615158969264113230761168953732
114 7612405938811010199342946840204382839989084459755774370413322922040977078129610016279011170962529958
115 56560768276709114939138320863948883630097173298491514051792139905043811374975191013508049721684488592
116 420250908026491586054877608855271097975935055613706544605068688656597025260262391980085200827922862546
117 3122496936977010749879982124166296111736301875654821822989768347549967324924195430128741701158054275580
118 23200395133509619873674679413503776197212960673427149356487612136833064346161393493777532742927203137310
119 172380740546724756170137594281413982543079017662297889060724737053861162030991158409893374173713661163080
120 1280802311358828445202015786524911877802009995778610785285736531005370833325931294523551313481067272633354
121 9516460804027367629230394787035968168812838790937231589757513255667268186497419022864805522919387214041588
122 70708044037263729494139439525549466095614888414602091690346552196565260736488672509842503796584626267493910
123 525366267411071955645427922151058876058931896615847055256982116386565560186577776333867319436817413392111744
124 3903512233883637663914623348930421608448295367194627726252388320583721496421452561802110956953876785527673538
125 29003399542888319817801612803036738222529176195652863290981563325206735708280345175922233510514490413893473644
126 215497514710617451901308174396521390019219587230729419987777243895975597852360427309451422860471951752228595598
127 1601163297350077238607641100464812176200545700646596490972972634474563357810247353293845808770611654087017600056
128 11896767850077941060545579939594712206855884112387611867686192240469933855315181110536317061413929588515428434426
129 88393910547965439525204537529863247883133058220844571636291042625726962363228717532457297231841783728041756897380
130 656773631327985117899463195140238755834590989112839539298742322630023692830771229475142525515996350958989385602950
131 4879879169659346222707961362135098139928408939734193065296415992335426001203260030518696604856431680935654276081008
132 36257881825013685287519789224769836876309098896414015220505118243365079370935695226530808547303912491399824174364082
133 269398882376103889592811562298159784634937626118863851384751320849655995788513682111914440295790227853986674370141916
134 2001654651966599421347647614799382998436223777543841765545932117401965072002274891345290402159149088236748866423443966
135 14872449768169201426533849775520125359811854160918502485545069527924705043625368495216867212366238454890682131088771112
136 110503458670755265089712092746270586921124682333858214144638836050523642109614558297501738228539796724734328312415721962
137 821049293730611325766794098612190288711758556506120161692289220323922361276343250361407668108986841476446172886224002260
138 6100460119932354782748856655435267837699833870534806621399873767598397953451978128173288426929556138736723749456084779766
139 45326893231693872176329999831032109976695703286044477281669720082213508219155488035708882401687848756700609763998025545824
140 336782342585030696700454433994575374344254146883695084775967032091367471250665599550898397096067883613885003823848727272098
141 2502319002921488606958112766728315430428752320205130791007399332283661542648649142982764937571207970666245628454428454757964
142 18592424841278803296761197176138743622622989020289192232898209536785251374483930605785210444443308175367913301726105814603374
143 138143162832163867843653318201044430442759954689941847890706129709669330930967071925161004160697005943574139602093264129339928
144 1026414445678144181631391629089221061266868636554224243014040069686483016755614465710944693595601552381868632520653014136792026
145 7626339173779792942324888633638674301861767787664641218532143676536850551168238630869412170495063855977512346758190279414986564
146 56664293296361095200865559867709165141984137216220947475420736008489582399431864488353722319188589887978033685326494906466859110
147 421020106975476167214918687303084362393791177716744550256006704236103762633624194231246457435862562004854462538566358923810435408
148 3128212145002162442592579617614227889624808648805479688585381123906428046132484352122213783137502395201882664166813761716385227154
149 23242859573709229485789669981902314621495704077482312980449224655992091953570954331327822334939708832087078153641355421408203017148
150 172696254640617840603444673285556385188387128011742212486859715522367647565245134209025524202027862052302679336360709008166924883166
151 1283146605619561200223015476029593970906239370942785531255375752752248359674490665654972614434672216871080217412867433711848419488264
152 9533879092741807183200664173175278658396894697491190736431061625115194999155906825165845901897372083265303598771987358733055287721930
153 70837463277340160740332610792629076171459873686074101678525883346610127397892702149661304410865826752427665794816382347865507870515124
154 526327862432061356538287689436033441159160401418520014764901967509750832997754930622666189301904017461952521772354255541953820402096086
155 3910656959689827887614115763185701897906931710796233804312693505401372393923539116375271456331027844340751202503498564356507033964146752
156 29056485411399907301149631604253539465769840868282283443363607682251382941831623608478177181390213099320718014329171239113558339147590274
157 215891946843084723402533842988402716709696295322592426125293769986908854421623056550598320671177102870021292159969101917018760459538132780
158 1604093958776266775709143970578799887185604603235837549733395933788222086271691692978767982406196919269510270730453885296519089541517323598
159 11918542892443861783466805408771930336761614684477363794882365985391839847898559056145692074631569029092921503222920748635336811351479298040
160 88555700806574103894948756494066303947967868680502051379982956134015799544845919760443325802986316350147690890192631972206435264016352841146
161 657975745534735212601243854139106766683055379125687742952894216908043154443019787200390918607079701393783755997647424704247420553083648472612
162 4888810971725166154555786017010986523923115150170930535630418902854822864038815442568286493244414564651063440236518085074555382432554850943302
163 36324245809146825071146526810289102956488159423430903299768078385525460943492377385279051777203870486073502332221548116458614141633090538820912
164 269891971940513009659980642380714720339957711319231774585583520662101002331444538018073531321255418118262220455945545228245907684288906836710770
165 2005318345786448940400121971608664988834610505355563789466762200712378368913652259706563209269573018447739781269963882360082617586607442016415900
166 14899671298240899893779628572293983142356013763472915677253666833686907152541327752236883595023680640791270966836972973111877044058928443028684734
167 110705716756687462324394340289594129177929508211242641951900756031278191203044500822545530708920876899229445490250873815291647325426774042658092008
168 822552087042273385316491268604114997908891731886329498379714315164043863182719003704805060492184686505426487967196279515300493737220992824583171498
169 6111625991136798480450112599899451947490676116926506190802986446497731404503170056876475868396776729786520321401213817682709439744035939805689551508
170 45409856523310025978134405502238661870873707944061447176897749052529522340064561047326032746225291470235293494380421085473032872156609641639049270454
171 337398766295260112124412562698809404165595020428189246283668175090132400969300158505446852088451988228128128272795893700091440423577970908985530384416
172 2506899079038659115556179918582029343726517250949256817574823367442888425494308566680508573012816282472235202376843211876766073133562382534431015895650
173 18626455163102843130815984660001696235952547597500401249731620184096397497823918158324370483552045138303836414942148313117295179747044322755041365733388
174 138396010770456027251208767265119458610021238690028681730420508218822329860243226358860794898653027985177837651285488795775004435668457102878529743006766
175 1028293125528107648617635531081256914268054672081348224611693910539240492313644958787427417556295933398278124210619378401815258624576554587651204419548632
176 7640297911203155194029559586245067717243321524873254794263105036911043902254213093087369747833950318611874454226390046114429506157302447052574608361340826
177 56768007801234377807912974409234692871557780001795787507065745047067295963133177429984201487379152006151477299803710578601074161652726178904350113945087236
178 421790713814394639218695142925106761576094033434680624328508684317205971584693059262025106823162164533810204601349298095413923725163389242809809430569628198
179 3133937813759039425960224385028458820229811203334067822075690387599907689523327402341883747788256387660252353279708690127711341301050328864510225815560966416
180 23285401737959273985431592760918748008956231560001666538047796333947741357990345443317468439153161570500580095643303426686226137456011479109903417356468556114
181 173012346230251629264391489722021116935830487483293723672415116559618196297597724921798971514408724226022535609291147858699280246753541574034393639300693151100
182 1285495190718569437446477371940813579832941576181406778711071022198514992320363935552179401263087020965073924724902525461303225930701349549243230048084660802206
183 9551329262718407894264809090809479434513596388216826415957032070848992344746266362277025117425515472751194205958861281797297195973338640031195337059457749962184
184 70967119397674418577030036934828178668433976188469311669551974896945331151117559284838596497974915867103855978426093040134650032549957937918924349331363832898442
185 527291217491792773015821456851483453926967117435919836504618351383029255678294748337826540580371139693204091042244457451582861694295778302161683527545253007674740
186 3917814762720780605099712772490474699394022412515326704187865799980969352188086725752684010574976497079008495917932895720648151731526376679352135320018228653701526
187 29109668444708726995866042758072902552899555376686298033993178534104448304899492745868473145107110022057515739847734694183240486750850787275115888939948631500924928
188 216287100917553653700749074998131707196581928201936302374461520709533787092235597333414057877442414286263101428557450889547598428182686563256323508512924108101100098
189 1607029984287686825965155666823686586025183032643442779202555770956813778695829168453456578915764618332901120392458050522072608612915847935794936260436304755346041068
190 11940357790380304926556885639912694344296869915949188886943082227385047018809403259363047448209334575035494328941769859906497307016322206878220610555466402858727346958
191 88717787195172021930420457616697199979547487188620814480651321263063262158710566974057702901261988494889927566541087213068470686334304175112228699753762479730947267512
192 659180060010340724785506113787816285493909331089396157233593434402539819511039801433288249995559591733964966217898502541745743991073693931278280050910711624512675854714
193 4897759121959735632361652319835950457544887243001836083829638453244623611896989949071547301495007535256972459164044238834944278506625223633298830432416786971052763913188
194 36390731261445459984786466523894472781381599539909438579471371479560605896228797362972361264044015998403758785087517808342493924892424360186137978796791934985927451642630
195 270385964022840484470981714525358999426981354457724025399765769384714684093736113559251985529413485794318521803111977723820660271248639049175168695361303947568385565254896
196 2008988745384636603837475901635361707492549235821670153794951952011012589378615114244916737478217818986268354710132377818826132049956316104975800475900434917508136996050226
197 14926942652767277665852527403114238492660387110432147465956985842629657656571015266539071242935296620289483420743047602442582248788707254057543539356757207017252313896215132
198 110908345042193655177996818508154740598952694638977389359846194120378711184880209236766421538543897661970761118448620913966743818989519559170947793347982141246762723834908030
199 824057630965567195692184256663577930185895771381716546550712734365307397191204111354972905722327118211669246751531178172960507401763306391683291872774092454536899575300636584
200 6122812299599629764731505275493229580813470476181688684710403540306107454505773522878401017885418991380925711665499734605141453675815674530879909805604763222626477112640627050
201 45492971665345766319082223237787810569910206880705349686308307483069196332729566110890724731592772678208903755705459023295968903167472883318330598603886849554366062878852134996
202 338016318265919146305901596039499122303422461045579355109756292191804095312801339484187641205118487974967991126992981095372007039291478036965510033962428136907023037179506656886
203 2511487538218586444791451624987935231442435901920625171801932786383513224281585791229768861997253067940485882989452217728451175857565387958385150634469305208350311346489615181792
204 18660547771735265086007935237968838450547223814868279932806394093214122291238960483106419979009505306685233192805833890623600401968614478286375663908867881589346548038628053600802
205 138649321504579611696526998769112320309307276667984534312191227512328780292432927876010483615614098552813160263678044402587919847079026638061544522481565059416611711094073952115148
206 1030175243987098414398492194753304211154251046160537631143772143138435715380305174595162403213035033484644453894507614989818795589746182481107211853080032772112622211839720030101998
207 7654282197759071670096490475274780819459063269693258137969729308250025304177155326826547175655802900094531382451381547551361701819542073512441834135538958088934498310544209763604888
208 56871912138149945868512067209279804318707823843811293334566974715468319965331846274661010183156037762734458764990248989910135336579668990369681706003686134401425286965420583492483930
209 422562731120153884957563160397075337387848630786679527883022855352495956970516278576355836571407520229122998976512532693689000072197713479753151111074939135044642744585935041484391108
210 3139673962394260291455446783162664734797933602292205248419165796534616449793091441845893251789562981732541703513078642086096816286352364129356937067580540266242381751227268120842767334
