1 11
2 64
3 1280
4 28672
5 720896
6 19922944
7 587202560
8 17985175552
9 562640715776
10 17798344474624
11 566248488304640
12 18067175067615232
13 577305177233555456
14 18460254872591663104
15 590511983140819435520
16 18892924695992401395712
17 604518250039535716007936
18 19343698557549604853776384
19 618984186742138746385203200
20 19807267302157262141356244992
21 633828926891573544635875721216
22 20282467632091011926147637182464
23 649038035771882917601518215495680
24 20769202289419781938685284106371072
25 664614235576945479244916310772023296
26 21267651735510454651149117454595129344
27 680564794689105737881760486705290280960
28 21778072456495722636936155225101227261952
29 696898303030972548777474081611750284722176
30 22300745447760872351207444442112185308545024
31 713623850340663927883890603436168749032407040
32 22835963147098301894608537410574661075580485632
33 730750819686298559864657806748265332123270905856
34 23384026213628000303464003569702509471219794837504
35 748288838574759151915567374290608604571435448401920
36 23945242830210903136573664138261528170164366566490112
37 766247770499846664774765382999761746627314645609742336
38 24519928654924657503263022345198661414986947307224694784
39 784637716940462067791945196473657733646188372194597273600
40 25108406941820754612342701989993856570543724844041625403392
41 803469022133879642682973754925192355759250345950364215279616
42 25711008708213996487263276817532378512325629485468170126884864
43 822752278661725454334954724719855682442894038175885687867310080
44 26328072917157255606599029055976494958948191535882809912665833472
45 842498333348744836497256575630305648618751446176321403619897245696
46 26959946667155237281289612753594705714718595350091428698470161055744
47 862718293348894033215306045449829382213691836362112018873180340879360
48 27606985387163432106314408451751321020321287326134565412295933901668352
49 883423532389210996096854910413750765282011571437057786127136492749848576
50 28269553036454450574216058572563360371132056317997876243007033494338535424
51 904625697166537597560781097351200905989948778688124473167243723440327229440
52 28948022309329125988918870683705202977497928542215062075608097576034376876032
53 926336713898530797516985870974034879053046795338003249367559897248202548576256
54 29642774844752965774488860016696610270067306762610044186931529108984121371131904
55 948568795032094588846768514862731434888070765392224457296522729840158120943288320
56 30354201441027021788106592384862444416352935676370431326524148128527719663258304512
57 971334446112864616339570954863678837322248680584961781537339472491169585913434996736
58 31082702275611666428788830532407012650295233601776504674611930837769947656256627933184
59 994646472819573305016003536665333042505179888425771792234254870297478659512639422464000
60 31828687130226345429228288527343595563297475040327475633842925185340762456603298776481792
61 1018517988167243048434764038539842069275626699061723672800521915304047524246486956969558016
62 32592575621351777465103790123912498396821774334315068769897474239699810786050484960980107264
63 1042962419883256877526382738215400783578324298127520780481211542869918585316221956158631444480
64 33374797436264220059133230890896038432586817850951682252910647247029788972720805595592494415872
65 1067993517960455041544887120796724643572065216204390108533330757908031555008693027035220432388096
66 34175792574734561323878367582104011213974679638123463896109624989106262686384212832747223613702144
67 1093625362391505962275179438093069520761887231933278531444196651428188452781991386129833872074997760
68 34996011596528190791382888826430083255015551158078155994513311274130639238106869563865447369384394752
69 1119872371088902105301486791364992401610660192837912879637210255627038195604750149367066531228052094976
70 35835915874844867369283326906387432650743727063283802353395276897742946099117289952920084445821690445824
71 1146749307995035755811238454327720657611040880304611118588721640210617856607997841264225989410678468771840
72 36695977855841144185866382431660226048149173998220026887320256958465268714435843924787764255451860992786432
73 1174271291386916613946232268103897873614307421198600397873946854218496555709625613662528977683421951642566656
74 37576681324381331646255561063977062196834379130444165331641477439753617092270877366310055630012900850536546304
75 1202453802380202612679796009801703274157524798607636532207330127748303383905673799387667833666707201584760094720
76 38478521676166483605747361205725501314781988218379140896151409682764710476229653159057307533435340440593772838912
77 1231312693637327475383817780856351986740882737595088858525114639365574770299318366348264830767542253937103927771136
78 39402006196394479212280604543773438690393993436754145070375980931972057210537699167279370419723133883396976839491584
79 1260864198284623334792954314302672839927579723315513467813188389379484463712558556459098186793728792387257677276774400
80 40347654345107946713374137560116295707042102079526524179000540453045560966407508736389675311200737486289116367465480192
81 1291124939043454294827965993962613699895100081479730265071673486383890880966730438439646143299246257639601654872634556416
82 41315998049390537434494809279425914192959247646309472343792050634467435071602416572071501119029042773720851853744132849664
83 1322111937580497197903832256503585666915752645305232776785321605425884752381950010978333228344179969227124841684929483898880
84 42307582002575910332922605961106043945160992179740723445673907135595141357673163242059386387577768622756916251759619208118272
85 1353842624082429130653522970803254247906862270231275543678262880530513791948753429997943933691512749648044061141777826233450496
86 43322963970637732180912728346469909399606960975073975692371577812039949638411505059966902986752794448254573813904410624649068544
87 1386334847060407429789207199579289476252820644445137754870565140146294521165990486719464049314079605696420983762821462951628636160
88 44362715105933037753254628666413301247536626914128736679292878887257682801100852771831220037858390315921865427896371981857851441152
89 1419606883389857208104148089803242248040313921922268830112328834833465979615853803847532968568393977047681996852461266097943007461376
90 45427420268475430659332738433352017667196315272234990665593830081730433427397345965503997831899415056536740749835198317990044420276224
91 1453677448591213781098647622821636817028782405043077910930991480488326222951755458774255016024154206465350373603629351021375312353034240
92 46517678354918840995156723817562334171777042022683424503903550061593676786856820886826193879226901401390006669058587310215112249764216832
93 1488565707357402911845015160358313989926561425706748485790702764946473459617828607675238737998524313556460928829753963167381228063928877056
94 47634102635436893179040485102607156420525102918310013971955115085894763546785080874356448157764993533198441169270193529204161475189307080704
95 1524291284333980581729295522821686745342805490117025445929005708470354238921355634839387277717475241052617180564135260260100562040355154821120
96 48777321098687378615337456722906099689145810831442494250951255082598884532271109064620087873663134881528022788412153405532296302640122206093312
97 1560874275157996115690798615014789171463482508969322695730009321227925087221279150063997931744483150894405097394946110212378734762064026624065536
98 49947976805055875702105555678581957189404505284828932338553404816649775306098591361986415732419666183589097007290390746561643561627330708435369984
99 1598335257761788022467377781684361889302113209079495532036798658730491570035437460542581014102968603554341246483726347406220978759935092373376204800
100 51146728248377216718956089013415408605526327329983372180426992352938910404978519328706843821943623884610762163486184613259045476923691111203148398592
101 1636695303948070935006594848421546325742581748790500152257654719671056015580824947980127024232574021441493865647668971564449041767250406042582506274816
102 52374249726338269920211035149365534429614444348992520751988806459505966620530595606748193126328417600270995323383184113104922720643089641107948321112064
103 1675975991242824637446753124777713933841291473370904918139543493584705717808086215758088233656686145834962916310786323988038381206036094879379276200673280
104 53631231719770388398296099992855115196419395215119265445679818784798819545076473405733160334840785188739470377345553285516121864920470657962935717222940672
105 1716199415032652428745475199770855995301389735959821423305185032954974010645930581007050520440134382391993564961463959822898198338692111003978725011956432896
106 54918381281044877719855206392659268793899976975930364410460814364021756903925513504603046889687968338181082284949346789314859125417940351313955713355763154944
107 1757388200993436087035366604564966632512887350033228922969864352600097637937708190745336384239673676447991244417299098457789360470650776029032767034954937794560
108 56236422431789954785131731346076852738141804589918641724397551970425547086200130241419386435984096680354865602136291169844681430377251789520827492439686278807552
109 1799565517817278553124215403074426015584208297099081594210511946049176269513499657926518320196523718315662031760884837742156556097134888570134942915208013231947776
110 57586096570152913699974892898381100146113394310717571959213026801502580828513516896866153514209280978810086336228691132663037800309321735131813583800865260384026624
111 1842755090244893238399196572748186687034328278799713677806443170094945629777736986191197988741425343205265183877404137443841657693114380338417961249855029723676016640
112 58968162887836583628774290327941837702837699495298859691592202442188068845132454685982032860313264612701964621966308737380924215511117527856573585086998413419827167232
113 1886981212410770676120777290494136625974633497028891862159526814136415142120156487997244207059426925688598527709151901023037433605659078603845535924250148625629583507456
114 60383398797144661635864873295812337142929505715793793221562079428147635573059694624644921114372100951349323443592541175566763614729943598722020048799463946359268498735104
115 1932268761508629172347675945465994230361603923879309441209302083713241954741345220128367179475434259712205079105356203103409487500939844493488047949158193328922541183467520
116 61832600368276133515125630254911806440177081419720431048606715351024024414178006918343425004262328779094990193937716667073472429303381413141752036574267739252336505454067712
117 1978643211784836272484020168157177663183358699120374256433959669987973291052975579374760404313169440423910528807068024030581019006081107450138217205595856499703811175859879936
118 63316582777114760719488645381029682935430551870881103611943425899698417470483688267796665804849820805451070403443154219926271028488561874078057383142576029488586645648791568384
119 2026130648867672343023636652192949817350786835852661354079097092151681713564093540214362631624448645164609188616052574252803527636337442941275987181578570887603807669101736755200
120 64836180763765514976756372870174393569897325563036619946481626362635132506188841537177513425890426715510293007007628603532318559958053581653282004546772475506826405544702081236992
121 2074757784440496479256203931845580584871468767069195144142620354224825322952248501194766977051022776020214159764947254952115884728181801133424230781276850529874517939565610680713216
122 66392249102095887336198525819058578566043070131046617506247184305122427658539241190313928024393194770629009649129562392693015364254203020597882691173341317974481741460261847080894464
123 2124551971267068394758352826209874511715875357550809726498843225282765962258332344523347852920749687667842813358566000313781404503372662808385163016306635791479370405034975991357767680
124 67985663080546188632267290438715984336547965255342998708745916449350083227227861047679965791706669285494402100856832070002683549663735868256371886901967763188075127814024781879754883072
125 2175541218577478036232553294038911498155774149190449358052396258224027822230671169892684257306496285617795780401542147199472731278132518318412647106945455107790168487695281822653057335296
126 69617318994479297159441705409245167931164600950405953847637111172686092854731551298436701865358007035481063583635325045733317123922528114736544655039574350421633621968592839164912251961344
127 2227754207823337509102134573095845373640144481233975713363754452078230212045010823339907349796258239466779612448906022829069183533877500128326868123143495805049847588792471986717422738472960
128 71288134650346800291268306339067051953970659412622985871470012779339770636537965255515961435157095892239116842726202672379862442177785611414578806530625731226516269814119121710001218442493952
129 2281220308811097609320585802850145662486837677414107756588318333944255121986776790714733585791856384220486446877017844585749975255188429282196426234420565246687258985615972184880738043141554176
130 72999049881955123498258745691204661198935230896614203550046633486302283289457847743483039863208673345756921626621040771857509241854018372501164110308506757453012101164737674558754802228237697024
131 2335969596222563951944279862118549158355630192201458599029019420363050975436746974841242317508585851875443177276776820621256456278336406087571307062784994951440704255272030620161292628866933719040
132 74751027079122046462216955587793573067215411006603540535769055832439677776761436747716314830449280136993728636455314514629265169530890085482826714535724297853211608456711780393659587444755117637632
133 2392032866531905486790942578809394338148257069909823143014056736731222433860934512771667045297169490415472067784145364544121422522974484186339173081568848881816516627222885781373078371368375582457856
134 76545051729020975577310162521900618820702048920290498110360966776889561803623000998209264981074104109801870191773856466627644514302959517177073030073013905826348454576862085944354053053967407727509504
135 2449441655328671218473925200700819802261790728380114460074129356084313080437105577374951191899406218177768070499662683751536768354779120921093848825741416852174669306551262605265978420449827272702033920
136 78382132970517478991165606422426233672366505915056759051053394102279572217526091202914513540861557168314309845795594309160410889706282531417843352238204889121293717971107217049257689017960396333212762112
137 2508228255056559327717299405517639477515555430992105830892608686594251169257454322123921639708858760372069620502361232758912897308254651596456430308654229249508667777658899964468188121591787460370771214336
138 80263304161809898486953580976564463280495009659112019248705879176156915148984448766056007773104103227682415143065994886137688695266606620543972858469442100746313669726420303165253093059210075175192084086784
139 2568425733177916751582514591250062824975796082969418738520866552919275328491436927843240493578061269618256281169958803362045653950970736168725004888502255460074618244706817770124436148587088428699385174425600
140 82189623461693336050640466920002010399224767037066745593664184401932875211308934768254867711917640089102904942908233179675694777670092746380286131111753906501469076846000057745363351485864686087872141319995392
141 2630067950774186753620494941440064332775181223298861394373197176198109041955213161820494517460079354232392221300576285303065974505267434907866531790451032716512311147318112073473729563244915656723777574053871616
142 84162174424773976115855838126082058648805617995367173185957402043719601905660057166037244569581977277534139291658646306553211050085749389430887026812431570263838767726117349961112983074993232245750787198748196864
143 2693189581592767235707386820034625876761776877448607279006878343885109061990613605117694546400374279954653868693719964639384351457419044019854913010285786621809957543426759416514873651218278331553463667624331182080
144 86182066610968551542636378241108028056376813703905156721119970660100798799851503776638269007591993071725906379969331393735204812312210425564421666765752793871792513008712368812624087924080825004741853000208819945472
145 2757826131550993649364364103715456897804057296533760595762236879615662502653678015458377304607424036106060725467343285003925043044787549888926524543489811355479342362183692881750340910932121094472235546186365792157696
146 88250436209631796779659651318894620729729821617221068355373945243580191141852574808363316889269253280367250755888180006595977202245950656779489284703445514600650666724356525491952830707612430132239477480838642211487744
147 2824013958708217496949108842204627863351354101801325856027684089328629973450240446886750030725923050971324944843352878394597283668874405982285105099498601286825808713331062468157561327568150645977710319432835540566671360
148 90368446678662959902371482950548091627243328218446454091377376323061180860983023148681983227538448767075564965466189999563529288556044750878586531007768758292105676877020457419683094400973666779223482862586721134918500352
149 2891790293717214716875887454417538932071786454363150958099939809770678134920662002330719179190172938722308746582580446241015596612226452179242179677429616539166258428871477972448117131531842874662139493854550817705952280576
150 92537289398950870940028398541361245826297165761586661494011894191585225875368468259749345188628615289928130573645172139792221641646174792153788320640643989634422298024796468478631877980229940592820272479374038028807437287424
151 2961193260766427870080908753323559866441509291922226461165401738593503636938307531274640349308804989290728189284687074234626653333556446507609843395906947834399145989608033765080894171706733596628357658156423806717309422141440
152 94758184344525691842589080106353915726128297142334499451005193626396538924850105752191072030244788457511750231958651427688461879487867938782532862835523773358334790912489828862823398716045483054637188082068835251681444371628032
153 3032261899024822138962850563403325303236105505367876025531563603907160006280391620092555598605641691443711178220255486520917323708636760449665337597400783829987707217120198497694105322456335585148865906963215103041446905701728256
154 97032380768794308446811218028906409703555376120782785506600393850828652371935543619320839853585469499052120435809433822027539055716776116927279378903449451879942533474574735511551475335288820763171323236215081297128551955409403904
155 3105036184601417870297958976925005110513772035049221179244658339639309390637345584240011846486013989935321657670082014358612204935583232262280757337496372369283535511614045673735088890996219577036004170973157769504949678140366520320
156 99361157907245371849534687261600163536440705108521830424364198651062580736161589710428298626292911133380753905029506572335285840381005776722709310201259754363079127418491927757369911396150663466984482709769451312107765949567978176512
157 3179557053031851899185109992371205233166102563263846616596216465355677467329435366969672268661220571555391498714334324120484271411269662364402299132862325556354627934141221147401390234825167422972821034530676884994638530371395294068736
158 101745825697019260773923519755878567461315282021101460419343920627728477094898163682804979999076616934367845938912940192747578677465868835809283191554346632471125627600510748063493336636778896607599354510070531407943473291648169288925184
159 3255866422304616344765552632188114158762089024621780632431245359868860037282440948886166838401132680213296157726081955302195829555791636988271616038583127673760460622544210679578168358334901316602684646803678942464031790448957735305216000
160 104187725513747723032497684230019653080386848787041522621995689912308301516969305740939858483727140779841878450128508475818639535815473731502684575776164652515285788550660609611243492842044468133837993537420477157406467616226108618720673792
161 3334007216439927137039925895360628898572379161171641402050995491537942133725916909735395785957522825163202532850414445724570432986577420974133792225501341951768362011689073393395665456950664996323649150632699285013926168868986853222321750016
162 106688230926077668385277628651540124754316133157273527715985990358719372042155727127937790182292799528554679810354097055160237341018193656229047524026668111597055052823137290762035273598505152139010106539210281376076344686203601341886459019264
163 3414023389634485388328884116849283992138116261029248932517217845551103485555805444356491286339802690887064934077584462436711330679745655960237779533823382277353241185525784379159112418769506824554776748758151472124534346476851595560721296916480
164 109248748468303532426524291739177087748419720352879902570241629522788648821094929039607433170976615803959120772822756504720102354026476334102141085321868276175263389859791357329475336018501689683456109392315606597426560151552632699868755234127872
165 3495959950985713037648777335653666807949431051291259869922782680171690158807984206390633253600898580855860550847769067458968711685241088185261028974132105530407783226280783549685350570478093610633847555466975562948713301878378352666610947216900096
166 111870718431542817204760874740917337854381793641305963640329854332573339426382638238471390389303104589454236605007663907613805755630016349832233155073544508057838739253264435432205455341475628192495154653549236443655839692567212985664522786537734144
167 3579862989809370150552347991709354811340217396521561201335368275715614931156678721774622512842888946895602755006310105026470695887397347641093544608774498355207474472300931723306962364306046224595237474971271861065739094681496506746592288778758389760
168 114555615673899844817675135734699353962886956688686284280248791816071966909212667867084528737135479901188363098538961120572324855712504315658386765823521132924345340172773331777445000351854697146013879616003840272003686622117419275176194194673082826752
169 3665779701564795034165604343510379326812382614037902310368233450005059566889988552071450652806943894446492818166639360013918596779852765159362669919836471222502349398475042882984195286364329796015904634382893140190518541384709913754202069489583680126976
170 117304950450073441093299338992332138457996243649211933346187824190414012153202564551482352621319941224023213365546741186935062319308130518032314132050507798622847956958342112513189533565338225270004316086984904509879002435941957191311487907827398238797824
171 3753758414402350114985578847754628430655879796774766817708480034737282085106048959810570191586201904796509918644924224645756669775505649103957391339468101067975499041981199444545189624517697957400063999371234128696646623736242469340799959997048271237283840
172 120120269260875203679538523128148109780988153496792297376758875681897565862650637020548404654021881523532590851796431295285568241738508331757409948684608858367925800052426411731416060791396330616960862133282967068380988692137356446406916271050689121125138432
173 3843848616348006517745232740100739512991620911897349663417684254945594733832933509563311485300914937873751282540027499155079860678389507583129493171053557454856982893022093647500833830233962515425288614719510545389604385869636965125042401491944362940517318656
174 123003155723136208567847447683223664415731869180715127587148299888256993502303682304518168111584713677891375045801547136257622372792580098130421778484051022348757169238218172273555000726035279464529892094295627039689944311368247825441694140835376591128760418304
175 3936100983140358674171118325863157261303419813782883096513264056104191184388114793720456588881997808347425345537980182972964985226708416827697944863655027655853568882207160321610213113769904606399687049789800698665639881380421769477179609196222562548635632926720
176 125955231460491477573475786427621032361709434041052243308016745150213596177450024758668614193204521397596032562372656648938416636012202997486725402871607204038407635695975991233230069089225358021345673637631072491629462818839702048278473841310970187676585046310912
177 4030567406735727282351225165683873035574701889313671533370012570484906730110886414031219707766234149210727786078441665466885926092511034463581471567645771634046539245716781494530614202032626026547952565113913521881406596037529752345050784474460616983574638164443136
178 128978157015543273035239205301883937138390460458037485028056029866366161802468135197060215505858524206545765059830399738154055134802281719538707228976734149966569174318065804226055686323882665967372738223000739934593231646555500663843859048022892879121171088182083584
179 4127301024497384737127654569660285988428494734657199456261242997497303520701696645474905853904897277518304096399697054712349052311143872892504233548248604121763492273460166477650998472105663440841339721365711793657194941863448798663839232654175022302225997492545126400
180 132073632783916311588084946229129151629711831509030381566174976588291094150817753761900650648435504927127164916552293960257878281916137658436385109079845113061764211875238299163507415263243920185089464655377787249033622606409125995976227334812679916396808282492939272192
181 4226356249085321970818718279332132852150778608288972193570642461519353116639983498088079433925596830412732218637865218079655442748668944683984317659129280116621774125999833123291044714917608487173528366118889349601130074873552262890973224952071024568307086843477980348416
182 135243399970730303066198984938628251268824915465247109929509250139723909393500517982134679696429669337122038057342755960171427571595046863711818071789324747710221881567869980746254349701264320249563555670153261709349028819449036108826886402275317062083574327850558149361664
183 4327788799063369698118367518036104040602397294887907513508275066408838855168353312121367955258718551010538930809865294431444936749243749779967296804413396470380301962745844516695193891622871826546204148714485215052974784998294974623512256133754854401038339272966065230970880
184 138489241570027830339787760577155329299276713436413040364488467116085623438608693774972705847846499747899385193514043081101586047307035995217979393855708759750620890849051106659287079750850515706441258635176820327356086924360252294209222456455270675463050229242885358613430272
185 4431655730240890570873208338468970537576854829965217290579209587570784431207020405392549487604168089781774556714023037143976322655124927883119754941214361475195088155828580727097840555529914378717523890346670945605969082450165083114804402769370506968894781295899871815187562496
186 141812983367708498267942666831007057202459354558886953281183965039961813497369328246056350010902660438600693503193915725386851431224794108838142787524166465817046335365057708291141361833000426136743222315429673381480199452335474814875489435224685748669867784830836543518926700544
187 4538015467766671944574165338592225830478699345884382504720275013081925419095733308249719462869993639084564715115728159800852991499366154148073539271258237283918338961738536665700691003552704292660302439283128798160793403497618268559243638672867216368079525648379419719532449628160
188 145216494968533502226373290834951226575318379068300240146607010527471971605942102734005683012177532531495551251919666819042875659182480815382400777808022159129752546456540213308568790912033587865681987260090189540400221248289913785627444065462587282348844925288823836255867111473152
189 4646927838993072071243945306718439250410188130185607684620355698620708822508205477408416419595084818300489325952891189496021299993083608214541585227900846148861932681503799465972548169958627619710660539571367153280884397327135308207784572141696174772287839281893281243881007141093376
190 148701690847778306279806249814990056013126020165939445906714284143728374018151506315793078438329174622297765404755907684459070062166583016822206892701533269670939464926433785152695091211052928758882528422259446312797537792578058935732408101284571700507207683782999695543284381698228224
191 4758454107128905800953799994079681792420032645310062268996663521205159035747071098724958558207116954900442204540403279832072457387537177401620639212988363715987784783538876360751419715111723239134503168007913440534469002612253551112769887925111000140934595109254625389210574665275146240
192 152270531428124985630521599810549817357441044649921992607602135536258706218565841505111954633517076428604769930704332697496434082772494010664820753160256424295892663567531967317888259625303615953908297512183008633502172775588204278317961672547627296105170231147326174563945980503714168832
193 4872657005699999540176691193937594155438113428797503763438610782883376472188659989698195040606775787664002547949121490205807737790660677682281628874642266143617102042069629734553909567877371267350732658564732732854456163890759987189523977664629278140889658399133288179793592835557405229056
194 155925024182399985285654118206003012974019629721520120429961024183837613081149968654896041176764494676426480097037213188760597163572195595289129960364777485654123854272765859991828870329958369464434119284869470756660783405655318794598354551557820175156856444810966831253352114088853796552704
195 4989600773836799529140931782592096415168628151088643853757560439987916674134604580709534115694026541184501740107836030075135102102647121600550044113692479045865988759553110855516184077084787645409262604488591437098236047559386188699684741910485177999393604250570164352106581944459590757253120
196 159667224762777584932509817042947085285396100834836603320222856737295142460912235922750864470809852702525725715493076290961059153178097692038367577750472921546656047070893200748960454091131121813854335941599219953305009179155013834750510081305684614290582504284152871299399650920567212513165312
197 5109351192408882717840314145374306729132675226714771306246826178116353500966869778968760027363531340634769943408455614567661667075993362958360021145812150962756104014511680877925815548906882572615465671698603741964343584249034935453785896044504450350258434829347413674092613288623915732918337536
198 163499238157084246970890052651977815332245607254872681799893553900089855106422684598052038704394859766775785717273414438275697733220495403677636815190741110380405096596263363356971393852871229116848932239434178998196327344226309818389461848507703094295626629615189586251152816582617542373339561984
199 5231975621026695903068481684863290090631859432155925817596515584008740052613251533874492723800825222400235503403994618378590717651675177541846236302499752005328319381190660831636609343897495120429630323583155476027679797387356984330355789953583469946857759588903224338919917192190197178666110156800
200 167423219872854268898191413915625282900219501828989626163087248435573516710947659111773006925789442474622101876147753489775197207871514875325669293142328647740991920839864877879787894854409696472795602225401163202252110674349264620841673451336062573169811625904377700107565783134829282880823431790592
201 5357543035931336604742125245300009052807024058527668037218771945895053895187502852021364057851870724912940312312246922899371018540175023114206853083951902064839512677143895792431874968936147929034218181144680229981929256106437925823258161207896266899359785133891678743636159988070424622802476325666816
202 171441377149802771351748007849600289689824769872885377191000382203948946412994935431797695230885600248814618830400202512404907919498185493315186269940819031468908745032896180562278596343477335999571124355539255479579523627842196953645454930894956773706326133963759197239461998462347789059537266555224064
203 5486124068793688683255936251187209270074392635932332070112007109491281833487755440491350973462351000787676263955339296070957618643343291844655032178175939653309789270881342021264252640391604388313894260319807985269069355009929235753473658144515036485431444441707901950752462012300636467982920915909345280
204 175555970201398037864189960037990696642380564349834626243584145567159667443958854202504426767979420710415375828691382525054652840097407035966066174342745759246788607545461572572797485410936614607286508825314684487370612943021398475900262666318503883163070352612534584649513633377708482464697123487373852672
205 5617791046444737211654078721215702292556178059194708039794691347164127738564294216188640786450288481696647792632052641614293035579283772301907799893225715341351241055490908368606981947844456054333038562331363166936025911499943358137434095013296487711286477371247214264391393851832081286698206418448360144896
206 179769313486231590772930519078902473361797697894230657273430102133492381719779189025372491244408383717706421622048538944658083453675748668076948513611348507650503803600287276535862820966134343929055158473344313555395489925170325170935902075483157421962258893282248577350235924598553158739588980859985874386944
207 5752618031559410904733776610524879147577526332615381032749762932659600920404482434529295497069054715821224568030718916837069971559842644649116735108013162112452347152402444188994640649078087008776131862806869109187738249720204608838557042976383754546009750463469358009442930728592526000710789395033761576386560
208 184083777009901148951480851536796132722480842643692193047992408475312744738888212076415468342177533895953091394985656068514419906590463625102205646215621345480654715871970235485380986821087392329578088276377428700648945144882614736731556200219043618163791468886017912849939881577982030759448332761307787980439552
209 5890680864316836766447387249177476247119386964598150177535756985293296076219539173188943185925165612505281408127583405868112330077702819944558102643047085581495824619824519878533031355084214283326368723508999593727027383097620747637773491606605611344304998269232548515962333782703764164089595802285487895951179776
210 188501787658138776526316391973679239907820382867140805681144222154718086352227115729944553133213052045525524795891347574590008851555417981286459636003861979025704367225128193601070439791645540726921717530926737004165054474505897141406570822604919012026778684853521157387022802201853880127463052135913831559671578624
