1 1248
2 124928
3 127533056
4 82428559360
5 66799223701504
6 48667983827959808
7 37512454919740719104
8 28097680435284371570688
9 21372669849836167383482368
10 16126697116955385553150279680
11 12221294273626033135123316080640
12 9240412935052761126521764145266688
13 6995219570896121578212648740083204096
14 5292079139861387101813470269142563028992
15 4005014355085806019085324386161139187187712
16 3030402857940415361221667839703641942896148480
17 2293191205076697292549567585872030037884455092224
18 1735229355250983746637248250065044564718365305733120
19 1313064200060642774313317240348789098977138831916007424
20 993592675747514192703293705683790453752140051218266324992
21 751855464668478203005776350717445986160870287688228271030272
22 568929480394689819106549646833598984956154890958687585731346432
23 430510286372586811217952671744762511426000726695799221169848057856
24 325767746567880619404052165285323012391548636323052280889133504659456
25 246509082475596104167745844620048088306312770647972258865274910320623616
26 186533831718248539016956885466308711279210518363071973888983435489849638912
27 141150486936554591092760811978197538261626506348421237835021662821770900537344
28 106808817164667462420886181004911484315864065965525832177253547597842056210284544
29 80822420770444942650473304824108433790706507933473549814523592339699695938239987712
30 61158466893542108649412856847741436097608290420123964695088576412867590833809068654592
31 46278719388524954832686016570964583013900204881118399150513092767676844316571547937538048
32 35019188007193007287879028770310514386504548999025674100802280289125251751714630207331631104
33 26499081010773953190785600969680852769113604924060748716975163892121169827010839984652653953024
34 20051901049150620970430410757955874218297569447763952184193096643854128495177574480129660733620224
35 15173308690733487003631026266774669962382928119405324730017301352844396508425137805479867551290753024
36 11481669289268499395415198611748769445833398497880368823582395807226478579210912512579832673695747276800
37 8688199284882141495532932595290420349297905353839974032301159293413050532972210760168024702783707334836224
38 6574375632791394556734175057665658125346606162754994441760310207822053819053332076836537807894698964134395904
39 4974841569385578482520838334535096985252948713144721294338434223203724325993972607358268466627284588686448001024
40 3764471338642138159235580165037024576882182164774068619461057244803853674916259422460951574597472135561723636613120
41 2848582062811222243308962506097261695785497312190287494346229588526160495737608618128927342240177531443950403708780544
42 2155527041777878638425710354238348818374034895544579765490500128297603381784414070468402577491694033431371587744838975488
43 1631091092137889463716434585822069992639110936778962526859794843059640962312634690830161012131695005201896575525572992565248
44 1234249489463675391005777513642053491875054201653110280647781842005411769444726986100901015951896271646528070357414058097901568
45 933958752878933440614676552529048711961698480800884896509580751852447785163806255734432730946630841908769258693246371013926584320
46 706728225957846409827873126604067133833683408127759086841065074878965483764170435565665203109623136259393716432962047502338700083200
47 534782487798597122486607813953324873068720299537988781169724558050982157328927549774065374288817034759045376279032619550748655543648256
48 404670846234191562827840315658726077973544697420607250761002960352299122360675575523829133550887939386068459180147666723103999823112568832
49 306215138917566377648532612801255260127726356888425422991962730071536587948261611783782038956130794508287468549655287305804180225588237172736
50 231713532553390780539367704306070100469864712232674795026557345927315219690822989573017319695149919448778493413363310650791890769406156731318272
51 175338036382414387403998965759510166140402210531825050118858252664736577819138187539325187220207381468416806193243149095753295797791068063570853888
52 132678599577934132143765734876358186806740774130660284912782704746950447003784588928354080741985201993875980153975332486897329737962454172333525434368
53 100398128946581671123561935042180601370987507721940313414479671455470017364453303790891030422036084527024514179870723033941978070033799382609805464043520
54 75971440217482737380980698546514896903377882292982711341026214958718064823904703890998222093751505839778230550227353831012376328874082673911938297253330944
55 57487722025073577238380705450088427036662933451066809422993787041021764730385239779841136213723965716019670739870726741282672196791034338684413173670279643136
56 43501060058508722328913383424937803897484389977094864651445703849780336435225998872284538254201776004471734027818103583777832205562019113454457918282654849957888
57 32917328423426313672117619335950056188344018957968475453412814288831957130830095850058685309999472797504113575953586024026266916436425320040484649662805419038343168
58 24908600137061918652161154458504851910394907435701929429093232081636004425867025130815496561326663004793704764502758021005993449158349443477844681571361820288227475456
59 18848381399825059071307083552752727580228366882073005453020528262471419116019023645796822710457620490873903981897218691150838454227559813138545699634699992967248470867968
60 14262603255036871382050172759240840763035724499584497484701682248056197117023693070134934375515429290688721845916241476030366598675007399005781164178588991278705898994794496
61 10792536891919877914938190537639200379639952826728910110015644540001651278141993334081290201960555232971626771378177987982111521234626153754427988445936553441920335237829623808
62 8166731590343915315568730432455290361018138618970272488107172766721701974483525080867325579183718949594314320608803068545489373271246907229611080183355056406186938415533258702848
63 6179780114409860028648813396550730888125119380001808828206933437336450472799804258572177850418560067584886648891283259372094475944899375402821088863246097355783151523529621210398720
64 4676250448540492308182226953468225470189247395555722829634375734258050702113539110204239333220227862781455362076794685430756042073263521687771855705437590606389725397236120403818053632
65 3538526914005480252447492328182427162509670628421471191742160045863580498062157984189230597811123374871185904522293845065722161153971433483872112439975452637469321980400169104119791878144
66 2677609520475777568635295479301609463037404234280266731113501306533922395873899778845514030347772112700469647180937694323389820135049288606911129479030962117662408578523544635496777396518912
67 2026151819211913923897978904374153978699088092803429544128076121157267628900224144715580559801079159097543000418974465512245496081678612071950343222227645088554853156059301337717902809243844608
68 1533192634363762516219915661199370962517799351338530935966686098837371137714969584283004727678062891926196069100255845381078629243440427485622145186205916373758238179964911001624204321566356406272
69 1160169554807402068553435733881800483738451147799551814026261740227790284176481619895795688281126765871209024685566093490879868696776274398495829752318487977248061825823058140854500205161353733734400
70 877902336427907433310016421041624669524614772946422602073957639496294226569414256432829507712496271563652504680106332139587821851303754240043109536856415367630200077915762988163094195388202725144526848
71 664310237337268813678414414025909011480680988243506142213684148022553969166093534001032642546003095559889761219538150957901697303886381302915075704174266088652863711347022476489659167772616724315690237952
72 502684721431241175383210015964885040165475129667955156046157744099139782118599774295128899002272127187330047372778287282591760771293716872470563466728800351032241556505045602468256063559840085557389238992896
73 380382410142075556861385668409795456551275442869363616179772902394079938397158817443123736908371926729896316912125980005030655703155651144065742416147732479069331526734317617986864761558968770046147886571323392
74 287836036737960521098020470534412887106008785390821423831535021700104416082707629631284264742436519666203683620486363811350663189914512000917370938898645463476518143783795717435607001340533543123304522968587042816
75 217806033707162340272143729062812875004009983927751394636341625799934588951147409727515688836040028111907548847207387340149858989515035695481146262674803004384890264027832831928582418800977237875884411405531049099264
76 164814207619296004354033111089758482133057550678635037432798072531344405468587358165895455286157976086376996788209182592778272693114190932619775535428429756488732593684879108096629395736516479977611604448645739001675776
77 124715199899823327973415254438425589849114039322981181372012132579198979442960440359140247711434718352175884204396610058055956812848892636062615001623842800094187615951415771364494153719319364331907396306554874638186315776
78 94372210446691405577928924350662658803804902103565824164882886809338968236820413211053601173080087329252415876141226313176472039279073819300224829932374592277757413303745867632011417992769581637697080881654511205140953825280
79 71411617122438873623255019025325613364114010264488374859446112419193144992854144327696976862699841641204900033613803194931022938669098261928954601678093054725511906809047704390514315261006920178612807668171263412695912207613952
80 54037295893609032328812236473537905784405529850170172277349537224348663804061016472057428063025144647093351410609548724631257771020625519880637221578085289350719389916708890872947049010886659611524934832919306113855738228502429696
81 40890116554662468635808756154849946542901573227621800275660174502402239411734862302105987929707083620410311948982156529170484995629173713807603155715386841630002157630885920052706229646115076158442802254029202836081744118916168286208
82 30941622895893807780285472783020868275653741019990348263974833989413405583484358630954765172534024206221930101479741264233841381515539246564963787766645161765973662456828391730342075389334204693931157885184114414406152326752710334349312
83 23413580300067274417716786180833393040263050573348328974715112173329702010548806409020478435224774360756692506046040725086706623124414889446503713492933018863387989612353875943660291639136776797165870644832415880224645466813666810725924864
84 17717097267721150040882609157928940379066387233339989829448452415449451592725254418370368406657740995244981715266231106310949777937059409465834412171826741307973523277355395942030642175629162944255006832048851174875079917852297778918672302080
85 13406558568617987984737077994540463474654987172412256410209351477277200130700544937989496002255761869701604816362963906882581379499653310278132722159161726568964977770391133074540864305419892716975421500347675593175654324252274148003729016619008
86 10144766376670843625757580102680836769276229114547731073145149634946601066443320821514574620879018085115453599996483438200362044834274346349990735370674114743184959136897923641732610934660552972462970916939670951883876157297148855852796663935533056
87 7676562505618500327143346304921258894517647034466238142996527172291179104991788890407335904591591399855938858760719937508206961464318842075819080369448713995919564298288331843933354294699076437388168762851946895911390531875848687982476721829617598464
88 5808868308508689267928359485145632862920946338288000899838663075312890701864120286103537010181691385053670962188831017465495526524168851102507203008672775065555432873726646644287127777801689261907743639584832843563171526788433799929100972455701157773312
89 4395580834637903155356099452679295611379895772525558230535972286114922398551467706679502496685958948691189449276700079309993176090968578176316984544283446558112022933111004319088163555862420603915130625466510559850050959378185397660213676007951550598086656
90 3326143725023843612872416015763452040649291663089376477603892916220036091505783325777168816866860635142141665090878650523368121535196016115047323286237972294934346035335097242807016019726225697049845713681935963382926327775036501649045249159937444716746899456
91 2516898788969001249512486363855246058350556946633003670728518357370830010213259278888552449562210253468730666135423927771708644496892602969883527151891571307571010375437785125813684187468090541243345099732209261640238264497341786866814540311991292899245105872896
92 1904541726881695086775228308542772368540839395539050817183705035500237341255932343351828861730191410857972856153376212953728556820989067655450579467639418078269738974472373717900034593109900946646830560306521187092268077334393625196286705761761501939654923365908480
93 1441170064259657328936269873760393459849541394304392500186358037469193656559103740194077665247648709602743429938086334162171365319653686882888896432568305635844394901430475822450395611153915301097036061423284804689940163389156976379411488716147411712561688357042651136
94 1090535914652186873058282906867068620454441344008398963478969724093591162126461595035126195767555238588624795648047498044042236924211054173131364577485732651394526977148703995298118863893209526190663384831267332063419324709955756548215580283810056810062772123987668369408
95 825210438822999222032878503986975518814287828842034458681898246942614263901163776559909235272493808621875061261091396017040884313635339207353110195010307751992463152245948972591393413495749616533933077631362645847843204668559376678697595136549063941862343935516401706467328
96 624438186026761658478649136590033075008595462662069549715960122629509110540407362344860027969107729464302928520080258315892686510665969998661605482739922364013987708307089243335989434986707457746508143508430903802567913041212613935102867708582328402950596033117137671064387584
97 472513470290731320706957707609247157166814906700918002570017900992878657059328651673986386617951146405413885244925764402058581637962941887514690436091025473707212423874126996868531073516699672699021613591401003355717407969171621871790308361431694716774795569779808855412858421248
98 357551771500119552357192621722616375701591321422034988612647864217764567419486635246611145222190828206799646257902169029364459455333778702909226760017020411607237805143958700571627010049563010657709510379094349434486873159313148407234166343600525256490336454338768343434928131670016
99 270560052445094154006438154852560729692365895347629279176460458701363803101796013330395895169643850534905212482195448285295438800772353126459281739614601784503146664979516819714138251030275635455795547947970628394233266847627076857058771763701171445507130119966489537594287270716768256
100 204733266100088732910407708270166187613162797978586203452728516061934584948707601807261722649007004468020080097116683290069938207205983711707969192645266351008195411536960633184894245524316415936685659020271959353413229626961613849940426683253324322415335664247031385171616010482084741120
101 154922021448513235403737283775416407304791240613728719320570523816812050477791733354706937626043692224930938231976202063530398618360001964391052001509692989570495209069148050731411684158720313409628135832495827530804603399050496838618713193455156581661599636599378072414956201641040645455872
102 117229765278888367281783797782009677468186334544242304316402259123955143834346001957053766313466976388957070773789190136297127383461785136768670544694911607428373368275449307014090014993542211740654952746084417496151373710564219860959372898639176423525675827559448046540918787693234388117487616
103 88707968943656902307770202569065836188277166355899056712111301622554519140488642820235133932422631440099003861375860307069839892394403653960738278899173860350505737332115592273107946142510554080829766976212237951022228953962362029489289192946089677164325334229245218486989594745504722065521901568
104 67125475645099887137084249058623496808005788488511610663910796781296375194606449545318301976016007023622271930214393462821400487321524380890641791268231931178434333572950069638937157219114150044877684038432623466023942919677627320780849155764715297007363641677057245411232071257394246088342707896320
105 50793965122150270944127137016962628242389280923265607681823586940843185882406631132846996204583355888035745086066944278032653136051567729819684925399062159301559953833067595296383910293443259972012390536151085842015042578655242454514792068324570854802105609981472272153710844053337788449961801997615104
106 38435882472864955425854234934896528487781257492685536371942721694241885215306498716767547169621212257432217754365448134357324802730376854251984254556523851713901048754397651872040921703223348609625727326892310708965348489814775235524266454741040418987688503031030138837819968568565046546084342024718254080
107 29084499662808523943378248972228238063182409545552900637950403573045265596451849366012032806776201632219620504115665541661361629973641884717566123487792725467082057653700074014116031107871110162198497270434117444448597331795037186307126347610159108813544859093182215072876507487336786885384200678205363847168
108 22008291893209558138375335542306540821706064750625338759793655179128593211580066411877936397930054911604187574476031692985856523747132561459891747707750884363917569895264953983415573410375812592966265911372287687953900239231609009355265628164752196427114932546007784802013500688107332944906795636189565311516672
109 16653713066141884763386346581132006674313711597684541139054847397852071098889418362798620374480486832418098181470299603881392705823645879746385570582510295877673746470315217859998888816610230228902165745709276816716168136037549983700980723319254103737147206542343438361858359812873369648129136765420200482874327040
110 12601893878686576506255449484727107253046709966791275750595599911093046171782583955397997179788430970895391853525456717613772071574555741036503821478797200193573214546733086910685094070607637386852596952128460893142946829465335007034899148906219620817701032244131996316566492988739594174164105356413085147186352619520
111 9535875194856393236160840401850085601348292558018099870850153519934802720667547965629093094922409707165731920894240465526271120421158295092793093142008800748381057248100193860013240966721813060189326038526172617064886179201899830185224199784343295536510583685207514286579944259708623240045503480431306755670604074975232
112 7215813480676197744871285190379580675990453067592658068625225918249131525375126914556895209488004057947035060862283817469852489541470648500369107136950175171276919531442613083467781038844386325942687925914228243354827306024627975292640280309923710677860717030636838827643705467435747826046786822370605913234195430219186176
113 5460218713432151661557363255230360613833604608484762383724770211118341027869144173285779877465920994046418202013511232534431758772478079189751034128910863247182432650426167943319863444209541560343958344499512665267526448860586640106277930406582304833842948624017635710115848176446728893123527347974257725552227741480607809536
114 4131757074702099524265465392415258073971328626257600370329410555294181519396158899374982928393091910913119477905576225476263091468478363181124311228230244861352019831832437361824440276159143505620838499131651626680003793543578626676867673427190733847279268927498350669745749288703767154522659899439158319382150765633674181345280
115 3126507823277321030247034537656421801566093837336861712807623575955169061063440047110516013672921801585979739846772538171179483264119087464514798475145195844489894618315815875602500111967000176083072493616650999713583861905066200420736134027280906310699522898248537278709066227962525690313172321767388369816372413047780758930849792
116 2365833952064830706438732333922944252103187765009959277275168412932630411690975794906941651657159440526679918771819490002022522201252466009556694556543650078911238078141090197280414570370757882250575081818493122722094277283237907194430921405792625281270834607159830406132548419196873081171510380954791543823865928858583456375134748672
117 1790230699910910491515132066366269667640749156742118787890568144902826452748942016883926741116130548190279493364683244009130256236544009326976747109756312015718635153819487077470837661465639166532322215053054215100043010395663189497202267899540361250281864959241444804292627892802674831483733558299398808886120636172301762524784489398272
118 1354670709711618930486306448193796131899842330131445180833217092050185902328306707477045632903605895026205641078262136498131612373536351257275019651346060822838500873236963288373183390034999799207126703122873281070375199696086700531103843816862654821581599504526427369657713184441757949010955236180451421145470623397562698608645107336871936
119 1025081701392957538176361958411061835061874864880038389854306043120257705715427112742697301976194251593293415411243934877217864040138195326157176746742072565463278172623803765557137985740921109026139997361539444757938006858578274932102874979937162590180036751800198669889482204822535487051467023334073373234875503867644905449217464463093923840
120 775681120878720641789174583640150812586441194158613540254353789613149999538468784834145982014208311438329563730361571928481852731201524250721851264470783698325524732607106536142839386382270072616109852875050685460691191289963814651906695507670052792475092812971043933049604224020698954166222114231612579815781749622227490845357218547479621926912
121 586959264290894171806977833471008905301243978378109346835460630306260805635571339961202585205196916103424082262720057131858508400985357047207145393432895780339213354072844653225509858379518202508722340778455848594487466888881786342092918416905504398221109498895860696727892940918562751466397238770220822801803622748266051852003646620990257877745664
122 444153104495596403095412639758583303500163256131404163827833651605504176071985880198450976628778336103825578797684610512505346891320328577927656798367716488009436443228738254036030080971138080933677879063763260022126292389629565125388946470365344104964652971001942660019597418210102564574113507105276411931698964799575218961229348996335083838041489408
123 336091432974314787765676287324790388862714035732730221803324801878507782713995569138455042720496889688571043348554597081171705270808793207357186977844186967152502267027833300539814112281047054186763113965985890360337582778756289866549532099973586688599567338715066433187544471959509885637838202775795082464622184781167849447339824955860683682579281346560
124 254320976652879067048678044177276199060423470812393281527228481807693001762697681213738618758297385371009785673408618179396838354156650465483372296671711625854777487358647766475495410566327459691234661297635042480385742126771732411706365341983109006805802018310949216834491614373816629097220240385504097649275641405323074238099796799845480423455981299564544
125 192445128973630379596670800642412845016352126011935817461567030048236012285581643850331518187762855570221147942970994241568374585562496893931767970013127961682514817548093553371127372350612355478807456019149885989182161869817478010207095155268988790412710063228028162191914473833663246178644516982584774597117470940020877384729384934108137603824433748091338752
126 145623566538226295335220966366591391658099140750912826104898279481746494079406239458808203231188487536262895936433605973464406511744484285940508122415452435453145617446571586214202359223427656360331172573523506272555958979277712682402242698061157638040068373691081314758085799644891027359370766992941613483953521676705286724584517972667099758045197301690816004096
127 110193608143851667924950200206653308940798070666613320888991837993438575986416506221576123400348857113199546457387861104310798300414660180155402005058516879906585158214544086349448825152690335172080679197838805805583136456944491626733755681342543933087029849151575966664769308056372540018217954482110790256178208565141135325450031884043457380234155727599716291051520
128 83383696501989482746270278664032544490594340281741964109810911363836173008693757012915723894848738026835114170328527328045400952697720243529349795395699199317041690356046125087269706858179522436267435660877387964050247444237438997082425916782851276932098111597815943510120538338568543345425234695684627059248698410676051711436723898850120299827926773775525546700046336
129 63096589352617834986111023400178430957664342749646323553393110577787610028107422742040280171170131152746921691870076293061100157185463545019628593757300027951584416387547681783514437714787871652443769522198264052094766814450323579761328995937960590481138194789063165030024823220196885325295631180417433007961679951164312016725631894166679718627321496873814633603470983168
130 47745299800158150706935342321344191717005727034559163171384280673833236480760570310662641303092027916675330641033981410590908500689212654673593923232304479348640734255598330272128690162266836232851631455624088549231435350401144054200826644265110540987837085433883693575940201591141443005550385217376833145322159127629401377289685360898476641283820603681830658658703849291776
131 36128952078015961905095999974146438941657033659646401825014813488586619032329026079787676782697349337741925733188270120257571356559452397269998721026028805136345670948005453794199813906458062284816677478537274859930931298449714546488141402104715230158558435729574359948783863985529391394000591037665873498943188475230520376605960460823748504126261787210848009095945390951235584
132 27338841387927576376853753622168123095401266027676919433378348556620067281871264456531881365299315560054159285334801529102633841591191999208781012897435507079568290288470641815943486161223412473035133778476210360784366965780489160564364794338506467816263352196070472345662310610548864381984645968087783552024108543332474801245548336030375342245872179489693033470994870978364833792
133 20687349215673855204122641397950823297983649436978568756637206973150831319474063666266265919077703860753523728461296683187331087231480664936448479824824026902297522589482134215852719038735263280179288556579359527436302144596785968300433501085136301773516152125334673463257952025135076466090264407522563806620732696379297854424933208814453648632738082788704182216638081590916179558400
134 15654153425837030668751938121325859050983635238711868238178857046425989500749154968385601706696642420055804678629557867163515090074756910994788718559767451026055169395402724123232916808967600194932499134852304898195105499613545873016531348916920841993229027935077441684100123248790058614088443511888281035666695375006869648290109476414542755103877406402917377573026444698778203112603648
135 11845525346185010235771455414715777495874922400084282487987635077458848533001696374321963386567763428648197261220933852967676525371413109756006503549679447005589592735140236154836848294693632272965570511304445097548015569149554227548872989340142317506915020330021406400406217284098888400239314566999727869259939316552977112856699135494223520235139789880347402838328361549469993902664581120
136 8963529800054247088568912381725078271021174769989928644239291882841058643043878442307941548762808457313183993552393984779922149960744535614721301932167135318599106750689990726379385446462379462340135005806165557388026529349739670067787528783103635273336892787931886521878662099895339219035001221853063909327962695345975834005771489028239719554625185505429475179091893546702000024310949871616
137 6782718716847499994444644380843729593858609102536633271747603298681464597141322078639720675945232732681308605623151468552145685288826286402101653193424841143028170264607174883694737157179150862199303368724898661017936717150342272717538272531557538945445354781016276220375728126932136036427225185451952977959441329041590068406015508512715033611138345324569506955065472009374866169889535272419328
138 5132495146230782195447192358138849519037858723289116259827887810988640717877310735103208606801631832642788585501399244503144639085216761872435809578093735884051822822221780895669462300219509360446939817697896367680335421037496502792682487943160059878761814586466393432439220564068769664590283278784668635203890226463562282075776883147796956091597064394188873168970319225955553919436595017442918400
139 3883768076752284546368808644596206709343424031864125527900532577392863177301283445334218615328306495513633203511346396584594181997416715627810899244001821733045398688686783668711507681284371311412811008628759831652403742425262971288589151240542263820750543148366937175988375651519445520897294145308156945170771872601406354598401636488232195383483566350826767290583103455747467991649160167578602045440
140 2938854113691139179621918683354802436770626086940576629279313417428346183580620742276266876318471524794569968977312551990869981948952596989821768980378741618541069707330663220662415666734126000964173338318781068420109836363308524107010294693173761419201268830502686468839015204065038938206633169708259636099492217996401668536846337440669203598496039477898749800522836914529625798506889687664899437625344
141 2223836060978625158388683628035920686850385903589274420159550060796840963048895476140311655973028754769973451172539711527365069250595532704457858656566353015023406066841252833875789731508586261077497616660378400515270535778867821954061653519497684605581914636538627144384312037057472194235932260768456383745385882372667627772741416924094698916700417040306326951010309323985864429756542452185998115188244480
142 1682780646739061796424313551878995730316184429741107042364768152538051588560957162158787882756742223404312433052800937616484628338282970925358790367408413635265553620362589793680534996354326648818617892066662606423482816996862428062749502543043346098069337033664373117707034312066812532226652628090465969672973849450216062713808554209520864237574013451796441978423775621897716553368757406164357952963390472192
143 1273363066067644374276005644957089346218616062589714533745072315803343547643421079800613307545114569846629224675577884656844297209277355800993392380837319977635127832112659349878534823994532396836142815933683076924694610603891949455253660845491752860909300934541930791828130825085261736750036360749531504993473836812762861144135584425677662622431116743677379529556807879270658550278665984400959670752932846895104
144 963556064878264933046772763310301060491494415199897110590695868729313206473263463903758474751567762711761019191654201473197477597571754014015138384466092379390035784773318180242348028878297161110103674553902091984091572923464655345998112848205038110007622468250282908446868838198964796663358801031623291277187338112199075892301328060333362303486597496501020836195379104276953889304028198228861164440645902861860864
145 729124563845615674510454880438548659689743282569171480447133474537004659586987649984156890810035827669814644628689542793465194883424954532603267742245554324975550239454392089575203395831704581335574417220340347227672150615786431786190666494809246782114012136626287526173743866135097410817217907407160377186472373377487748618792768342230175407857971714657452555740019590145312911911515360007720882009115387143739408384
146 551729835949114342942977262397766970927346059207598007717286167664104613342364334381672342031291123702084913677023169080292603441224511034695116937306710984995106594538779778298610784898972516627467230320234197406423488120125727653002022655176923764892921831127506030004346369082502189633327458161223519480817046026647012157264352957643969991322588833352070188086916188540948343997306971877950602371773395574498665693184
147 417494934296153132187651976704984230568074765846529011742542352997473950652990986365682189365216710859687521438412449448319583468074644599378551159498964265600200819637938448707052846774689545901586383862244580746919985567116875380497336758032291153013595250907358915878514562887274611689455844282227607071544807742915801176625140915850393835725693762565542756794442132658772838733422863709721442265367155317259729494867968
148 315919148840493328525565941874100930684044874702680941966750218831045116952624657244965539415033413135969545323493456077147252099466689002474795437839815836167497000600329484481775350571658805053531545504030417566212750670367678979058687040235131408759211218742064648424131391159473319075259627145483333801994231348458208315427218272969411492931973304639722171625697639379412184086134508507480313023056403302832945233131470848
149 239056573877623205069798228774665281371441769953430260208178869818177133689023120519506731636296356327880951238634955173441413455824975136940940681389661220408478110989431859444185741110054063555392485300862182489257748377911385338301012575352416398521237423468504450841175360555757348383756423940967184942562566204219398428856758468330969892542208703814437935899246749788423770300797686623926560511273883596460079809260280610816
150 180894528628150380014349368024433583185699157211617565052469045550621998342786524759757354313697112094313986630413019707950963658017772715822290231579805929161502870734559536465199585374044873463106120091993363782069377313434575106244272102305245844359283764026437330664366220756468158882287874091167913095195200197503517516733552620065272944482842265792957960783606774746889867383052046477201164490055745692022456730069323894226944
151 136883207003343256976660766918561503048312159267283296247576963998280936972722736499563321830981466123375747443289012348891395773653961517361749438003686421097800767097306916006191339756918938309642363999705732815966826076134319899253279867880588875395224064746345174956075531769942656546801519333270001899862114360881079483746058255508794404711393946433906964452576922389327898506213850955242026316192867232568210376112771183776104448
152 103579762757978246502690725464618829442661130971773824086066855804354685577514466171977995397460359917073695355472460523732072569799619614897223104875858136548314964977735969042345367054309887855667619591447990269582597200095040263636976483890549354060313284950250000390341638808515488315247775476507474441365992075258489288480533440647193144328815338241710256249426176380578555664788441632063501992701049060689435913547849211226145947648
153 78378988101418578128355939808507923492319664232853802024530863864103757992560979866687036497711727080616838501444128560409045134228147193564186844759388270509411820198342619038766332610631716702269712643298855794535848403478735397210061985510073709817506448467961199570200375662841921453210283076660521280144382746326896897435240782569484221977206957291132324492733219120959529711204324160154865649958822396399690547215758111141961024929792
154 59309517730374692271401614690247003297995133388957735271049698965366273724448573345415684294120595246680156507121863234320902018021242513296383512499973166337264457692540198414180019840487069613770377104627298013097227272348579996333304602651761276989477688877413706147877802645783072698063733135744171003477848122982391662382123848950490321926011339081242256408237261794640737318711100494509881885538192414278492739478810260472397492582875136
155 44879616063146964090136349681792074550275663666649830537214516165016465263370862792825991509552931004582629293990898795189898092345826051389520417949778074088569799171696829213421755152115677308878564101676542408823618304885963402154989057226867451972612819966850820743895117380678204239120655261986975458126439690865233879812571013812641446209453405835712887502939957404330409715754560844773789452564329594559414731666462265344247705086602510336
156 33960484169372022187549762353369158784770850522431182773550236752087177349588978349644762809545514737317457929424911062087403143351070538099111182778940457948014177413676596948018406264979941938039590275278376842897931100543625275808421167293672119744004061881388618243585730802430697658889688512519555285082816161874186101894462227571816684490828088011678101909224293976072481329814239688442781057648185346930555034564329011408216490096840736243712
157 25697957919145736493659135873265107769343362760739323448844978391531151022645508657724365545668821364253730013160690927458363618876375639227234392849874381019045078814140398808536541492963423119136368696472920781563489891111059406289676763067860301106428420442189326504551630448372673325505531134111921920805128182106010431866071592336178936309126113671530139680515099805439237391410650627919030190803263122347195184801681773217344627960064234284384256
158 19445689817631258255318135098611269356862301427407807751627242426780116200349308192729090891332682002031005395220901732599538575363898198758346688608920850600882336677137443731539495778338614285312740968841969280734095208895065112599870656940306476653435222995308716360728491903279696531739368655338307129885108329131545535538883349974854276807087418780461558541206909454121730669495142808562386602655813086183567010177212343056971874467056640119239868416
159 14714587582144275420556641853001533659113739536780791369780463874880155112099087567877457073215720597161703729143732698111964042986470486839613321781777668209769342133167866543480142623540719989557079729605544131831749005500056054254409619036163978661222893276966875162470870129656152148614477454109565593381090906250912752455002984419757115315427847940660070134156060452410938697890154017055686917937470970623709717954674243138371260087781396341143019454464
160 11134554224776243846724759926789631024197080712559899021010290728415033632921843549263323627355142162181545681931059471021112783884509425566385760346549080154157211331816960593374792230532245643197691336961494638890693626680231055643302312573034512754766135997212461341066485168598823439705811993184885340575488470093198220029225506882571905023061553414134218395218183163364652907831516608821272450001561433398390804213087424551582486268721119398510003866304512
161 8425536705828341627098693911963900600764305112002418375781602723447186220602891410312191484170786484259560993128987985462729276759539208898234399924095132718270869029546679552652769889612172607370006811093025250494514787715078819978525482823470371242000072734590454223246350650149548004441879596596227705645579694287559834135106958506298018779065885450764726962498088408807579138799101703492861484271418782185667751808052556471677557853891981571182342440975597568
162 6375618399100057949578000243706442112072458113185030928564338925734339508503208911014806153763107071799769511566212192781698393607943990421330527233305953133420753587501502655735810771750580919312547046892329101100718238475645330814863982359081725774190874282938996034835192854459259607116001248213746974822352068514400080070311575722163731051913228359125041777305587686074617028061327645803254070697646913323948108399745063551109124410677499043088762700898915844096
163 4824441621959191261588017547914259178716260789580378875535839963895244542568298462440842115800506764249567401538596974117069679107888371155621930909222408306811357067018817327270125251327893316835924701536013710655901254609974870125168056526117096902300140592626916962141001528574287815654424616087941058409598797097174798583700818551182351632404868352227095267296091157137343950104708507139649158125635829552873759973801001238192253486213952045535765978834356427292672
164 3650663434777968780036178812224160682435444379405855018538704787218571096224628032303939361380343977178101038235592071079411412267039285972885513359685022191427931428217172481942546656287510314187057521925989837218223083587099509417696504502378071104270577334409049155534462678966569649312120642534145599550800113593796861280614807379910564039227721742429314439217566057551833564828310663108955270234053375727709771161563650469106504502566942747323527065124314145871626240
165 2762463422370666496982801322611123773033035835782429154902085084083347322026334829220955197724027848379557375766780478836936745351708255853881586844622780997147194915032399351536609939377309718839603224547933226356645267433224330492839466876407435468024184636997809322812044546633524513787493210442563295258353241478665940838896742791366670838975135005243840037974070674050039468894259743350671960833473552388086150362408407602540848374401933753924596176806591511681245904896
166 2090360915563277814936758877363576336771509535151800067529875873792041846223244522279792176624786517064285503023746436595784417278871680805666730741397179850798287752556697794711406332822336821385672140585641103755348246739548432168424568422823743850722459498641294084289812123772719484598731456833912520888470898855224640494186521399294199067949481682085274597675511858372283025962096948730757924734474261364257229264305239057414666828906378723033497749995448162091086836137984
167 1581779770160602805684642493491039931386218878064841469571165695423742879335635501224379906453038865905471967717949582314523933848815436172869216162252423547093610626644129716641703975914155320663335658965640409758458303913446252435620971736508972633058700800782728949915856651318807123651413133633734274804749602529399289471928219221278954376295955397178047289413213188425133979850739233577481811692531715373555810103386872289592636594958768043161578479351509502317276886827270144
168 1196935525660228970835945615755424181168394717088999324048665931105357449515790068938198531748687045595078006082394294966636264605403912222768746412506486487302089251053651888545432986931595766071075619139819739045190452081694129572282770117626086315148053869246944563949245082712498425782014087668064564500946764762550858881978139934790217076513879320555499867269973386447347289841106165685367566235814108826852403967115620176331669208087296558953101704462488947921736885119420989440
169 905723211039718225897328609629864633992113673205792337558353253479232350798166415742200149022729978832662731591768083930245339908852645154276994510245368337691805075584195672628655565805606864271712425506739275215326482666593669409991257542503307791047315884376174144645627504974855254779959809640521214132947428257628999051638451786026104530813921668303607581571390539920856953073022923959472660509299455249879278539739994288599856699937623328073247778566552113686604122437700783439872
170 685362341938678681563565349690414771141051168594247971554511805140149226232935129235641868929120013159778860131611669452901207440303030157061785319183900578885104933843659277884119784308062163178475508379762551292765868650588059990746906828882144751147726024291328383596180803902415028969316691396985631199305689551515883953198295510578429162248400126598161422210442721786134949283187377734394509248849331190863557763074498123601237776558920724440839526777767165991796768031468117603385344
171 518614885897046814201318770514755882346318924116357794616281591495852680162473385277519550819106315345491791236732064923816678902202824277870435814645278778108111228818268082030159304494097614452029102219591746707411467677345030304915018542225222224954619071955875827966910713293348959447557019825062127722051004403238326711835659849003354010190888661210827064179742185765057906153712080092680404511208298566369253072245462007477737747542396658101526415571616494491849606105002635254229368832
172 392436793526177760376498321564078128759134960564258256848198099495109788126283440372786485400033042406868339657261523055657396508677558870500359857802311502388294753561839285036434117659158274042024662426386775562731257159502204144714206778417462093509668247646364632337662762642097343060051771804740939394473850937241231853744070508093222707409084722647294310211099359732505831319459578080220471713022295341069868422192343820189726010698573417551827670675611575171299812487750739905100094898176
173 296957609781529886342645606475672639659020237294555519748788916466010856203674882095207738840529600433988526920450257428569298590324410654924695776940175266926781404037050914701648110095635226205746424451587465857206621415347303333960784219282818630914598142592816374527287429839260370581101354042092214136529522269471923005251711201634468421730318071553574030542615169002690187517280121801831774724711991591149089926895993699004379140387286804428094395435363895332410907215944081382187580753182720
174 224708344023499451121291546164908709155819274263783702940892102539432612917489530772606240071110813958261661360919209436662210779542126123215623813103453899037697066905675940581832507213911714481193915454538477904138891704854362177660842731577612060312491297464116332519028242102684480025739524763109122940422622269835743574316949312665475866423300908832854790052966058410689749408376847348985041392247746122904521116841091688523154099379646257123006174067420082953280898521988077255397991625294610432
175 170037197938559067245038855102955886059467184067951977655956883873767226060839572242007762734041236742140879501480590489707579930741724345875799164096623230804736104853406191047309279605825030389414941906712478132050454405928742457305999289965346726928623808645618707018523112359987106564607667447130968432753586223151431550668333415140223289308245584264196256612207982174036911524453679504516298765134687568776470210132094642830986035713390831081997365401420299785417387933854932977923516330005518876672
176 128667445832688356037229633076576167051355201818163183725782364071049358724900464222897101600532769086891082393153360036191927277085662602282226687807237029626916651913487792753691914363733029322081703458562302811275681877807004116080542779914724426841393920217657685405019824095535878758608194326714580940055484920702486598598813306001877572883400120590693366356752631527736184512633565434003133204441980714132959135036025255465384325661440439716269698945472591428987408650287478294064178381760316099788800
177 97362881874175899302643698985096599122060239512916459818363973379628048979479186029386774491385594637032811827266444962337187223470562894146668231892649535938381866715586338806750746601215278089563258935197447114703326685250138797323285656543379778095005845742269807604039082853477392195449134546801974208601758904593360734707569940355451045016056323492574813726660834607271085092770383849372935845911280924074389340897898493390971016129489792154345954841930305274794985353072402417894304917231344094319476736
178 73674663435624259890447877723188652824198246787423407981979053129549029089682812451983350384459170971258149737035915458573187405643607829399371029007925474814122796204338616842170794878609479279370838296462904387015526640974445824303278790811450956532765698393013133227535642884690181578681336942182626917017683344898526407121394266177365020518530444873170679862257793391740439780308659195839164366675415275833301071723128790142958109859159591693311496901141727712006611385038036274322593515349212029786595000320
179 55749747006946364376611015140068255226973392915020195083679081246902279869753601453497786478959883373104750672386033451078694137329399571324071187517876539592010840245610794960860474924501905306691949504141774868479602563979825672446140016344379964775921975789789978878247110078814300422751512850822623243567774977193087783233630146300271770851193459369348504794748241374061103183083096708984999834772528037855074381485478786530829243798615175471775876483664006235663156152654938387154211919462428736385421613727744
180 42185931314830853130166967804962278610964018462082429560412748340661715275017035690671219572894685343907714441499745421808235628147537709637022183314249216690095199699084727843534258112910665884347378059195087566934563949745078455633434877425278023732811757943477503585797059590643688603007701594108034401985811564235589934063935327172606235368003204508936544385462731556456601685293330210574471519049743085850161566068068205924560705150804792056914617189223995752061030408064255431261466365114718855769967456851853312
181 31922168197066138807246896113604615586944494221859365696225172855574722223172601157708295814870242292620400749736691981925191549487595132906807616283275573795286869368640363619447325871272544736554015529630966959689574710016703468929326342271715029468307431428721043457741030496770699547938168751039367279490251623497124672390706786767744374697128464681047071608600127275861533693265005557188177059554133091475310581625574019760690274577538081704643914085439418548930264228142500963191933999712951243392671318838536568832
182 24155560648806471810858982759298933289402390116731600233617527445876774216660778956719801963064811911403204439133682516006512876082283111937755726649848425323561757503450696749594854917693020587729584747407905864991818451038496211944333045238954466939100807092136664957106346882523299204593244414879597000229327484339268883832035719710260603403370617774803534831853256369613414744641351655003467489468124757046159207661593324001540951350427789178372100196360908017946420562720212183891924165112771447774924802401354735681536
183 18278555098641278409289457736587405524261692940826324397851763042844328077195994635696809899971329643502221490076005478778649616860399753901948970503770308754658116815863617061560637162100573377054358331216406010856485755565392370893776275807976510011506084734034622174524867034336104372574768390683735425211412566390127357223919363836220926877851814697864109905884896325692606504366720785115242885988951511574247085515766661064250649565527973669358350710635269635716742973581469364395592852755407515116324645717890452259078144
184 13831414693766309183630183928684373484384955160755319349374827709858064107579527606341293291494370411531178804485858604239684233870897248721560536740705871528669472190739669845564813634951925386713472184990458548745417935894684916939731173547194016132095495915869681191269201007103495959140047053183682946132673970264669029665742870951801010727955650985840968765332423837251134347609650999495557744664942404373217210213247476048053571620578855784662974264988929994372827576257526739012890227596082296443512023531548659735335010304
185 10466255751536689687074075396146647761444947937375326893880697743958954305167241014383138920333283575333006535962557414387832923906175991668596034450441105247479159521282000548676001616770753236492571529256389729172486985552979959384844202535791041022263654894971664048199791979378448166233682742975002852902823749397900648351675262865615504264753543098996637655308946468117707894454810300768214151677078596205491852863859525141755409515570221503583387559135707486842265315734358816871359455864267456091536991743941268557002837065728
186 7919834079296648810353081028610833668598164322968151765212254768538234250599773342412091624361266317601365543391378154030803912752376880431063369332393338161191368563474567519040677679302798363699850647385376441437228837251813902198194946955596201928276317859380546783427440485387210056446861100312842869803655311171500968084795990797795216381178473655762190401273931336518403104599659464334981838979166362005474156689733696041863112618274376422203516120990178806731590412815572268169393934818861084298110835315629552571970732259540992
187 5992952334876709744878414443773149418200714480225807602735944039913187293009460109889421037938725825738131635274709775831224581352532079729804700402397124888583850200250100643724213682752110163228554827130314396581823120695548277526230553400961542061376470906680123673606419076897587931546624171905357812955653080736921868409402074093778182511708274411184606290990513062325751795029843766157687745223755223547109905743098792652665628340021499184416233465499358478019562901402206517329505006368088142449546157249111679228607246913490649088
188 4534877540173646982914082075869427875915034570340335727288296232068979723429398835362264429974772607600182214107083356113174536086922875155395948763645936262444767138999201655785519104880313003823279164915277431687121350308153239098570068613927900444952947346738543771917636887990386474093972187532142450767531800539366517413220443112839532660465561628060618109056564328483710406709741456433582568861024017300497039027630693903395527184220406651911703853326745846537296533789215780678618342542988234581396090743613485890011502972360936390656
189 3431549786353250522567978517441192359426732602875056720021989404181626397748058397133787662539362928859078342515929414946197977533992610741715438376839217130456130198136517219425322887254811490380615787828927532158108362314452642188449587083879033082226371250140050465384844799238377373552119258442432219625308395148428668231760871362559589860970608909599798855942907472790517007866749007087887416003386672373851213897284390408674674697040177304965702442192553140235483453801433822576894077262573528416771209502404656564818964591324818544001024
190 2596659740401752320922568451931711653658623650244549759941688574533858494555993376534730882084855584527969322426991280490289061789018848837091682379440628775148941447560128141386525663719654706258012019231561471255235690628930053536850633856251959635152176748316733261424713848510204194779011256255072214254609143909853853106229448618682756393165477988113575824889296638712860657952645299044512754926659282716250627011664030783018206619363173352315802350320392274796024683558167219440166235972038975577970975390356103255364858476055770755288268800
191 1964896978688099636981335026326632499470517253373503628244029323849428177271764435999004802949435160395176822281888284007484775550077813296821119004017646281774936343662190048156670778187566229196968097580638960361119565756197865248285116687573770300397867859134977845015172331126749062479275591653294357751965450347118150984031833600298729117789375895030898420091490005726904396835963272867110029392955145309994874009492177320418206513525595904741797267927692722398420233149222553981923762499548161098613431529292300032357713329703907133201909284864
192 1486840989131783766471468486723320547448520630336272530151601299412219124103415147053140571336287467463296581253230101179219543276907233655655472362794842705541068709375669982037734604785205113568354991522172053685467698433735349031090825260625532808065594162541055365128491140982159991514971366368060235733260561355112229471922608624049246674942026674469248311258429684332578711226602164753162138765993305537594235050171730149732146527196936038139429230756817958069345626594826606745752916865690752003812162012155951017572530958865158209660579418734592
193 1125095183584838077435507096323688467503061171196829426034881687299134435869364420863929961209162551817609282900429845275999374177682471224866636468734419473668242398878915204701639907565885341143985549051689704493537162902617735464127681757230727194292908271803697979643185039539746222788577844636395916444308749753016718092799510132134088948303766061504106653196268907091850842665999457772355503788703308055960998275044571422368576598616830489024190766503379687661696621631349545778879959995696393119454448926668795327411077723223609017192693697278377984
194 851361498222460473204527298059430153873997843896562868927094499120222836438636238459478928868995684291778497780394883547539257734945813034308037919663428759084654288400773891062438733752253216969355860328968091367151048251570891136742600284905158534693703691686711755657444293794275230011320629043618256443087166942897618921152704469935882815974125987871284481924419191874140058518979822139650716858961382822990682960972056740529892686890157148733180344844812179946966243175794333465878268835822359680247807553884326782703313785036333057295368012899393994752
195 644226738529040738308811863018945779439904419302842677867836802478024501577590876037488830455595744160328786894873987123297329569633858371909666623044671632481491821429296941907787981198894260453187483571568263456728978674814522939551425362807655524614202120926549559501526388826028825681820229471911003343000456555061589235840239982786485464604484773947629195837016412243567685313223309923308029554075549819707933983705245192375650925409602540035980428077589070022284484942370668612127869481948537019764133449102205241078215249722954066472419426322525401907200
196 487487502667542903114423259241833518243319979396848613059707693165113195195177155317821646997607716559784581711443258331050866195028816836876007799340993823370480571523429804068482682585032429289062171426981484126795330290671346390173129995409653687980208023112809703165650545476474518144203614912336263549625860808210017021484022975039297834115165231337170353167129638926142198013306598261260630256682486205919392988668531475103817460173246344980995007770256168561051975037612824696890039875126043685917994879857089797350880499565550576075591931436993928427995136
197 368882648055945328681690075056306481428683356339910008128431643278188032823282309770419289187048569050919252584180548188044084242856720384126337580746949353433317974818499120981124293004040419733269121603639465320199178257354605760104171304102116624784243950073125357481261997781780586267747884176931450162325609971157007548835782933487714861209681104100046404949310114523282629966095245078452814719132745101015707528492238518071315890745502918518213460068657554323349700587862429624852476127134900143649253727341650655392939443712779054159443529528060301291546476544
198 279134146603070056544780577220198104819864539763485284885707120424046602515814375868498610838056193593942036560870084908738132675940916968517356051590041737112986701988463889855849854253577703952565538261074207769410916010475928725008978161456360114703429315230703749786004793133273821185150447150988206205611397364128646253327517966997286107657678299001812091125466729131677150273446005426677930888305280603062223126305814425896265292777053844731031538910123161401886571601045138717442283411671438178828320365817614356933150460190994551040545518523046876829446599344128
199 211221298183717662522933895114608690045760155582209079941850688475080107774646335054698373924839305731339050518390772697195759501168344160879314930703777974743824758617222790771910418120695630561762410941896140870472464335237941114980930358714711798204275619905367712366658165484270224734446406044427695104156747200433303565197612545745190729926479108223735846034438055437744179213448542935890134013123901381920040609820832993845001321185174379120410777922685151571708260971574621711132097584209106388446750109342563006572471338025000243314712483854330438841880625104814080
200 159831526702667764891708476302986326851797847579345157613577864711407158247959536341485042915890902797216488283945929338436813985513119877182697677603485850133115413312640241132641858989721955272714753799162067441872811594505292181804320103485287409210036145658547847560235896661460702272834215055221735320710902160580400996476449586451230232266325568629632355722343471376629208845204826560839859458546918506825186411448611160149537659376908748485147356360269166599189074929329767472992565489056264459265134504517164588466169549199957254986540617728768223350920919746015657984
201 120944796513303802589585018103514251386066071267712942814714021268330734705771369916257436647818726705852104787874677979462907806122490082633001041986943740531250885780267527760005819741685644003392055670292069970163243493795263202819850100506646195525138255889393472015469503464374150584653539580691937496167260476160915322038674794446430964938667026520243615104550240586194252045261892192920187165212147026210743148971935444037121468153969532580556254856360043404373122525607192555228814823262663416627784082080029424946700361303722969030276318077054825644289957745709310541824
202 91519139592879282034655098538921424003630816917742538895927222619467700367235636961058883611861379363636201652914386171250044019756172824038037359031771266156728074185490910857989390402384040560501949459999668311429628509847709599891779477485800060637651460770966785825770630607810171852082979373651594120082927165643560002541363509202278698896107337736504819807422031774382447905991927407948519448744906228293496860080604415862201197323621038627373485573619917848638282523418298324765445113476573685183662406983169694150798905156263335722813351626489541505740294178268102757711872
203 69252693404627788473340596758793133067771605866368593977897917311248024670173555244642328673548818616831921386675686803038965085399674664589137150682256880982726377776205962891081191562884859370269635212463406817951736214631989268640179616557914798396802102741962806225645998514762427859737363085252128341489483579787011591922196481688908804392304332033996919131925875035436249790320174714158882570868952077529206151785018093276454867947380459413080603235197463331923344816853610125501751061835785608457835271493308479592909765019528675829577608308934248563443350117930786673532076032
204 52403634530765722959251129008331439561997451894771239257960313744777837183527288397606280680167867568481058985888647228403195912325488967958585519937477360862476853399668146295781345799996238820674685356200295526301146921492293776679377952187341671594339301504983507051472077780065891398721108688891210659861414741719060945156082872168643130365376205276627392592883879157083978401737546330845891319875165696335853204268741946363446009638179031121451148280980803981819082722372157840789513446101412572373928560623705048518600837373437331387198322620463793294919917246530789934394301743104
205 39653922136847195741394685558434064242646394355406794095694368105617876632027570563539126325023711402454421495752415613569509310693461532360079182877068604317173649793426458391384313511138766385214074697526461950848615935372817155130045611047253178142400202330556993398541285624036697409483728273628776283800687962321800513636507350187947968952623062601804462310656410390790614177767956810163289369260977717014506081127825662841160776701735650107489427253967482851460890640731236734220576378690494496126365636202365423041810463987457351460049806418836111080150991433454285990245533436870656
206 30006192412321665734915339806112422032632319508866581633210569791544281701357250096856973050203187978867659440735411750374615285569611907700434806112149353960922627989121264796284073288015387482847231553381577411971302037998685823469001504841928243227276712674740517901724248141824573470561882500213419447899439848154726134615453685481262310800221411812520602418312010796416988435733688338039418626413122889096596376735800168952014564787938518371072846582834468405051765758688179817747724564886876803067308894985511435408834280351775949806677866573264871393349796081259381571163352299431002112
207 22705738412912944060558137211679131120754402243015647928065812627855232291357026157285205205188232439240968904755801620923668875958409628548034518928020020735825912565228151228349316181673007369410446541792670126693665394471278584960020132539997015274464461337696962388501966914390230388142588847652059676297527217500683669254774390248763445015004661905021519755498712382933000026677500544202085621162862889123030674678008881940637825239940242466514727934994551614536206784659724891861747946958560903331465048672007109103383670723023856449841009300274058109576092548529044262396613247504306143232
208 17181472070542547881065667599382908400930784172665011351036711104947230474193281529130922404303937809983785717593410845447137999324952664982364468417759043300547990896467347862885649154998988318718077926275075670475416655577961231392384937777483207873771008016123090807012359069996543002959527383015319854667527367036375691948447967230127178888607239562226564819325601231791336050110610923256803368689094091399354230144078981429805365110907732519872252420732367228819008912327750654298957202173545574615647256269940604036662342421483919321735834556057668122754303878239919099675490095690427167408128
209 13001250042718241346058999574408323099784523261860963035562402568346285343581398486054290707495069035235175263460880956110638416889135333274331639290162387846626491517682224459267100527004111650776494098587988529402260227586787916412116200207620106155440155360001940231047896376687160642415206597043696743270793566781562032846108864207986625532540780205213719805654999110212064351976422180974658073673653935872952981358470064615787836645462971401149229819545813114500503954556863588073146908142529146649199386426689494566953152498277962194359776693157365376579087504651112368809032565256221782125314048
210 9838068704432230241164610289056848350561047788582385173611406871897951276846405047927030938622698597923815209637742490004386094113719449285459825483348063265750278851511919689036372063214463869427480900107034490429320931989271984213114764485601200363431601544198122606190283204974567712059041257171152014519043332909714018985051186238831685258121387160538710859483283959661009217504533918864167651695548089081134048159732646120244511402402160454334755487544046589121701849942606943571047794741031787162092320823472097704035841825612126968429751292043270714538151853543702175427168829434665556541404348416
