1 243
2 1536
3 15552
4 157464
5 1658232
6 17587584
7 187446312
8 2000708640
9 21367730664
10 228251103552
11 2438324338248
12 26048163809952
13 278268995799144
14 2972714012485056
15 31757156984626632
16 339258043287199008
17 3624254651255900904
18 38717495928378591552
19 413614560681684718920
20 4418596834655980747680
21 47203362376683030706536
22 504268097589652611010752
23 5387038156793101171960008
24 57549109772439004261877280
25 614790528526316994598394856
26 6567736589852212083289103424
27 70162375495743825440457406536
28 749536597252105857741384031392
29 8007213362585664878188383359592
30 85540140493507493594305162660800
31 913815494144168533414369373103048
32 9762185945922455489225342890876704
33 104288310992164927499056440638815464
34 1114100045814155063885876603898052416
35 11901802802965654610088953278199532360
36 127145592079358443423538964232812228000
37 1358281753851813274122301205793111440232
38 14510367938632411663908440693689348560576
39 155012593754875862418777874687373665898184
40 1655981731423888381718199902184187859101728
41 17690662599621212753739730977922930679213544
42 188987316269811697337005639732382313448403520
43 2018929789075881077414292042694627382889008712
44 21567995004483180849644237978170755346655211168
45 230408412927690872612257582243237651326222201960
46 2461426606266474273921214362379278075312664998336
47 26295137669030650502972766873318228304819391785416
48 280907934964614554890849424898205802666223147540768
49 3000907198862862932322521462900651544554189651144424
50 32058346864859311457361305111636065097201515729466688
51 342475636733144092336823810693249384270465624435818824
52 3658627884032884369003631123162378526406796760514731936
53 39084701386373140051929436110987318806153750708944518504
54 417537374907359669294127982880366114122591820119944158400
55 4460503809946253925338459789730238046066695889957985301704
56 47651049784368299889101066167244596475071448477245069003296
57 509050690751389735006136362884099660831602264579741703684072
58 5438130050168889349432048098240508027736692926770986657384512
59 58094918600145619094249311025724144868141292222402098386478152
60 620621341531309845052196251913580566157448147699867578762199200
61 6630026495349238338975501502094247553693645780892665996329375336
62 70827811400383974880993515055679373798688493335883886947357415360
63 756645372576917973205562187886344466985965258721245585813140402120
64 8083155592733157423600411240151376875783895103797787566100822582048
65 86351422614021663246786034512846926809885885818483706551722205667560
66 922482327838512196061885658170599167033022296637362421680308218260288
67 9854772734643748518005497084590364003032955693073821560080811922044744
68 105277405019816100350222525505514620123588604060140564716345065125843360
69 1124666423685625899394439651774859943675445344844631141236902763869847400
70 12014682203913856319098079779005536294449792194215707610167208668734055104
71 128351469752238907045855402670435056744853561571188785000669968533271026376
72 1371164006501425411907933067807300184742653474891363473809742070709984029728
73 14647987563790600899535219927925884446220922310282328485786067802075915604456
74 156482768400864561970645014172841597489204622298564401278847356548138345651776
75 1671687438275098914268412498998605849385840753680821172456808747320350410750536
76 17858444861660070874444700352078784194013787923730210960413317759641785274389152
77 190779714900549306825085307410254609811207119998803503215047219062940551415330920
78 2038077777739462228307758666665951532908002999785179054246417870811910984331951552
79 21772550767678419398353387477541372686658246966425525666254945886767492439608407496
80 232593658646786719150898536272210744655625236422352090873126131956811952892482790688
81 2484771335245187684365111654495574639887368174463658032187478112810856036077977637608
82 26544526726895990997177721528628618486053714657847092802963798569317060740843622621504
83 283572129620276386199699451723300274415801693105881961316016037856795684825311284997448
84 3029368484309835696176173297784291271166996763612165391668277670314887930569996724880288
85 32362395507691242492482340612042365505604431243951374550206055792364390369523724290851176
86 345723753455776941092248925255104331619858386675991431595647557083763001361986569690785984
87 3693327141841047080903230455784580960776739806659523218399703773076920680999494542138032328
88 39455389571328936530437023764599551864831960015947918016187577091811399466270210926550814240
89 421497394203031701854699558768068906681750567670888122114543519014017771686366415205232124904
90 4502808241159686923407395507834964415091683376799775441153087106085938375383833265383778481216
91 48102983163139468270408445921302491427253362808029638395462901453259485508747294817577943928904
92 513878643119241698298873034841175013427989717499898294007963959035633076926220290862045521601696
93 5489706510685318041962117876664204487158996396573950502491050175572230641441047724823030875740776
94 58645904002801168644135998398804791392360973288483523545523300572599400029812262748935926438454208
95 626507455291341844840542285362931631974628432900649212675734237407765884063123569143665332999437256
96 6692907172458024329668168876432695503196093851606230937576691310635854050276367822698691388573525792
97 71499558450280935542888174653221460365607655120402429905724972494592845136887820813278311686688736488
98 763821569141477863432526876756678551932706142652218977589116984537589276899749132668104917143648311104
99 8159818076239561243758977270569039613449198056964195649790733084040400101888912176297963573839904826184
100 87170399118427110413909753640231036362099558432696026513383547510194381516991820045225814378289166366112
101 931231359752044428502593721285980265163680427649501386127963687128686941389698345013255280700396022334312
102 9948237637497799623602773278165923724709896731901143162973204034150225530474392281690256395881410177871552
103 106275879839870833166262507207994057232002179431415671309115669001819201906147661733942326599172258455430856
104 1135333015484689857738340878248863520572476997452516867168921016609364762513378841109669590297333747032387616
105 12128632178738080417693033004460862387315840931473441912281717363171313406983537948963691357273640193538962920
106 129568784242850684554887609280751446128521884977141657130232563195157490193800914148052206129418692797058042432
107 1384168437361013375045090185841204139416149957415271598487416349564631909910864220443309252529673959775438743112
108 14786912404730276756575397144522540075407911282383425034009827699315399574433860595694821645210264580613919913632
109 157966886517105271365137793429323374701874266155308074021604405216000460019130176513101468044415189582434929802344
110 1687542101617202654953659116591159288639689297460760532188921077865990334657634818194729736641351931745683971836352
111 18027818408779199465603800601802471162427782274380302903277000930879291142372439717299909528261598925962309149655496
112 192589113046994538665950385704461583019332893999528672441295177713880706722679210138516649665634049385320237120383264
113 2057407370276464086835221759973160015641285170038933319156333589249834995212838406277824099191174990714864659336967912
114 21979046584190977841645468208897443642090190487747683223965739585740169239146116865571952819778224171373418227124505920
115 234799629732600513426196159272960373553050721964598335247789521744221180103833244745951372618800118955965725224756369736
116 2508337470935643846840782728597563125336318848719773485915286012522593461082865830481694445833081089722859294583428278176
117 26796281047227943818322393338644074551418475151680398270203131678012933206461700321032664148963035000035100108869932270952
118 286261592103150543060013162012628652028020344818792565253356047203305175459036273769542782542632074752224389157046383080640
119 3058099703052180277856882784321738475755656253193275578568597338207084052053122689036996149753015201371296407072900624272584
120 32669327816908019877553981203783708741971958452862656815846151045048567566315934765201508910062720091694336907636222350004768
121 349002676055126993789182780566362039860546154255077611520805918047576253773611819953851614497396123223895865934020194943698920
122 3728355495291237791632414874343554486609147915188861844585206360735780356399758599376561606332683928840254735520008256851599424
123 39829593447222408449564073255080097981452239456710382304319497170968183830117557692539550105790161427258919045685109035585862728
124 425494971221112594653623285025548789629002854255845375908455619276585558892302161669693269356293584355334208787781110341033445536
125 4545513897207028010523629625650626169794321271868105630357889662642205514467368287963001955182349266212807591433234558195304390248
126 48559202780719052695204412771492756686079206122582071076026089631055362968772067888381163240303210468017477383551522555462267826112
127 518752384883886035444122004701694798319287843570823458370881868785267733897071501669668379626550408668060185825831251588423268927432
128 5541772134067449093610061765544759495016194137088579537000168609760859695357767933163909682753618220001767271024860626239607978912544
129 59202115076156577598103958682332297978791587926375676029639865472335832635318374307296310718746107903558600086286985731778097479854312
130 632449394291141707440582925813436874618413822196059910172741630666172553706984331102357741226702084445949129406273298942813355368497984
131 6756384224190114314504938960169999090548820617692270068808096226070286421665660361977506320805917219711716904725434400237680665000185672
132 72177676501767856719256967394912625115258834513727303904319160208960024234639878417479598221548520682237427924615001999796813712360167840
133 771065826384130338017863965559760661196340217044307495919345826476285612198080269789267661248210519169953769226090363053923173051451426664
134 8237207644151299689132211803852903551382257195382334156979078183488436974794080271895584475991727115397128358341399821234443682421979282112
135 87997142982008169519689159693912322893608417714428610752083728268274704665606639805708975229647543593202307284439533060407533366867400995528
136 940063369471344887411067977760381970275143232207364969027422531481243628738425015157600036905665921099069617222498137366454280820310006625312
137 10042588982718482637826352335408568452308409966113137606622499312753788429039793306242365961400661581888799829539353915079757705264630348814824
138 107283824421894866776939418249091739590085446170416913328801586472265417135982346565866404791112257231970181892289142285499266189293892647204416
139 1146100771662997044874704022166989057036151522299664731338041614792115561803915315474109026426859229354314792418251734337188115969819570879009352
140 12243662881004118290934652833683503100845186064795706905218533041064991913953333957369606649886677031260734716842449666695788716884916162976127648
141 130797644020570696074060734008720672718512386602415687287407909064240445586945221017577956155371323828920680861503324022656427685929284847335833704
142 1397296205196469970658501598732192920235881397342048096303492229763330576955022203787129248172296040276900639759579551587914556331128417680517961152
143 14927154840414354469268295652129102541527539756775934330656871041997396100583122542159274330417014537475402225524124363160076628229026466544247819720
144 159465080346636733752697848341435930502827205129672269647624684118199188413877149054572211874784006150202915915202533197304470883763853102173371641120
145 1703547134187390576376081065148195847241964453371391420394665781928827659711131718444033664309030659045282262038436346341800750268609217392637180107496
146 18198798333087716146241604509306600012218622370157352174515211815285929805600594576422356515218868243066403797613468533170709799367760731793110348347712
147 194415671936415333125908994783172636352398936468160532811070482285897635974250299532522811422020389287461177891808685739647338982026502820515619306603848
148 2076920289059268465151063731064295306946629773612338582841507470648891301042328824975480714404184317253318630785474132443141621788836812824648388976085920
149 22187500853927147020891132342638328836140667089300669682778174708745581886307423125731688449243924451145258753729937326706066216085677177575795923064785256
150 237026522749217401496614014115160417737331882140938894285357721277175664113407284459372146559040652980910032300480438707718949563075376625711098262518055104
151 2532127113209383332120924787915472643942439292651303482049025610210845003812109090454189105372845087817570406539078804105140211575467666199288084142948243656
152 27050423062712946178914626077552040609434778677833842227337846158828835825800317103772588605158295326713478605582618294866116136353457523861342186429058618912
153 288976562059049194303180829482323560904853258997875594142361163908802012263317035271666046116881059694400358364793217613511541743655054918372129536529662831592
154 3087103415198577855680897313545731224686393139824679020281094033132721140664412898654179866701869507005771582395023321068203157451150232272687807858520684481600
155 32979171141856582448917917221808434468667489609703529134175040355143757194618554281289536921421782163022565957066942936253298011866225393899499847760614890039368
156 352312696701125738089390051827417015329209449632262070490570936197540928739327278984846724909675438729891029017139894083341892343098744037341775850451271501425824
157 3763716065601270455216097399860800162876555060146858846212603374026169121218123606993702456894194149223603153272563746516190972129176460387197230345502287796298344
158 40207346357664900549429395788982736070445967735705830049638293219972671034684826288909612282716252141274087801209042805306770309633391769296952203501763771478604736
159 429530462167571869771345273552755692945748125871768394309247845153253670543580920532256371183732924336232137532924858542651753181992913217969864171582447265784124360
160 4588624583395729079739795232197465308277572462995455418422561968949601856072917630623375440097143215123739394684119639644467165773226570928196869467451145470747356960
161 49019749288769412615301127792038037537753119290657286301172324150005951056636370959053208300489902641469063629892084426447223132504902138312141610198741022589811051752
162 523672350322361718617964237527954594386938132125181965926128522924903955094756607370287803580512335769807946687602807687506570190476685725471540623655796411561934778176
163 5594331559647000622684286517362747467225761684405810507450284207969843438775635622028259829326733426061813085470427721260721768695686584442341379443972138141376186497864
164 59763601381659629792519273186397354004680737843879802960784238167450930576734385202710681229984311024035397052938158463882172555008792843547719267883146622184286239358368
165 638447687989962548345785921434190655309469675024968319154374270206817540740181493224610921708015700400301308247614844752066139399410863104683143137314690285702280756038504
166 6820463306697885687113036471049589725401765910124957004630394199050800418486432104458078982771869792144387898452170768143114679450922598915307807876422062538690241314539200
167 72862225978870814156104369737786411338071612511218835752813924918975998907310207593380542317108413656737069303480998251923681092977995279879482180854226205029856384438124232
168 778378789807804525058075399137496618534015356800645268048191567465967283143268886676223861370295893393490411261228169634170269639592898390392804756510297460987731565122615328
169 8315331192302010038714564138537041441683736260814148568368432534970122605306975610266830158935554548354198582491523531160463476388669909068050443556822845841686307068047097320
170 88831727872163402580425067825292825923754561325730769370352325839387096300310243939837550543274228135090382755145074033410473780700706717619089838741615267885953635387040768576
171 948979143976769589081701247464781858949335313811174513182024697621486119964988227436622842208284797813438109833025676065533927557762973651755403944053315191535395926238358634056
172 10137835177526533530451791667337186324381294106574852647949099091761853318008269114141361363634565619109087504647090065587199901512462638256606445623010092000927316505866039951008
173 108301328579261512188659357356654422327126782731773855823289094870877830003247024807146953667857822785126384540010615612070627836059734530314414859916249174989831022457225799664744
174 1156970651686496890491149087353807817859776506598095762527450384970690717776621385515102003747834922204670266159160326362636754080297350011139544047306092867306484927606215611392448
175 12359784560576485407341813743537701589714084227236787485058957742486966802483729361312646120987328834729581007663463421192741302147494401345860225189053591759599444125143103591979464
176 132038158583524068304151957705365457439936831283630466401405545025993735474253328993118935066914118237266627504606574044083308256205942144751516340903904297983221811749078753251094816
177 1410548479763686914997587111172666320169566229156448539787847618810482430448448231834140424666102231412939745304339479524312636298176526873219145807815149967486277262644830244723359464
178 15068727367210645099020897510985245395492209123918126363384894280867300895363956575728011737888499056296283428075723383532809344741841880562184728688290188088523374669794889941764531520
179 160977483386720707069044700191443258387564331734760288603694913045027271129528470371537116031298029632038598608614739817893942027588505167088338510411121333282700057887133499212791689544
180 1719703962121574034452794319617027244605236552556083301612195466895318359906711295894234804893053461698638650008753241426160770706747895641470264313596197926208801229409837888377204191136
181 18371399869831729161493275206764621635168766833189141205807762954895417610683782676628727627236787780113044591208488883515670219154700121661746714012091081496053990843401899418125432343912
182 196259554325195657925379862567102044586593542426363972762547261785742350737387025537335522952598229060693834194174217500223135729617508207212508272956952193566790947142358213797818569231552
183 2096618272795628033700150011609597419163769447249411900729503302786130385608109518913542716045742180310140722013252099062067751591279116293426117502705937506543494046781088995474966906791112
184 22397932151302108068912908668174185237253306607061519256872239197248596728876017734499766432812158289863074085570339187092109297739857047469431674011236158490699699483288539626560399815940640
185 239274536124980957033755680436968754031843238629425389945226585501067551366895203493939829445992106605482034152950131123982530513175609332827127827457860597405611924678294792519529853364654056
186 2556142381853605329414039337426694205484018537856953424731088317590169560474819071936219307598584876742473277625758549407501031850848317145743282815454528530557074247206735813102798333358094400
187 27306975418794128425416293606239439457738622117519703361437015249580744708102220394743847153220014822368241833959766765658648614658680858548890176697599014855927231817012803735446473785122116680
188 291717281406639820278815444951317549226251478311959459421308317760983465024625461386385083319596876316864507009422104338269278867167126275580839892870645370062440942451346551637147335947314434208
189 3116382205138361798042010684467143983059912471834054420759471319980809380239266449516110330771373742425459701438281572609531972261887299389428012137282319160767492067070040436471869076030062880360
190 33291953091271287057531862198659705887533228549971220217751175441630133771881156324634181806535260144638245655071554112883035913088196906956258436863582112400279022472479802110107625886962530650048
191 355654110334710650191645451845312070290124900421688166267462408475900855027306616396774950160934009645248848710714334449273414942919041773667570688819101310515481891372409127448871470801580334981064
192 3799412003591297671400641358574276161546652336425580456410112190216158887883126010219271002359003739281007353922319655656942589987358748355992220548158546839376033324034674090131660304832296535880480
193 40588681962506140641502452700225014586748310095175369818688762476337967953836864693698626788274123970235773947214303591042997392074483120486971312325298132430579540221136582783522268319852711118041320
194 433604226626717366556251743165981064623394934823314552593883468186501638265490471771442397029789147860866567118031870263482334630711824774690678184073468212055327558340050678225301157527323532905880384
195 4632144141123642168058488743338918790971145086545945943058000065318634712962563267856392419302564101340577605107559883497699182255429389982268606608893290888114624986272027187267318858099941429289215816
196 49484663724502506198771984614457830037806576837030768837067396074936073552118951576819445757914005708346279659994016870416851868161604208859306698490643591172045100444171021444409846452883945061561967008
197 528638977830489791610304233286823610646261587104873740825299832325081578021080631724202545480879740428945585312136901548434749495908568552376463453979763584552408308702316959754021508365246421347155201896
198 5647389470756166457836501632986234055666874276842449209990795681966633486149001228009285209962377687038394617734387022135730137188394755416315934887465642599242935822624428123513751171936928216157024654016
199 60330412950810136355866916102931390308691562531993606050372409313840149520692643018059851615918663626219247774672524686155992147579911801850689682260150568762875522958329644665531297684986578416268372691656
200 644502870868569291602449453613637539008687292003301772975849643256444338456538617417436239134359552720285411287902981151417385101442804467463745213568600834984885855441869614105643381474613961542504977792032
201 6885150129777949626681095434041541916524679437376411608249623036661425550028709276771796543814559539532925162226594580719664311490864603400582964287631562005972475552445776463897387108257984426844910734631400
202 73553267878691070545834799096730873891442980898159783673045047637711422801977078039986243436249751668266010280212938305948722661248327570082883287321113277411639334694560871800469625439110557960547678542827072
203 785761111037525940613092012107571594415410901798072593849535482718374389108664643596974455036526338640320070040923033325573379980413451302849401900820684682856803861289231655632945643805160563747502491199793736
204 8394195681926981985078800393920829413273103721111502894549167142813800287163017165923598278593605128223295621606152281850937436814944856983033195198927483962972601259428718153455417629370815742267462449545896608
205 89674228154969711083878754047435272461699590048881986467474837182382223328633238264307260532068423211956580214321456351574679227276339554963456989738939894374133388219285170731434191328851200224265908015248574568
206 957979477712574987059155882674836284599202436227674115644618629742992141500438173583098764955281389607940009376355914088796903828400061888843525388691142458396030176623386008411864551658379709298948168929695641024
207 10233984708878679198536563007766414560057082989368592789991163693382519094770047783146244462436403130505016397998843370405502623210643986949334647619387690766053458436923755474668531178161727559898297489092948616648
208 109328482977154511509697843439950980289359746068196842319778529442611665446355585660939202724107253863618571508959165569798873301506448961946400456546919308990773814796871968137096452113987912403454734204811224724768
209 1167943624120931804783585690949358149966316771422559521079053346100666346682199485340807080183925210705853429650731993449972840364209385193426877875304216455173086392774808638664099048153115349232563018142334370783976
210 12477007564531740272982206575971414160696868363131530821499234288101890484615531127115445313786383998849423767136909211014495268614865235113428022347562112429997986117425077546345902226482538800562538551116668195344704
