1 11
2 452
3 35446
4 3054973
5 268289572
6 23644611625
7 2085188355031
8 183912477980908
9 16221346021645357
10 1430752109958104260
11 126195026132569335016
12 11130640168352123713243
13 981743557172626207811542
14 86591642728912421471241295
15 7637547038187987566132183401
16 673646127179178360319896427978
17 59416865442365594679090353964127
18 5240680168087282996860229976358730
19 462237925540750473804448895688796186
20 40770261293438380035654116243935181113
21 3596014333940156278415970541099991919112
22 317175281189192139773071230058496161632565
23 27975461067535718284782404659934153057309371
24 2467488699014906613671017852040210519615668648
25 217637180851746941169610727119849823181304532497
26 19196011924190724844841455921765136002707044678800
27 1693124641440211459989194893208429265067506807698956
28 149336803017895561488718791577031872394378635751826583
29 13171789122763920817746972805670005032751794073663300282
30 1161776770283285702132058901573214436218481528897406153435
31 102470913509936371122172437574889296946803051843777551380941
32 9038128824869245433025105534860736101422481597483359101430918
33 797180095862141895512373457927521432432267328862062633909958467
34 70312795662985857167074809063426269864508323329074516097207352470
35 6201721868880881324374235057705090867924227271271600726899854811326
36 547003625389940819691459527198797885002778161053686070756856535697653
37 48246756709799460167948907151857950809104581089313560589898219742083052
38 4255455402795920160854660506450522910104479984021248103692193805951811905
39 375339233559441835642365882535581798024733032231644957713575778573337086111
40 33105631927532015625211349920964248016448659212653751739594886218175032882788
41 2919979494090532422579251622035994410287002445996457231888741271504565962690037
42 257547726760605757642845347003080631083037556783439777478134547763023597350907740
43 22716197731455401341577722630889787969423870484417523642311711936380727991911541296
44 2003611702829093994614797290795639297896930724399581513391228903055844941090055882323
45 176722350420239088055132813671847643569964944867729572072636548523380258540941753835422
46 15587246318214249612876261765393393480003666492215122017469872599646962318068956053455975
47 1374824673884930869886146589836122412926325084679591625982773644487137393395718602531352881
48 121262142480811866409211938573516461659153564135666617988688701896197462719391311499273832258
49 10695550842483239868235639241168413243374228917628303012399861491738677901998020398687534215207
50 943367859777386092630592810765366000122621387120878053587780283476227770445254791724542599312610
51 83206833567287635166155599444622253515700273462182809094931592112386241782615655276493163199136866
52 7339000455165038094255066557298849712437961262647257355590199251739470952936512161976035720987708593
53 647313752630142146890803997457545718600750265633900608108849169394870195801645272671637352916360765392
54 57094300089492789752378520469399091457344286409517417643031932646006283137508610810445383039513156973645
55 5035825501102239038010404544036438598340204762214417819187086267400496412134604734842716043628584400549251
56 444169355571425906929910413694103655409019540271166196641598477810409867295600041316241229005040295019927328
57 39176579169701933359818272537605329367184701688017559134268721805341804536540094620822751245853235667234261977
58 3455448549496150190281761084872165577218952577689637588216791299016056086438824784241998242817545979127005175080
59 304777112531795669830382898508141447766136460753235179959924784533375600073639796573739320152932520653388521886036
60 26881919088843991310650836699316837726116200349508209942790782096475799792241242871738952265007613344996818227944463
61 2371036223475495651186698705336921685801034637265555956151566115955079401095838755462669832336549485220789156068920962
62 209129889664982862820108250596725654455446258194691429062313853222588129771524565043579823583910862421544974097118492915
63 18445652714314132336302414988610891445157709128902365164590846631580634620584775416120088840008529550564387644948211683221
64 1626941536679130915895085915002298918711934743011890505908985664957865884797197872637499980537882518649869185870217201855998
65 143499327715184809929686595159026851887370163793158518621257243873653828307043537485632537349389797411009888049764624485998347
66 12656912735009493656706312973104700235869556929967545760449421593635826971779919154639131404586946939418553990506391017616943150
67 1116363696836286505090535784147358426317730232684768456946134636906576164675197401758294862764237206774623116233528472407046316806
68 98465394342710178093332677295566900642214879835434431997403314682767024082498015362745336965278373409238050952915734789507105997933
69 8684834441089180405381276823502789786267329316910159339400602021504280180720930356039788051600718427269623140499231661623876991390132
70 766018861475396687633811020868241748621452312410857405754342458615955118691906225472173007198167496103228259022699661080720376239581785
71 67564315717971619826507886184004806294774057420633868109400069601777684113043748285750248525556852330795985294696305526687199384259602791
72 5959300727459131133681398836937581193331026758040676839399984787338329636640377354932048933183829323053530768956127027420592809948024546268
73 525621621160719571656808551126615859677705152503829894050596579398200629156627493790481082226005967095990317916490277827472306052763497232317
74 46360823403087391662643118093274569390582980066408723031504838598004673888978628995795526108792172422379053198256650246506937075083370402104820
75 4089112509995198976458135999953844070941602940020819496545030295404795717523128599164963901654272385989133101532656083887894006110160859696397176
76 360667475079524029627163067434506673780782172159668471338310974618348901984661386863587453045898925578071954195446039086677421606366701628571117003
77 31811555016467819068585526643990076224066522853782524829684880621654256529151121393468590889412082470693596389110566787884556847619045134046547500902
78 2805839457363398804384768823656527276897558074874503346398389748272097612465242779784849049713735489854497459926023042287128090758624741332831798448255
79 247480359146915970615422580350663833939513057732437162050146913054311133869582153153890915530419642016775475987754075576138259831224828158795265550195961
80 21828236823299530697149979836336136084674519356301260287560891974808473117969918302621985760343496717692558103353423370248294214006025332912866520922366138
81 1925291867429339973981631580525452135420318906439349497168653037256897951150097133357950847502065813031002248620059501320101547949283300180436750331007611887
82 169814392467693934822764862163168990870303375408059231543180731475566559745308263865692499256025395151731757568674044105087866621179140324188505324466906388090
83 14977951331439013112410520739535520694702103703884267220421088488572844602483558523963076751336216541386323500350506588856408210945925607010338065905617844735146
84 1321083701015711738176141679212606291971041909995652741711773941316612675223899250237333356802754853540635322221677858649993037120586825115524825119480201835589673
85 116522086797413410519547510039815379428610650978798822718642127255948378914520498354730463637356692937995263389278164528508280091487190821030877430071052668378021272
86 10277468945521770335509363461126791799621880850200948021641631262252910001408074836067768732886382726668692637112027735748817800908651822524121153479165373379157140325
87 906492243910869378342813022560326693456628470140589612380284960636306770442812680717279895167919112329109878400094409870290083381107219732731186082085944911943019590731
88 79954334343050189745143161316072580545136489168116926751736269858925308102298727213989809652702555979808481508325132331555025159366301027563840949704917460827560610323608
89 7052123857850476214808328478520967967844586465969659741012341364443508051163970515098070679296615160346022313259389820496812456630727503587365114168258105176295318291825057
90 622010692917321998197743260983044738559081230997889525711303755113565052150185296269691026902744615661416261954528488724337131170676358034056074164473528817620536092928960960
91 54862522256013714302231589970135591678207536785706000352200811113155091167715806213000927771212654062418588399552436424648099601696253853653061345968218513582252344333379778716
92 4838978465425958846409062284823154446977801171900659041289187864443883801345489508535759998478875999317655373586377160575349571537350579161860102033234923869127309095357353943943
93 426807073863423619578386147563734785909758182991649121680618011805875745495237248500228814944124953800597347986662095330421200539002437013164739125470652394986920422765796156359242
94 37645193009517276787664489710447843563960189442644998415784979151550974743666133454892736510629142363081454086179932109844218914585297740351071745007459436437146255460500289924745995
95 3320377387131342551906373693927350454604568437421137398489211047987706706278929420773216134847320034971550442961348887063751682107847493760929233364457441080368881124697032339569355101
96 292863579957895227051518775788316214229693632779458566191719448399099201826127258954206474736003632981416632007741626877572853326744604886415318452956631900714938164166044453493311266678
97 25831122931437361133851092185059429306839283789174107061144303551641240920452687953164634249858834705255389824032773485769312991528174243014694786667358020569372002472393061465198298799827
98 2278354010406342323252041691136381564462266741622899229951049911537295868295373211189884758837567928406667825971145907334209651916112343614649389944274297269743861722691189362239034893631430
99 200955142775351977759347719702552195112737380159933403290013250171631403132206883507526311741879984611015547723085239723032751733127740260629651230768135460610947135506678449629054318629015886
100 17724624541846257275570556246104114126276979616270201860647617295425094955238910909822709746711897193507282052254908938975899897428867189808728651335228262228446738562698881979430453949418147813
101 1563345485020112756803109688541223514254715102343280881077426352371612215554028022119844279763147962523316985312213929345133573260129019190516572454825156599274799191389029897375068743914375762812
102 137890035400331877438569955003347685079131001244131323435806272624220917016409837972648509015608347728132921265721564705381389987557006466353814898482990537036059163315689063389127222158850056593265
103 12162162519348794950819394114646677150004722555175082660933239253383834273224626904578395210448685449967282026633067396886619328279613585415831316161377628696001732711784895014497081800867642597697071
104 1072725789920977956533463323621372823298925589659323611454862909982198745934950765105967789744102186423837035262196839825159911344031949712295684459841918496475792546290464510834167650608595779639083348
105 94616448228748125692554128744759662898249572192674119562434752568478700144465314245256310751414225067824399038620326800761082864559176739059335852216781267794690250637352840962776602165466376851206904197
106 8345350097421299948276269631104729090833820569190145589906618161456003833402274969475469034009680475673201233991028209580878916297788143719856470073926138412838045808870601311617149418001315480635996047500
107 736075698806128973134411172932140589285797885680947564217993228743511988124608096559134656821913723792500092931368731369627387585435076064732871221594825060429939675256327031684839230082626291024775018174656
108 64923272007527730045693277583336849968864075591968477135436659960315341623274095788917044490858279725217743459687532415690260269419671954865148948746082214891389557086240324874945492727999263356486152048809283
109 5726355665592497958203753794734723099724752662757982462447144984719934913319471678247306956552600753064829756647021759142479280587605362038561516530316793021984933163518877229424598729551455670548996442592519982
110 505075425111988022589438101125176680435107779650424946704766057507528372581594549062174736289003230236108748615579177619535124169052172563179085803574093001410074908057834653397967000013995268650263135771169450135
111 44548609962329411262230047782280122361622123585815170971918683720811432081544675121449617897291420190235936603275235049011289066583080188116598667364395760621656346647050274272781226319554730381775874122181106664641
112 3929271849121789848557702632092837069323474263712103372270422273049629746687275931024176167631516731980964937712536944481659066941777507579895015737968722853692154069125174516441664640724454230101109883920653017901618
113 346569225781824313294461576145477169386616220860265427973286090074094106947911919386959658336075309802428781583533808370518994349313265320872423568049821981392755964116762119320600741309438882201446597917842846075146167
114 30568062702472037223823634623632799165345328440800864743831728825345031874067659145046529586975688430411761890493876804338814801250731442820529216949106673069187417149158833871805277048425890793080584187424034992606897170
115 2696161077990516279638129757365482671467253782565490638061468211756921406586674148322499988142459484724457778151863138229860835727001339031971374633123948025881546468908954935211795205923467953735122712788702297491746423026
116 237806518169799365256727020078707418054596662968356849012471446325146183728161355831635562846790722185936530920228898761932725772675736005290870913681363273844716182517917391600388803422691237244978731312308001793948262376353
117 20974985710494718649940112378523645766081362975929390745396781210974880231784308896815178039869357410398425377320960854680169993411201447434824261177237516581379183494625144215000660946027631925832958819239840306380270005158752
118 1850033501778631328433486787097808425431195511691104404157325936890765009775222364303279837599736342723697831245169221956432249241474900493771583822546248360967517614535785268066510844408377989057135811220852647045978706752724605
119 163176461950618351468150846766192953808032730478645259282766064488273796021672714035466721021199462108074469929186360652436770505827845022628901155299948532048823560296929105636141578680541032996216243070523609951775135531865345811
120 14392473276361046840044659828811985927819560707618843878621773744062782955719190199221307882221171379181729866498085372187409762491055720384040308761344761618300077996931350864056844881410927863642147649476204627448775235068917289488
121 1269443426671759161542278170584028065833708620390587474973476552850204310258905139126478455275501874060068514575374817808804153025707050972291234711575438285546281505238694451215412823528906370682335158110280179218061305521372670373737
122 111967316706220892170474630651078566770881640238881734998221548657957764253653344082896871270626284908587015922791573796876514666513054295264738775653453313449800140773993501817665145427790900922245776735577784178731997809497641811108440
123 9875729589037282760567002832753578740866818514146272815720267831327295867399374434019141735840522862078939203596821943544952148639182779162157594451765031285191444662530587594886563995916833191597681561016078378144557110753101590157568996
124 871058071094846015095055259345217924291501953821431717821860421681695368775768577661990585556754604343777438849909283884480653190845900372980306468167091573023665745326565749258556406695142360012115752570034066298227410386482702301194337023
125 76828973128398343663955137910787600156627795549332716646344869071221329811791918709506721352686976617401055494483947739298684427345752816672439297612665541570505728939270403335124476231888882993017790214194902895985995757854960350769649647122
126 6776461073995874202027029175911811209772104036008430305993404713288994394144974047757851517680340033249115151614519008686322303387261174486980004481568560769535839226834219336418848981417821395821928282635028163022262747524888546109271355664675
127 597696712809606981459061712983772785246563259803749128074867702483728338774387319626037587963544616015582753799000078806103812387297420597060850604218341024704410687491054244700183795195267961957427362925269663499881953441350182007676089509068581
128 52717983118695224436554622820576639487410165049882095630380038049551194045205067099596577834061397648141651661477548210722074826073533753874243458728081820162215138783786981722920186374918056625704602526323835597134845954998726331179998744583454958
129 4649826048128742309374239625643486949784136492554896840089882820226660858669446421088162568763216067515714259450046551681364128960916317466653329485485556196558487409718631366348353481877209378014773910998294971625348624706012332103511138115950474907
130 410123472083081392276184246914307625151858152023340007252091906714253148992445373261746102751762067157934648805941761742234507260115716267653784291593921236386256365930859441506945403245163980544533569538320258729073688165522219627778783592853363049310
131 36173667705520359415768580441525733385793264261141390225762344672935358319650709789016106992625725841650517069321107740106089522455746622005394746587517217320125820956519146245218646334908340470460222952232131279625801819742693416458187797577655887260566
132 3190586065760040799838187677904074417067107831097188998340684921160778160495396100546796898899714927313946106300611008133289764846390019406575379339345589375580506684644676808216441341550117965833994068365593042939009630962756462117406843184438505958419293
133 281415739368574433180830791919263725685933176933459022121712627281358245728493453470984918856243966206535304211634277963541212133053379171727723568807839515312636543801573244045238831572653691943882632783635072905807173436393245814869162080041820835890593092
134 24821401689879234184690639984474397833388371154460671720753432261296097923255440025647435573643037301317709204194887729640859324251877129813693479455591601895148994879354058433478854079466825161335562608316921517962397247904246642353872571069382190479230558345
135 2189294682780417109875960563278691252566942531937673025898542037899985996620455175446784124958317652541072976784511070033805929061376317507991280562473160321278520787199884683866748765553594075825712046738947509392103333895382896461035751294350866048117854600951
136 193099941249688830656717007426840671961973608601521593356213467679264518884791303732512248578994805712223777209757299481316422354588887750457564784489369347493696276776414808804652882378606547881462408056872180631529908014746742849111761895013454821216255346446028
137 17031780876239932688609517894570980250891646243140866125095627443795840428532947459616454187406485698425811090260080645702568140181857257887831231143164830686085831241700396899978967831160573318724556537570426086084524178106183607348529041838550724348965796083577677
138 1502235360295428049082075448812538557974770295487449949734466213156663705598626079534322181967433424120915914163910025164739177215884622625861942595835804693163386053375774635569807627542409573962905911876121981494704703119599265808419826707218208560792625053737727780
139 132500006553639003064866752796072268949630165693393205223663856416741454371515061918186128588222702306544103011974117770248999232158930183942706186537486808812906624305537981693718521844370040068980422590289754088373341613920110749615696803767494730715405751439266185736
140 11686751757235819885525245981886448326444427194803879147416028608932731460803845959829125899157398415062573308091994595788649414021138227978662386789204094121329269902265259278989948457293508512340735401645858989887864937470263527000230598495131099671264309058123521791163
141 1030793659470226363441592268146869035934761196414670157812347240122202907179496282561687229645426048912100280643835763401201164717816580744595474608155058088425811543915463038788251385597210423225330718713670743183825021066007502195665308643863442733640237204071095288444662
142 90917954832586825774975531265579991116639146959890355004351576507250202421144369599132467951161468030851500743692623952348918515069850393018998789557843355626780227340414207536267527013866691803433579851943245751612831899907032491599709488316513803004693312042670069311933615
143 8019135968675462139544815466604158055692656519510998157533208713226080648840150748462021829575637332452526773200280000308069745170050776638992768875771913985665821975355201243171637412525480068770621486636853145546628561681294350912265140209497560086792089129177332834111350921
144 707302994249225930203506219953613244099650285563448561566597423486870601882210505042796631557319542795292997365089010496526472787752296510364283888532506460301927854754746528982756954076998253264285743176252681996277997501926556372393129027652471645721345094387428989911983350698
145 62385464921422505761975059054420025508510786337801083281353338041861358355801915963202512790365559430795290412135001619846562088602022204155912709773732704039535030666916893279160842641206723326028677971863305014334617241219335637598413273965848858453457707433157801144319283250047
146 5502516269697379843483530849322181910009609497413944393759696962983143317103235749425294305141929420796742437774901039140105317502947313614734800778208770789981877543607659902097686938353758603853976961782750980331679555084859010371116631789862526008045443813011916285205436357991850
147 485332366063482406170223193354410027175532960338919521326638752350425630124304047099454234288285044303983863578453452339325862528995183632848738060712056593187235104306619122745913688015573548913081692194938443315372335081944867217699785172370033102686607663518639510107987774859272506
148 42807234727491759120093550954082791560295813169546924590141266733639804960206388357092315962299677719999606431607879634032544895144514918263073554571142709517671602904379719566641499817712813111058693332271052259765016113557026408934187600771251184386128326727099470272063065152276260633
149 3775679252297975232981581918001889464443411269884779022648572557457469470247345873074175900044994860398129192488985439280407692401513048575128599459674533904089903990044905115736060854304436206450586242160792808216419663414953823660900078961990771924760329058660577741469906554319322689832
150 333022067577703982129074196886556095556094739417601450345971350930317856601086680223198256956769135120428017473960975932685168706739855073207692387015496293145828877839585912572728382902750709300322161798892606367370340477798777359212507328485619176920960239725285824558926180241125811758485
151 29373177667628944652825996171032527820572173251007932459242092478840990534767113713054390713507687152846004326805577111855249719285816364606369340269940951304535827796053267421869900255456131786495789652322759334149854376206497024887361025464203077351588978536842393614723026587190324068566491
152 2590769952783332074046751791777996267481348201387833300384372105491714647237210423726232529562189557796489012190837561630662365395768672527100459588194806119782492485008547252425819701150120322613617504629904845408595656742084533577498966557611772474852926786177226047841883866843516134017496968
153 228510821137410854353604456126279759788392356488593006261516132724826015716676375888940171830696364121073577671725718043441556498807187994774325480837625012724201966742840982402379085192609597455845019323897631938292589673416978230403514218131048517278560986096832413532719259893625827659139700017
154 20155087610459382355725948113372109150925845149485632420430719555344269039109761089834207911020731997276945326709089491910919020259176476804608540428579354745376460522620798173116975216817711034973275740431996524523997824199741442313670564123170852621504680694040284253006813306071682920210477729520
155 1777716935081230540518329733627930322356066314328999525582018294628856036333011434341952170250624061768919321537114179653282759859185141343930219329064550709713249703056182166058188895619043569895888567468907946941796712689685416538838190382156520794513631502747670620442802626669372760890833420888876
156 156798003677969316638518142875789933091197942793190269492701392054814425214535281994365140012865468463652800896965423804861781072563187088585125075099103757529268192901852913367326386522689627094392696301582392126104113147394557586730660785537312655400377643174517932785355381621137078258264659385475703
157 13829881165120964899670028683807317186400928521673289952258551940342260347565687112977038904149664037963469709805860632808897944246069882020414278994083898304080208096536849338260565734307047894276067815476060261271822141007256706036761809614754214436093738643961986425285212840488440839702905777851056602
158 1219821735959009049695739061046883553563334113158223935327731812173125119529173894925775257277459159557315525001655350781881414817538033519650312490918716515233586355229507477875741159987452021651665260550131436281120472830876115429087266795069853187054876715687157391711907827279383489756352804898110640955
159 107590589517913309330618534007237835670382427355796049916144711819912853780249493150324015636636105226555265947367322249518228839929491310513096265046559890428495472187236693138439126483081404967026024913102684597858276798914367723118245070151167920061491713599117517481056912057990646866346952400804738535661
160 9489693954101756426768832543215174891231466388825231573950523330353985632740680115029674727382572862391383766282238994738588459577961997462091813263498976936067211336672007630539601241780068844774599904094045431676797015712990048428933864544432339864028152958678422144164465093626330673406229339752616233652838
161 837008996288860632636975385083371415043716794607729628081539667932895872195758990377371529680923608089111292405597932768850126638448919371518099309515110067633227732906268043470355472772015656965886022170636618049403925222636379871787253027247759800524017299902933107447136790257185701782787552426105674526975587
162 73825780183951089799634176525693086595459403863654673206228224134157835055041699276183239696971810035297125339610459722175618501747188877493012909405047223098899340803904455693553471343094411915845740096136724622135658030770389520497581938545694753061359719408399082137486840712316482240928091700870992771601068790
163 6511573763166731949632957486360834542742620029262640509565680831585000707878257071632438589678297114537483248288286986483235929400790463429996554370361786579819824419199133131644681486759933749822357611022812702234333883963596849489735675027112223187057481725460464092485030531653382354256899334714116449433946042846
164 574333149849715724283354639609089593922842142397838611355956181420877190381360681332662964951917778175623921853752898741692133543143995255780781406630654526436044389361049220704412434175177229814989201035133756483450077720239409534747160866466315575326090424682364028568415868969895226710103731643172947323732388124373
165 50657272575512991430941586086105363069082699390798167674043465612139726277945966563608125848034206058787343922368690543635673550743475118561413038712401920476790763594531868959148125408751831913941548646928651845293228905358136956873477200027728836034556625507646314359252657583368735632347624082625458717284174584712972
166 4468067471747540444011702115652648388391456226250155491207753515540860958793273095605505484760254501719601627036912308933920557325287707297835883741927242016906702858235398361805864129827169647757130871454330453071268824411129682218305430283067834791966345729580605391452213092061566346839523364979199060522828730025029025
167 394092021087976868719711163301198355103871268519096919020308762449692399905869225996897782438851955128509589473402421089768498036386212839371008953552143016616035565091276825144985778526647179784828025523495757875846219165941212264318123009917979016748162158932975188124286542730785072763085634265701206256260823501335786431
168 34759663337058445873469506814966611459445018867963114460313808717665512370144222304686751646979694613746815686495657116765278618583185028726121504943300973118393968331863490513941117553202960046028814476846282269028697365539113262950032169590745696717729142422014457751537229485736085828865476401885869640264036510920089226308
169 3065868199944904769338091387271026805309144860898709062477066966604580184084802261322220394405116499496656330684010643677324033964524000457509056208738497298653407841829090964288621262192577958318729247878727310021207145448020486340741298253123333721249283332558779036423729702178215770002492711928866179731103202823828566164757
170 270415387177016659411492122845920651249527245881913590403685035007203430291803493569574214483532520258087199167952934084197293164637557651158578830647750552838381840181333873925717038496141589381398132212958944947039799799086347746091117816298973218143944274197871812439932628494780520739521414534471538050931902297011698717577660
171 23851149773303989568129014687088905935177943092734982781209205786850181225177512650857883900359277836412642452672526370114244973663600032743632483659120658615084139599826855725246694805952148990157334478171221460660105258703236982690232836387355067288001075188515765605609506395492774941246143862643140261611763117078204869897582416
172 2103716624439666459365019490058795927867779137161177363086012445662803523568576993533117956981070166663503893924608193132304404376826284693071965457805099240730280043416793547393294168987561549509154691982579619463882455531472963485555424621670873215941543263605627223059010639645384998854200745075489173953847788501833731881937134643
173 185551794274392477756258573165234441875551069682762098172208061062383113457874616667009460935638097257844123019418657434183732482714261496419091819085182335893890673976771227834546092756659951408229745932748302602174932733257737571753474616599383485392152431048971865999100320218736289434463976420257046167360685152625109153060259466942
174 16366020004056819689688507202031872016714992399865118615209327448442207257728991440531275890490046441889385513321772739245581402255231066065305431425869911064232672210638231367915494819180374443822042683822751180020141966579255316234292609147753878073498662287625653001590591900083095106142941000318017326496502401714588901346286930410695
175 1443513989291305931402996040576578687509469692443865609711568424800784724702679215945429212511645510072445686014097841770141938451035549292990518724024848131810126731332051259053062065127141668723522037885401179333030426642333960398581260959179152902540395575403254789666002341408324205327876299391238294372258183224517948907410547872286801
176 127320670313441111093029985820364562125271689250880821357369170386444055241307275734401510127757221368632058966334207575205788564883094959544634010845453209256660587740703212931530511706851298264028899784122254461049567002580472620414318454319563631273513807337061092674934214475654704922800328043897314107568954628179385070122636168101465378
177 11229924482423994733538755021880385855209323064112340585624588253244590199424871830223220145562263120039880120088024319925934998541445593877899774165573940436812545637704527987809946093808588640313324937158813605971051785756505519687320302455905303977052396127890958887824351304400948297152147985667172048324575439403647652612108349763524595527
178 990500627828004743269400416763173370367291705999290258722743447219043539841250271009511747498929537885177231294376277895492080695813647799895864313116109435418094388557174856580120472466371828218323119577591916010835809090353335392107320308489413903550866843390407929890478355703247338841451692342473271818196393202485280076209454926058033464130
179 87364033058564398145049355409882020812295713725457069706308160079315067948587692869750302021138159340222945438853129419210083199490989103485151244903123209966761651292140945495673696584288226184889591226277968325156665249533228987621195203392519615283562836064549132955784939105943779474182182874433454688421855019993873365050961987973302089395586
180 7705673331065543040349291558093482835658162941232288176308231672478606665423248903228841350532569264108976607890871853472337807319869360315544140218092843660271362684570426834672671698398864384684108486699418782507003856274714705436825097535335777728842017845384061329005049726880399989373917260023382204810616204813181548538195369882024288954874513
181 679654995383410886333543289282289943908431926495342393868744080241461265456162021985687053071915088919051161203944412164019700401595163645848507997080253104358823569144089273076997771856941632935343907458334142099454521631853662206134018721411596173030751801195635755277728624303958593117779632092038788833015507405978887570079620174509395185582966512
182 59946859009366844624168969942009358089630252652258683696861197771934103189050117640101547030187777477076199667119443848176579271494544278709290324325109538772856634743743487049472702079939842919147214141341279831280929435582832232785214257778461604832346142515190002396877651919411467530662560673832770244797510400608388626230434538619906954379620513965
183 5287426605408307058501808232755293813036658548631859198165200928137047969464796545524137163998183973103128230371667455957298693342962802157985166154460792221907524882039506621591010483440637550208027723599739649974966602056171748220291213745623338926045139655941503360753649265890319451485387930267610276556801660810780936888594435164024141776015048644771
184 466361049929426356433069752482913895839346451835624387192749984135010488622429492778786600832720020070667270305708392258932325731601890887859720502841484720325806917503682208069433185095229510846496021725582719440668390572466334143983820092208522981020917291341880088831716048507107068430416513595657306823328588707240143831677500878152873442340037690658048
185 41133928680695441927244311470455054989852592955085770790347656229495053883492806492897781326670850215511840910950663490076078905037481184643509388079331832255812551542474642286531220345554201402338481639146243548992276627088334285184951372795660284175699342129249369144488430390250152803329614377047005927493730384566552632568996075933146810883540268931035897
186 3628090486897622827901398288200088903960257490502956743002413128428316443592824317265702370774757013103415828255048729680256930143361631643657276887647943951721022488734207155170181453154489533592271469950680614061694546447641108614587319192314462806027356288461152652673101168528353847359808807016137823342573666149679665351809610321118335075225861979278776200
187 320004458686548327121301798171805735742743070486318287141455542978524269759569747013323861366842910383317789494296010861408151140001713850665417197030507500240289511281117261916610820637743533753936241264989399693103812980194643655540598951089682656756273930844198341038878689689973646493637687821818458381343118693640869047183567959900461560037579579801105610356
188 28224999886051742447812797005259097905505676225422791908108101556000746809276820578941784951540004155875592331009791674806663833282131526619269654672241504122389463998921077070549302884548890953957685988947543708943699230700373165036961016825022731869735497404735453284675029332490726067861646707282169782568894011419784672522975591556085890629904460512703884351983
189 2489498495856766615613141222096282085832703284125980229353557736254263076084011628013180721983788007362143034972311670443641342030055526291975847623345258356360135767056405199792339931257543339957222571640215216378344053009371459672319881717889949493396891632967706802238742916275583640864935579597504034328352419134679008442554595380857502733059686431517894437899682
190 219578486656995194916391705436096154098264300604073545811311097714131952818621334883267128463742595285098835786564393469754771082615594357166005557385464029084635504277018669913028409452976071538757543617411946439802358620018265799166453374182481645184074244673269977067649096561299011955895572503885526542941359723516899966024254527819381987726822840773155986182506835
191 19367238776331541116077634590718591678286360055392562837807179148054961528825018913876160276799749783762774975648199789618819090020566079546910543949822635061933501970409504341796804078436026276548846033553017359744483680490874748864828671233106700252081807125930297025794643958687343757992312082979096824021666702877720822266921663395872793732648531935749907375521308341
192 1708227174392408392382151161025018222779426584393751143231471263886822256457663592890712257430223210685667187771135308832563507969215855208590771692315274551361153952332869794442085982081993157332877586376069363475769870666579465724785623087090421767124556335890735082654195730143764347753197316745085440201315930244671551443441376847253490440747132704684866977801359332318
193 150668875054030505825271899226410948283481315145668596626629951262989235481948669209797013990852619205520851658102301483073538338010969042540919858237764805976538437035730809397490909562139760074112031853855800515726652865424521736678561331729188407408929543402181547370635653785628205682984090620488202980265131709561579754123271133199647012860985504871561625185514586893867
194 13289280401549349724476994089886426137449173087629604256667412642792924208425960263682936680919316191328219844642081407983856751927321840418866836981984143005546650705762538674636565187954213575806045347764880979981144737913521271599706049836571443588390429642739567635908793645574853266554703252683306295275048506527628286861283007834151962361041472226123898724703629070601870
195 1172139723799439955200417370028703536970357683488124611743480929463847633288735540073548174957641462168346740401607218537685185834079934689284215818412792453945630687920614180308993883137122093392967643431088269875803351512025872620427671134225540989393245834814069756313144061565673822885235144414995610373181027782919448215072425290991928735954302477919145599629819944535794726
196 103384945655029443720738605022528772645227433896551546854416662275338352652740972998432648307995043595392946468992766833792445084839701174873822151138842507248593421162462118092492247532095953566412755227065136606934676969229405228957437601412127912907681139330967267700672885951405754820127973599547482299552221598734529656615697275374271887756853454391950589387843528332116415053
197 9118748192789896437315811843113031398475854094514220565672266817960739486900443109931165005724734120949754917112796130498780410550835729967481338733662513036162159993592907643415452983093095128092936697295980969101338021987394319544586735527530007464815897582009818625590252808025036549222716726914445265219680326663130058475171464595248374464408677063315384611452135186928221194452
198 804290876942235608586607256883851749823627386339963523845618965390149684656172540159192243343497199522920815307264667116567328667255587263425551322642156722729584005610693773433889158809375241434556657490342213109611664575327395877457133679194651160158485298452676513110953238534463129567729493965330912014944953203500259369466850327893685898349983517182454332846349973070727568197305
199 70939980034101060683467070665871495465284308421614380304296735431876923260256225252818746110683956425590547111035562671007102799852984058696044449988824849592247587908310787971494007494964700268639384874462752226081198173317044691780800527869869859585681836820986564512021402635149827572929374596618363405433192145474161351725778237030873758006266620221079819113287536309380195025765511
200 6257040719361648654002457070204087246615241200364635207507017306326976795583754922305995240662852429314151861087338102248603402482943911666788529326300212994190755249282842187892645076287924596355972061045141336624054527717878226481486253744247496299808371294139003889706373480658029133682287239497723874162173128894343560779365022979414839608784276223666679250278585182642836102487456188
201 551882852869847820839264581785709075707731947112305621688706185812403095901519617392457282193903298094329137937838191912084133590480090213681369801067704227790735036508768869479097490792703884217182862807745444490963852244998270191830221695747643967395084979687936349705600084390884685292432047847599655033146191751830867274840264883201751933501145528178449371096073360926341146466553417437
202 48677113823039847218121518405766865737495233332209964400846118297121547596419246901133561556217047860858039816816855391658458150492382089250311864272465191696575216799032409431141956675619094087472183447517079403833960593756668942271795262396505145245214916153269863769382809249022534003345650195972247603521498739417451444482266969028598627141314117083919430373995819651955921106096212269140
203 4293413716008266924086026058432339107487471264280694341612126311088027341743561643077814473637010798337339401937974901742029965092488321989445432628050515047609548754978632906127312314780147345571110064972397245185102907294339436953810308105200760661386975268833683116567156877319160975301667496364348340498090445177175596019470866200337507275027263849555424950440656307844897650813648706156696
204 378687228742042208197843688709843297866786453147533541354032170990562796995607223451279188453272282413647781639660044404061173308093977623130125327222255946762239438266808112289115433116310932736554296076527222144430688988987087203269368516408415011782093565573114160526983832410951674001497512671899528341393974333969137213647321197120144679419394434424215586885441828597241556865868438072951723
205 33400931449405113734632800631730749802736050816039053200130897416917288164111771407086617489032651364612587211199502493090047906038662353461507310173607326035134543019223751266710085573899866218086466208181761151602659694320290878607458295557436323648284047373023847364585137071957479594531976204141419343644797891332069612137734214469375753920370999869810982963051993141432741752531098274599218822
206 2946025471716686323839940022401431477066343213271169158058441785074551974104754549595790280859157710935786016581068114488923914297345454014710080551345171000755052720956134701158137727150177021521315958611453990551129723974589531566264719420265116994767286134228322486297570410253860204987153537541686372399421617934718380614204902265937690830529560955237231908381216591064607648315721067018941233375
207 259845031362384428692172493849301894706186998597574479719332793592191490082659975141438688980216571198947096809706433197795834066832829880943722461815478796366282369701296109604567804556054627187824599225407022392945086004322260239500656485106146072832294766592336242809937328931905919468248507390012053782019998897513691071239588783141444578994217129951985488990560818850068025974025955483148235744281
208 22918824352314277521193489526631294768151978894531010466229039012481642176279624938897769642092106717139644590938334035843427222859009621951894589502321479989592035319799639968474451187260598189824876350005305636012228346550264519981060338061726160661871962249317548150624720382883850171219761674542145529578110954483194815588532502454660957053607920557281873476812440841005600936240927980589650423637658
209 2021483754906514748337923251010562983943409413766665512187095103294926931040034402706212846264101266625200024935075076176333700090639887209458155209505359095424406790045356499365624792889488246086996249248477164018318006976791304275362485760706495092376394953379926695527190554240722883729576379780455142358121255676137894855884639837555588111523460019336966717793473632849538636939526105080573922594894607
210 178298699293374073877489120101550310775462753136865338615026021433951927526629490694440829026196460779276621356062565106215152288681101399916265591791214823278248718273409328312638599654199995667220465277981256055851303457996059230334185396396188497626622312592352179934425520127985408397530481704795514053366475720307293334317530167736279733665394443208042601971728920703923247170977520181965554686208546010
