1 11
2 528
3 62720
4 7802880
5 981532672
6 123833679872
7 15635845218304
8 1974688792182784
9 249403601212932096
10 31500304517060100096
11 3978590250109478371328
12 502509651344957204594688
13 63468731198493508795105280
14 8016324492396351450031063040
15 1012490086238740442905608978432
16 127881074278307589861796774674432
17 16151831453428221145474294207217664
18 2040033375304504030053237368652038144
19 257663422613276869694112638536259731456
20 32543800588321692544290039649566936006656
21 4110396990082182949878440368196686434009088
22 519157661698822592697594263805990672791502848
23 65571446833875891152230515273201158025212067840
24 8281905396179037976467144023420565360076862259200
25 1046033911148046164908300473321291434810786229256192
26 132117778570203280598408397889822722171115479333076992
27 16686942199768879249979998239698864174854028939990401024
28 2107619754070170901187196846781462396990867470189020053504
29 266199821067777174225000692353949031653115843496367479586816
30 33621977873223775922154641510638752784143355101934526677385216
31 4246574590370323864441843570372487598755540146501492516583374848
32 536357373726681023220978365330985829796132767309672387907585835008
33 67743831228900049873628638678174318178827311824857612035534775910400
34 8556285220212687487023741069818357202539459193554269416299576017551360
35 1080689052295555887972369805227118586860725008596640012964054158595325952
36 136494845332240570592354089080834957141483018264713726055734844262084247552
37 17239781195800396286495506756967121099815061065340016033297988379618138128384
38 2177445272425030278529026016996141681206888981104914640970787122784061425188864
39 275019030726508597906660143231879499999744425423827215811933202005780488756658176
40 34735875211004835568628748467236811389599633383363571351279814994163726828517195776
41 4387263759482808834684619147504148869629041290780977739135434818129532023016005828608
42 554126912834289372597079320451189583261752372960109401425755907203171141557929186951168
43 69988186797198033994493461243870405058964161914130200316242274208535443968215703575592960
44 8839755257699108704810848085107846788271826868004431455895789541023181532771832787653099520
45 1116492319517376170564236061341249326173041063472506072940001851733035149190650145765916147712
46 141016924473738814370847093977262549419788758511580212848411103754493198084469923584499475546112
47 17810935767680102819183180768479924123411455916199739364373182531527421887361625375539310041759744
48 2249584112717641629723589047547472235741261561530321832691258139132655535605377588979959420340404224
49 284130421118843455585874367882151382189619100665506272865044975865164848118990154004672690241495105536
50 35886676007701796258068878309912917772580279772994529050611649253728411362058183752912602306725424398336
51 4532613965834683458218611626795393985919735102788393697855015842397243934595023360950730246551371532730368
52 572485157412474005134654365952202674495618788040272086397906835858652721204508036653240832581123832522211328
53 72306897946300566700724808537635925177778511873678377170726099863073404548722413402857687903016560614724075520
54 9132616667736170033358612662492828752743385311314868382498030988372696194401632706849072192917782315147125063680
55 1153481750271652126924036447392451925051474639363336087342848727647342652746089296847756285239462206594360616681472
56 145688820260050262100209982362064074663259486659937827113255454171425366186637497733666577007851930983167028386332672
57 18401012711095392258474374192527756718145973632152266218780681407369130311733593997057798121212671367974563126500655104
58 2324112915387110864413231486672373693504040330343284624364065788802898638152816092498164917290331249055241417656142659584
59 293543672203008357040244145909508552267718211447310579446959478952483934517533479802049075418888114612122697808117179088896
60 37075602876237556860575776956335771640495877441048781998398834824339431374952392311140600444311896428605305646038352863952896
61 4682779629757548307850449559449767539744120798801529455371265670133383353258156109514069015897613832322033311081594767307440128
62 591451611294676383877643606375884780406057655997830489473511797135165850723073131972064610606603158394607564636934374388806975488
63 74702428079277498505414094757333712675656609158609926967053656537912951476319737963136732530299697502587486527866542383465318318080
64 9435180586834689267530865255422370583343070618149413491261102050120339751641049867594934239080611350626985678956353798674239549603840
65 1191696642198931774621347745133661972529065382867389018553693725652969857821248748560080344622920765724496024573646255109835926097887232
66 150515496122012979395895147745911869238276545165635678736800639591253464003490032919040364076230230874882710952089461039012807602687967232
67 19010638924896697075104851935611598508478488705951512357252991332189696114547354544808328370251634990694041672871469956355390295292682174464
68 2401110859973053914194338225211598903885295357539882593283420444121366530833335218596179763757900639426219062826942984617384020333476072914944
69 303268784634594656263397721798532462988329124818985924469274060479230382861315010388125005660059365948427964660279553562646127856887343932768256
70 38303918934745185636625022757302218290549683739833756186850880599561563246649753975378261126701845971542958015378132226712912970533616310556819456
71 4837920287534151206578631754483846240215907226153206488165971623278890734428030594293222755279019820934614518501198068038382682038870205507345317888
72 611046424477042291239267734887867502548477050543789534224552477121803226206635987736894988214188662923144628916420808789098278462462900623766504603648
73 77177322211831099722427916152971375341885125219742400636560554200113864397581860095728994978095583433311681656654991247021303542245966510221471399280640
74 9747768459469292680585552561980573841755469551799416705586567389279885638050773736485673061165373220222474135925917458387473273351830677953883018362880000
75 1231177594872009728266697412674332639645246147086903137756596528640131404253440426493394211458156263257878623088157273001359994329855519209854042498496724992
76 155502079929107446931184222011534479686126744700459768130003844119977553246467283156109503512455097521321086049708591986702295670709835644759397109903803809792
77 19640462077115941316184343605980706689283511711392308856547276580839153063253792914264100367162885193902844364990724841855568597365991948356255355562085081677824
78 2480659749236085709559383530454613765024837168747445731272998495714512618243835143355413371046018756764867339300210299319580118125470926357000830606994753196130304
79 313316090391273606245214916285702477856728471927070809832780265837981394168827701981852131849547452788424040633418950786723946162758452976840778109625626417080303616
80 39572929148506988555014115723766357953104851802170310993547958652875991099987872260191528769868134377963657632697600930836604720643626966783676597221691879924239958016
81 4998200760890032853997628195044070714498381250115243576107292195833512655792952981858386755735171292518240449008493298662683978684014611378513775424461735920394093723648
82 631290414525815488928519528060998303163275650760579873939312364195336200525070626401298162311670826875655418940737773019576934655803359556128321071702314408863284286455808
83 79734209676125511505822278390532799193163501450888533151455358067712316254773570143866527113629531096829355298027075737638963685196187405772611522699103903371745540911923200
84 10070712379581627217123838943910253618435115255281108874625399843192046259776583401310023592598443720364776858521344232110842809013505415211328747458924989466668197247881052160
85 1271966552928989416008785965694500440410905296141033748993501577367944079225326121504664326763548799617020879307353599068330605485746634565605465487534956155085260832748446154752
86 160653869437314705630557617012637049572840740662025303084613612825848530125808862034468739832185757728436722548870440368461313789313307143911664497016834421136182310684487269220352
87 20291151293050271389257246385541538846226165309658141717032739063674926634615248341558484764465603288441989119593369164890447477156309955986824419355482839376070717555214880482525184
88 2562844096065226347779285059089731337123486307743107378046227699166135921460764939816622025253028937041894236539788623860288914615984063141307434415306051066765091767983228423361265664
89 323696263749508798053973165297522525110560402403664306602473290941064110257617143249099153431182314264644409355626830774156303743499267692544254868535101418997860330321179225133705854976
90 40883981716352070595524940718051018033273214631660894835814187752420419506089577466513594775434386101155919383820505718052042294979601308557812787250355478705436606555988830911347426328576
91 5163791332100436900973324888613447076573767292925481138223139972235841562580550047990651415662064436630272018808031334295477180405581907418707889086920425942514361833764064541061722992017408
92 652205088693959105461683977004447471409217383059660481161310467840205868215015352341275366396075016657720164721663096919804226833948440719575428258754180621679562957049852397568157355991891968
93 82375806914194164151793875550669470480064558454781832428556330461843394738740268391326101331398563012214262782815645498435325892697693499507657000872026039195382506319420242882514441274665205760
94 10404355443397586411263985774825238155144917500128703091804576197230400202842740228041074785089296386350100508221329403907459296524540869520072956809470851542411133736031402707991208015729860280320
95 1314106850635345200878847877401074157861567922264799626814985419047448657673999720128978297327489192019544757282263463433225140651540994269190414254272685851512768839782467809399999486472482835136512
96 165976337917462238418392059744687003827486941104180416716282468667843114412212424051797648639500652177295222060763991975062352803709440550544672259626986077810904420452736503997278881638887025291558912
97 20963397866142025627809882976885754128538824051701813986812504761160761022334133771386407669928206979201789760205667827035740833331536253224693855944577921898593664702282079986641946759317363476916076544
98 2647751213264552756970436400781943660831777783222051108858024392618252147939338139154448586422839352987291461867584525550748439003520817744848503338516593670797328533180063000517896697286053182990161281024
99 334420332624927478334321535715816407460910653038445462648984757458482836411979407222820807517828933652793931076419277659124403727068658812083586469061527472093597707991201477462770331422620016284691213582336
100 42238469502985298186427881709460302792589458681639099981463046554270977996078305033866607823829226287614519573782355617549914036578587022073794535049936843431380425656788076013270747012901113340317663164891136
101 5334867924898518261285336968913927501657257478290947984951165204102584440050593263149252858392460159853242978034323084758438004399117313224812263651988328986586030936757409256655003703596468658216253253031559168
102 673812666770501486736492968748910182634948532418090385267050901855301399812917305598412259280739221184266786716602230873098722382534866186479231829642164125793716852023732624911435852415012982020050651787588272128
103 85104920363892883769026626320345705044075230998571857887240293532728246662559634929087296868189784421939278639870944904009991861839951796642977822808013073394840921660259979738674973903578875149164645047855292088320
104 10749052113933383705626179378829677311617994853771738725959362883239056683952725118338687715402508295870106372737531011497982082053475221548465201214385182547268334268470631191871015360919643062938686835069874056724480
105 1357643257922327225045753566824590917752360549665918253149445609378486739454162828814888727323227763106358164461480249070887763136087361976512230037391636900675864837115992461472921459785540862558415268060417226568630272
106 171475139970037153725767236762063380097334649003488596309199812887529948535511849611658657129758660335018848256717949330277803305990218444999567642649712870026882621300607912803598226221921864142124822114740739205310185472
107 21657915992410182849675477969177099071105232533043908485156166947387357670985871853113029047517087509285808588138325112843969660752349802359984517265255813427151473556055801852359740457492038858064631642288890035846621691904
108 2735471306314485363313336208425650837728398717438901863331740497040416045986605469383721824318989829384957054058167639154214557936340724328994938128331189100289355781674933794706764672502922867085374093768281465990197893136384
109 345499690288398776959095850165868806502793000864637247031646099057252655338992413824883632227142045059878565810731387939969955276781800535069630669378073159763381863154197205270073958659128246325405268169055576254542409887645696
110 43637831518769371750551651561147035836878480398745721858658543184827137058305764870518633308897685316574781794527011480280192638960404672470767824456019852967567709655916515762284064310681290595448791606377301097339941145800605696
111 5511612291377046879750587245554082595280550384441839447913522802648121541151135059492279083400223599339931574388407583540150917778015753088532143488332764896517872262558768354448458716189204229700236494421626361300599454513315708928
112 696136104686881697518040308802892777250552389820353809466983448080329314826879974919565945264063617776315817684970428223527126381552421368478008407373840696846449524751696017507159849804939509460035795200690741440953756438586130956288
113 87924449440464729305960732740970664855417421602626792425100973888629765654650163015936172856757748681674817696739006377416471816458433529464735810493192576132492783732594063594154920642772824615179118405356723013932598039853384209530880
114 11105168597577725106472073694104907873294026855571357018251275195136025618207123598914179631772730982705728102369377360743260359488637247102350863290443236442043099826121727602663606441114420930569344637166898276484719591493657172786544640
115 1402622027950620264559979570044478352169305021491019753950689350328227855019714916978164238721052222072197249981780760008446764293528251355472975762840978035551809731477401028453110389058920766811403046690231149400857314792168473044327596032
116 177156117532644339177945967250409455947632331838528462867755214775861999635107077025103969636051440511545495597665331654512445762925394241179812532955676623347135822060279791646272243241017052781979028508611183914278593005994136415644556460032
117 22375443529213551255539980331516424772378826291860417551757662751970322257322309963383535836538906587023143789836229353637646136244782388630121262503014132673451301223171971208774882090448609703055510687416894175464923886295968255356481006731264
118 2826097569206259526203895264108830202353403129020089095172956055885635832350769589289248221338537654527875175809762357095449990206974888526834160517168199182691789432744990243263495004392771648350699426968390242925116918735219685798820432517791744
119 356946107470266028298848445929933418398459232936668216130764828466118183525513800712995227806506297621788784789247197303434821739889760414910827953847890883598837284591426577502013286621720876836262074484691939696023527180920081762311019639452205056
120 45083554448532131606762638273627140436687476332134216256471658175851313142796709338459769741561723033745054632103840412530077541807848409343462858203803998098895711143071540458326792174143564226558172388664544341430697129179110469129039745842734432256
121 5694212205082171677147420640671196351556373976586739046784852258692876170703526031880100968340868068618695908043416050392609799083098758774256827171405913604442645464775559799618443950101658496548281112496002415414408698660836502834961920016805619826688
122 719199118905374099533281904313067553633778410937322371646651209814300397699660840088706227606592097534704957848671829854586199702324425476243401909877784243031012238812399575603370121007806434467441984808837043144280831488664177183689821303857440723304448
123 90837389616884180005010949148555036372775543633011167256972551720639385555733859952816165795263156707010589217933541483865167832079330492356921490892019228266124112806429998931187166065507049479350475372696779837645952694385900219235065000225817226578493440
124 11473083233150162780907041351799994802127147151760938409118528769999929502210000997874713658442957009239553478044372398169623411066007399255790002321157329367327320660556038391685095959412150801124920093835689561567969237039110861930527885187270801139485900800
125 1449090946249788314883499627526055747587581413982122681438471169419752052209810118093715817828445928532672465975779443790538358176032265439395149794188536518612196956465008984222267535709019883093186548940831946869723917240756992953028318133736189435762328993792
126 183025306086491920262410672262631577441393699943442824947875745053510403286447294740466929301953555353892128102425192407495411737409742554707748138931928311652011741948719707994977510419738278140526387361864720866514776469559535099288108183135672135760180613742592
127 23116742779151809101284551858135019982419148798087643514406574855094192123367015387090512041810860810413355552808572224604611983146736692981714420972899227521844010073848700174760308305497182680736428276892532281029464408945259070946641256825677643068151487606554624
128 2919726283451396463374810529878133613490137856078366182502389759012157273320303232726013532287340328002175574862559320164181643555591881435917219770687997510233444854811186876748286111717344691938074557422893875317199213826059959548086294519315254015303598410620207104
129 368771744865592745209389408411534251445401306057485207508769337352651871029195759811499583146059526071565513914232153453436349262724642789404428510640862389600303873120184269368084122910285247077976585231426995864277941458993623671573965634054698624502916409409631420416
130 46577174231023304973482980116691274245252532431980863291189701091683425003996889808309968127963658481766060711884122998060876736482740024058487253324276409442724994263706363421500663520251156571058575152631721269045589093180522035797680834090022373802608305292636183330816
131 5882861660504387848594689666539727572533417404209058207555600655369179592051988915424333963255285747663482773866766166685212030943898784983751367872259727060375859538890618649261334570534122129315002234793386643776382057494706010497664374307221050342581748360224262951272448
132 743026211615502314147476691422046882314018805307933460033160789270419902666957115582919753746645747688664393329880607106653675948923627923074556299370622985727152377351832201931362171358251708659411072492151366932216694731420364086578692512976657552673893511424110035476676608
133 93846835606253236720757447220349846537556661273635099735971144627869046135691405530343959790779469315318765751628532471833825079946785684209575545101687351508670609497927282493984644392162517415384327143169326222533234459007278459712250565378583886769556456970518121924263936000
134 11853186893848965920065150712152029023305954403154654020175249497712771751930201195981697159022583396309788851146165040418678422846897857213114060737093856257454912238164399028281639275142601298464642974299482795279060428111226118657065335654347466013155167367101259548271270952960
135 1497099381485710745215908963858080772450934861016334571657236304834167087151478843170923233806882495082275677816412028190641114103593980445830640933967229662290047094537829074244083478245973828137049795083938748960061449955396797416256411952608435037868470840841632693812750085783552
136 189088941068497805759108489950966076241661883646877331107704460211412328395964904543802421760317837860928241672682879741210870826048818270152667201168994017430224352595800459793870188050487130395500537377204895345932509266395251757600240329416284962540264179979191164100134897977393152
137 23882601299937215078731008734326917625573009496788388240477545775390989318432618392072657418180484736595973568979974237758753006485404214337936985344941023730085475151954791222631481725804838700640933326737682802972267713389211347624137333706407418260814741776995817159061664599044521984
138 3016456920371361513432186489885756980844045862031535129227904700153803927404301357383013515609884719691322077889214209873898958070471160347516502604067718878510580776767279584506627924539920308892972473326553532125356278534756926844818796224178042612006844707853438961494413157716369342464
139 380989166053707842493745178276874579503412743500038842348794108720979710094039364897663607959738366745066121700415120994211200356126537219139586458978650655757178583962226626944158621964116591191043599070119322539031723193742343348083826414410251088203180143941565423642045134938384709451776
140 48120277690698711882015623197649078675783108908698382030144085366298686019679403313268878780996532789516717847354303493044221271592146050119936990888904095933781586156191157954041755729069795074015819018886619645915766327155694124480281771606787147836370483503369373159917013875038944940261376
141 6077761079178647092870707282189905204091329446865193496659014625195048656645288383012381453619699311471273857865835505266196727071355355549030952937518274499253431379065704337747756164464137686632699368704140394648845169967549767333259866720478397898594350406595885727639405231557503324109406208
142 767642696765211287032199000128362766377660658259322222132919181804913933499523305036243366654811177931262975741726529345281670603542025329644609954231117117086014742949218892093441080521971812525209210442375542931234813964425486371419982521890915465174878099255188526989135839716115319354470432768
143 96955984649630420683657327576788416283714668524299041277205228428065777325583716686602364520251465027542861611940699560032343142658263836810972573633201363605279955658397533380947355798793909473192485287096614594538826528569710918646658341690792970296025725150898956868907622386534227149236794818560
144 12245883402515539039493995834882338794164969227438235726277192004204429035747968442965737583510153551632366395246960542083219469337976509517630003734931007580988310841712213223961493391301371387571036733140901487668397321813592577289893444132830967118535060762506457461378195535600742551100595497861120
145 1546698337909945440920484509982330042170931874338667108109066147895101789758625949637725832193762808497313049261393162027649527490975187353082746113917774457305285536622257164320370998205777250174005824559621155789878469038839987781393449204825372631176116667466377163589902526388668886965135422166925312
146 195353464495829553942447916307685550390771226569212806055138680680497417403604382319353454613421345771118323705703803776494198091044490853851654692130157104534742471535604119358175692112337253018428213660546325906627898274782526425977326086035694207763927992931789925391045486661842033611671505250614771712
147 24673832741097397627521275557070040141286464087990682929893176072339963022732716750274428677855934476700409139763400447861667927357683034612513089871262202429732604759031498105370595452467680976909276205414836419251196703578489347422078873326186847810386307708567253749124086291439290891788219804253991993344
148 3116392246776082460426613128856875759977567750830751158962604360229903603927309462571002466486702235273140688171793342361875005440289067692576012626589183393448666051296746044841109037861811152321879544055545424017110248885946157425444771499467910691948209555596046421792475470643746118298056328884746478157824
149 393611350845775858893939440407313049022962635848083164957429292055576838258659754834397890901895452603237352891140111820570678950542164704998043222225041606926599961837118123656121833128120475018555427097302268099231904761431816717257428300419824330540932545383405104512098809142687296218148238538505682090459136
150 49714504223565540597847074891908311035964555265140789189858349582060312222437114687318172395027062124297837995507629756711020226236562521904002941136275058472449944197738311794092501692605801875816618469243582463341790603075596038595641464441717337449937078564851637447095265635626595815335819132661683226134183936
151 6279117522612571915991699214875636890940330828855931700716680768379667917667815855655287834694148835994829298270757234755172467264753135427748233669363585513489230830646796823131034922779767719841759419759904616137175795772775052972048766533172289594066786077636112565121144824548973667655545976075578963984245587968
152 793074726954453020806366181667932357542957257935211690093674586347724623035405844294092948764127555848656782539089027926390394882088585290811350942215678095225367087720755771870975443751761182966727449069379022771982579279747047111681814140420567162339163917331157346813563431030991708948387245691963188382138711932928
153 100168139912785665398642171224751774190474733209576879003005970393561548633554802777844120244885120497275909612244567843281729913138178778122583127479135051678666956891167659822883003824930986214654187790062895389640093509148276863326919515385397537747297269101234499868114662293945250672642048571293530117026870324101120
154 12651589960656565412907730796186164098679704642074976934092954577332935447736330822537037941945817263802506088043533217506651117713275454619085933956559922901916759780868593879151073910746953257430765959099347088330721507613218312705708250735630967183049462335488402543660077918951521407155787106960650830829130360322785280
155 1597940509546741235737812391390141459603548228993713222217434360190574477096834065766894217993139193393982074296967161663591205295993882954629772230088883155538558392611593099154709394698666011444486642175055511872044821842056041996104821164716001400226835679707186667704843800086563471758208727705892895596616434619957379072
156 201825531809915483122657597559613966676153775124555513682978129514262344858282970238225697221351743928165915938300338618207206701877911849171588986218935397335842868018764677730464314948311801504129676190125138568785615213408576104564635640085987302534820773324468946698421978664007269150238493508661476101499894024640525238272
157 25491277708398137789397237833474311704064046798167033265214491517256678634025940760115610473224471444263657498253034659382954334142429783609626754803921891346982067090780549622644967836267068199222900627277951532023369971626180245419335953279469050202292086365582646978365531854791686406279108653240971884917253613037910128328704
158 3219638434143600976358216727856367336053190729198709239110690066806870373860807726058397195673594623599006393151067513206601149947170023256735583221633357725443945113842798830696081043521739715943703137169786227084077986426801824051770167938127171068474683411908603883872278406408863503587655556875759278359512880407934623163613184
159 406651709074572661228517422202272499698391538719752704045749158340874417665952129644758589833074742983164418347204737784203738029761006185405028425172846098768311166486009829209213464540111435084745698531260603564391142035248673412909832533029703696983406122095599199382378207657702128491564202010808439418417882449549629114858602496
160 51361547538879737729649144376794372412330394710177580320321464110129815140017639309787071723380702784576728838586122693472436471136601499037394542647898633475303778928155882049468721179036186708996362930244169191582697658598746392762721654338703745416114959888228983708268850868177374663296985504029137652917316851745879918436990058496
161 6487144912268989342933098713535734748154526887544346638731849808033158705253330454806467119644697236336351510105186878270881167230449226903171431763016021186739524111420609059990430701911384777243864547856751183198395197582688223623936945649088213868743775582804367151945332402484710200599057279942390568524507152931654670176181423177728
162 819349321219757771528661041297126379996322276984590350352438868439035910541955254267679753441987574251988798835665130377497633360132710728848669280318553909301445121449327026651332859531318975568413980537274264700531016756791440149553464786052660931853823662247639124383753343175497479643332431078196148758774470557541556735138655096537088
163 103486713995489820440950290449409443742878119606005165132922715583875823900066164322675133336298470214686938590392952760045976362905237011486887444598315987916875224059286493369401281060483253040003516751838228743932064118443682720040097321359440030678966531504055362923401054939775449596296027522289871724264987636776916235264804454588743680
164 13070737591679669568439018497031554052017715889110261632657046444417316168558844826541323445146089177509656910610216356936561471635774978399140008865891671412426220995130149869282628978504535401290541770722235634924246363792266742481120740302734374839370593768238410056940234452292104679506321356173962416869093916794276025538751431429261885440
165 1650880336175268017336273812071933904030821632365106520327768850320591352027971532152492458205248469967563307349397615958453595459210870394697036885418768936351523356768000893395341287763377355004574757823346964377579140494382680249328189842831557704578951030373776494102757163449214843013187351807884552004819954381644552674695814675033418104832
166 208512018947198116755372275886344607263948605095587204173821526041216665426835826675165513174423551117394178251229069516339926729432483122169204288545237087389355989776980116090921931411113689230303453695694695178149085062038620341747232401279362196189077647815938609244349130486773794446080997924345821424791554404390919263072695438501812300152832
167 26335804656904509989231456511469646276874380365520209497100403527037097851295065050953903891544257389689901391699152577854255829277647692580117736128881533477518824314867456010642530328121143093150037088558532265188305335295426558597864107070684819127953605893135595822796264279698892455804820018628846992807974995591804097208333585833705749100888064
168 3326305171416849847900483168416601477912349887795896914790297872341152474700449442445482532578121678799884690764264569371607985021254997578664703175948318646840509472458318614999371503220819725890826091052947190964913052253904925583817669988535798299129085537292297329546097142762914240512277998480627863442967817048124899020399875065429893635106668544
169 420124094841116914224617380321541535994578509298033479454918379177874330943054226850751842731611903026200005405428997378163274795124267831594802163306088476966218397270666474126440632186332694215777268717366788417299462100823574369858000284568939366504519864255301874872903591471272018695988755282785409860069712242911939035209389883080213617418338041856
170 53063157458545895597006723538137394683716269658493214765884983460996279765792881928047748201404020914209239787827636784258010541622287323290383705417308716507005004739319752954216904276787484819414846240042581437515650069221362056486700283013292062646426010986363322255696406701696724930910212260289017934402224849647190293222768421966152025262616588845056
171 6702064256836493893535361265790650443871331507702227104539738496602223274982646533015447981023865558546054354893693088949176902299644220614233661592943273941299939657309878474108452368052754719344474802519053167139021031976570499300964572537695541508727588381223376635278289624893311922555664780084450411632190593984723844609612025134317645576084679177535488
172 846494393739309089546146355552253859354325330429837872221294461495527960454610037193796422858232867135544184259786082248811385039449250316673587260123494820899190352432958946722489101491556849464418514166222891606981999780794257743433891007015143257253921670521172793579295735566089543020635844102795847374094723458621501556768989956779411159548519937367605248
173 106915232557067042894101120021214649766665949339236085023302345097899698864297810344888993217160415576395355135919554113758809872036582788229870646841680694627024602571721663653017445328367419575081110165036708028851647288982323075636454275571692941197928209460594155940352381276140209087199974435847026871774211610223221332867822302201950764110809989327869706240
174 13503771598813493245807385777293367695170675227015377699235828807393769371017555231059599640412968766954099695357130848017938746224010351367412754408930771501508353593913468157985574596478818226791865846627529029156214650881582066574063879051613141947785970978414057914930177401103824909224147829588843413915413706851988507762275804673302138209237652029939751321600
175 1705574061166540132368900712443795958481020546759055408535236377653284523143309836587280744952824908362755605505314550113399075159600093550172671631489646243338153894244323392579632840620758967854873768245303693626981873739420365046154879432608317730464274741329106282951050664686024802898730926571691150526456644480303419605247417876413543199269556522328822846062592
176 215420029644141944829449743343315372228712880039936728381151588852117698502924250881006755104322860914143259337643217502345424877831455146070710465882595604368782555245071037210415688687322917604017735324617657279979164896156697587750897876094086685745027083837089406615125807489112389862686170181174181275599833247325349415868361355744405577187345916623014423682875392
177 27208310813629170572286147068160587280092794340507908317235464359249235292399421302775301036551296798909342528773499778628300458736093057902467292229484399729702820001751665005641668331358979317036077526463768199615595208847891836727685337056262335824521103080326608087449112013711063932807365777046001781979646570078714496501047977295747338666608762074606141933485031424
178 3436505781537391494838957141491584265582273168828900976369303571215015058684867947300476555069620629155117735028594465942236322379346509765070394036130377977632899778740419121234394451073279436660083700928881712141426608935632587388063271559570218961562127566717871547739848768046847508376003438639550928897595727343720864854680245136024685472756718240832406314766412283904
179 434042821233292964014971193568540846075924397016757810240719544294636678313388980469820087467100106057199892080451226973450013505211365190119169989833816357770508593932596578335726864853716294580141274822014151953786450200757269413943205852374822154008691128875251128808135743239638859947440951065405740216294102516364504879890443791367178198338538810309780638435020652937216
180 54821141776131322669115323630582810581964313452879513476383465718652666371457453289300765759917782922416960299395139296252728497060132400095033247898318266815113639410271013413209189743020018459410727942995829221552678717565481839565922759699231546366474815100258471029337551345212054823763434457951738412447576993609144408214885900891668388195002342688971652391098747627503616
181 6924103887029492494583320093842835126372539410995273059860232692383751567072254708792580807932729279306793464076285734866855136414577035886139059437006854306562193509037207604320140098382620543099801418644263899044770276538495804547732556710425039152090606660431468613817547683128224749420885115574238260828432132888860715141296425827558482682665766589128039737837725805076021248
182 874538783489019030213049423348528190828579276924777994184935445766012139450718011987199545046727652757906616241723180164389946167381563653545397318367652388297186328012162128361947714042482559478830714775150156867460220145230508147079241422904390803649848740453099655370474157403810537010818169325401484971881223962846562643297633763156650275611349264022114351143464428659076497408
183 110457338062061870084615794645076444865946139896264428529565065809236432788430710978928160589175333907995318628387009121333303744636193881277944141797221925388680645226066705895028915021159622648681908964791135012877223353277437817021950177798207894893889814402777841557252929016922061190338238908770676894361691552426106754872945548251033239988961253431907717697357734604689951948800
184 13951152038198679961199548377498557917500122473666068677147455486276084590704375542574736080085173970218274850045705869242806693505308024478106748300059586434985952684815117086035709506035801279533393907891073043251005655250408218688341219667158674798138994018135380871569145968362241354824707013539984908997737765210150770066377754171943078559392522266632305688245376113004785707253760
185 1762079791236479146843026983297673805925952723707746885257842865894147060105861783978788120972937464584277321409118205854098067767968761396879663484345317966899420796491266777304822317580965568254832137075425031940539281704047837368668915612773967994669017166836184926946393657896890579204984297926788338506174209920952602608345462304364340172154675149043661751356434479305812600634212352
186 222556902984256355467606959409923564513298841899050893424876733242005966702661981674950965478725969166999132600880919798030989486572044664951345438174168795102246638527605120763274538375747463331322540463107412305810864836148820774641904511258985890807946319297116559715149783685244100242460691232175402387537403639124471937719598382812242357314327927564886247952530791622867572152128765952
187 28109723130748017368397543342282040240510078507844244731405279443606641393316538039988288804394649318586148948668978391718801468977136325867429080214546694058599608287944956064858113348523365273090497843800125436074941225837807325627934625631728306700397909697710641983378677725985563803429753856594194967952222963153196056139470961755092195276959102653039891755064761590879907567575744118784
188 3550357341839923442399948566406533203911096258996897677699338081390189314135552357138574075860323505510216683012216003808114195234593152903494083978435276396466073767115158811691136468272030659682107123271823871775041115400850995429777077896089985801847937447904955920423904018646456180605792117536284248710873395143486240426544224192138189887142955897895395790523726030031567217864873569419264
189 448422675532102227832560616667460107229976930430679837720702405517022493749433482969097520790090215276329679602737744702176706940400485389225980724595346302593826617909556673259541011952167883273135670819209578592839788844963172772951107271034966746129233160251751024032853423953965250336782158849112909654762838278553057882066234577445788156321116057250467529277346756236870103762933917287448576
190 56637368177469317106497990291907692637882348711422581660786955396957772242975999339782410024686759274656821414191023071878932137578436062344428078060410852526983213475646975306944004574224863335650837973240763538138303707867121187589609151278282009947138349103521006230406104840255501467664078935779910622945415532161029594968643379818147918891464183051237244149426701967226661426021680058178994176
191 7153499698167183335766627006044857438148464619483096909931431951663591473522187005796481832365130466431700265798670332414832186039122836476229487329227964153698134442697000810350550370952629988777775153301094637847711708048567734310728501368596856424003361878763600243844281402496091817579433479011927452977743063801017242609721223971306201367889010362127677131112520297499938899392327929405277995008
192 903512284881110204356248534138758996415843843931288040423883266546280019686191877224213677631257623742430628877995096490378999859875030719923715156726167609071783808174608376278840342764147692476991602734432642274251101472140240448121120547353506521492089825645453064125506088940272688749919367599897528921069017594638540567727701792733827056370923609292135971502297953550304871416011176165798542573568
193 114116793650000377330581109928036058362650713993982378062432100122384771964550040776452749633298522919243314497171990262833863027843885174811460135709046782562194677600448034305913331331339481768653292280122849021666394667082100157721024679007164888270244815783737376473317948029682676352238247865434728577284078817728718300349097889453989738569464077121548624845503058646695382223789157870124683084431360
194 14413354207652380928390942256668383532001471191793900490225615082527644049594387502718615640958049618753785150693897327914985029313636659699797265432575138854450210093419783665234773053554886672534955996368150517845403150507921199750998414392406268197178023378401641843024286629361488830198786865678111543990075342475889870201255882467297245653858311643614277339420577360664185317099202101031556484085841920
195 1820457558178597727650908232615878696532195453941186706785483704296099465556525631103443627086831179357530580530676898733601789998835489959127040464943483451475399939745726122909975992340483561486951504204067939631983435236375813076305299884643698425914471890865292069598938043211673014747412793026368693721110755594393961549126795110562884672763617470878117856149704690461131838197127754793693215933031514112
196 229930221195151708044810996688268156216415880722077853326773605482247479613058713565997355362181034955964741662627285677738704580395803045947655221741631591359789377123496428513786750296601686692904687427814059887994256538856815499496527861739228086704483193659801106569513186079868111576011247966750806977381911691236626952290684045712909798356566671619515929407909640105246086219946984720266651132697365184512
197 29040999270395918386042117755330618317728774078081351212761968031033998261663876010300601191816428551262097614074030774595888777059449640229101634466731285516536029756576834691221628897610626656147031222320347824487741931970965132596506099405691866996148631168450866379670120782536350318502912366166264968544715590440768299689612109075016715208958833671655153133566708581813161589634534061451440697255579189510144
198 3667980808435458095690900328478735031213737441167247141849928088767391439396481000161679756027928487269200588738262862294775816288566655584493762204004966247225438751939975466029715679219839480578132975814601951933327413221364752931445042440103565804356996984949186523595007274167378817606186098450446131983987795594388944427999038805563021943850365426599503060504611467776396361878453562204564273398894070411034624
199 463278934921698239874409579535227836953761051049069979978886057750446492993570681377034770328614796132073573091394506814918320637485240096180983737500604007241757635427706457421109295825171501608331432304285891377209881394942051600492492030262824795552629091783755028790688347994387367208904001566478430797809862727042610192105891008073820272736093859434532367937344019544953411449017459158512298042052495209645735936
200 58513766224892095922580175938644634553602672396112533985471125050286863250439350825587364078537281995607498789306220967325174753322685496376433538588683034161011990454667534101494603047450801780363326508697580738149531123970773123552219754113347408103305511873339737830568915873624992838780730984959614246698381806883791873376835494389008246613127671798508207477346794908983026281109369482323808436890685640923452276736
201 7390495400789185031227784773799907660926576731293768018434747175438271635617524799419462341219849082928049459599904390876898633188153092302208362634327703865898761849464660666044566301951599370737378923012602333773454993089726464001972449707160952336167708649523182855058526301322661575615476966362799254464478474675246682893676739204060121163699719938301089838147474255827933093111688752894178411052316306469375094816768
202 933445679417755155471664500315309479783708621294368925555756592279897610170752645932202767812650713658371739700538618660725890723256182914853758704294066259422229116862810675996771091329962899279584473433929762357080768809682087345970739717697278922649683577748446173492912183824439658783054982522682366851737502679814475879044806326892993688877183862130803864962814424038944924183198341272212393426381822854231255813193728
203 117897487133356662209613283623584254186083246905755762650533394451691810324130520096494411942676124139020772263076748588355236116788873507935671033670840008971072883759194192604117633672344546324796018484691851327257545899196425070619011279227727630857615846402714609687121207615911885797038015031931348446843357087218610716232800652128627788804086193805778542994541442967413404016384229107035376380060346800445592960940113920
204 14890869151625546663097256687716187466438650784422854864104660009376228584531059940588710374063489416176740905258680204232397186153389951900102179464007402323409748629885822806823676116085650714457123861714335863294649508981721467255439228427782989839233428031763236756529255034582581524485018826056330825119520166115864446026276707293879662803098856446220791078733688855594025199022723580820301326869530963109696310985443246080
205 1880769382641889564298226207091939701574070312675754736089033600932517627602149249034829937464880656808279060190474596659924763352124300890811213032459026015699685398285237354517776526315922735003672627668635240910001865562378084629718795490465445596089815857826719366640944156243978579900096297627013976781767888652454228044734717156125999786885509965480144717348088994241440825779597997512911996859326480144386596613521902927872
206 237547817703912154807447267640217834383536382390291759818256286074845676674044399018651327534568977850832767122299549967780057336170007722972510386638513501953159065394641432333602365094779252444402675212104460425771524060745174053114271431060372472995796876741979425727302473142572174950238746231465152115769626750340312450090661462188145222093976667381735333308274177856554868109264826076597900580468233767611599739434039951491072
207 30003128622088758463862761903061041988503024235990219288834662777430622843153041427633881752075207163571197620804831545029449835018227998901818215864755480795589025663072439713712386325397990325844312918957406971895057467306344426994235310950515490083473516890859649545355172384555849300897946349891955427040684422395725763263426769455658626062175664078600066283117881275899600479189316131894111868109664939627396892353963510940565504
208 3789501144715321739527031137646478462949957254942779180202783602764825373466927771356837824989895731880410988853022670018749345240587465895612050458624817547258859269965046121673865444243941703304894370347382564351738360479778238014270643718509820857984040840692519963008533651647518836774275580106992923262525668689192034671512994354176418610174731108997205922002614100068812368502729956606756365438942749303605754704774069881074089984
209 478627382719895724006349661728762836841227516878139771567329613749285848008909021247585046866329588630533003088505578313255042710708030290543449496503625711745125591944896397380977600713163054329573573051240038249649754298023985434414304053406185472669055042057827630679428127145231027616150732496959361352997647838991716426218039200448574339798949521684325906849179865634102197335158197161797411034533898446526002688498607650867611959296
210 60452329407201432547327608245305874892255687101585530844358571087914397991610270904616794149397199221386427319593517524098877743234955965018906038456037155790871071988241270361585642991994757402835594528401195460830753309103786515860460219156266558964619964357823627528303887306957404314302119529477277081400051024255489800997319144225429678063650219983029307540910515940367879158117915049216440145130695491846875819861047305497527552311296
