1 48
2 8256
3 2779136
4 981532672
5 352524959744
6 127365174788096
7 46111939268444160
8 16706602064729341952
9 6054323596680792899584
10 2194196637563524913037312
11 795235812066308877870694400
12 288217206659172227898589315072
13 104458823954105930161406877892608
14 37859143523108398598380906361126912
15 13721341719132051835467032964827709440
16 4973045400100589311022701701801556574208
17 1802387987864583726310902069054225176854528
18 653242075849764586813879885987267444486438912
19 236755467948036183453861251684733155876855087104
20 85807625927245934462663765334077492538241269628928
21 31099381715323561539871011468381289454638221133611008
22 11271393804295704535802598541774134885443986348266487808
23 4085107525983426689783362746955669327377646807821565558784
24 1480571417246071235433540895431783121083360262141177074024448
25 536605635870626891941635836936095455975575325166135069556867072
26 194482755167828015665745851779494627762962828225144254437385043968
27 70486665680150357390090446722106776958741853645177885313151358992384
28 25546583985912255936388383946523376913959101158747475609586182142296064
29 9258885309042350905667174182949387145348297547487051646510850827607867392
30 3355711167226003003000361755269398815025697467595323026978776413074167431168
31 1216215242114292954514619520971145321987492484534168652252404752502171293974528
32 440794645736419595136191704553250257940458302383946758843212745673652095097503744
33 159757839716036607482972078025207361894956567259421339306130540010409685505930166272
34 57901264449560696238362634949659072258013803653589085607719395212471951760165357748224
35 20985238851608167461631009332821694924615801649451868648651607287364858606288261200478208
36 7605710407976869583604064437027900215362569755027258205235412362766139300345393861795774464
37 2756548601569750016996177351116263911635417099512017855841531173476213447207427194534112526336
38 999059888586709010884581471670371921775472712593220594284601161719703392002158893275886328479744
39 362090717506121790653892585128787782975217229307562935712656675883505106894572167502404082150146048
40 131233061402924099594609882535074751648010716154063977989179468948080260090988124158572604193505280000
41 47562987871658091848076790950454897072415291061490813515384557275604976071404971729105155148863888162816
42 17238322348769714600073810820521074168219809630795269727457204657420941179471603254102249958437025390526464
43 6247710051394089022982055790895576015806672408541611159793863182397153542101639022008209451736414700156485632
44 2264366572137836118082206976587989807680950391437353024184024567097458273128511679815472623232926159164240035840
45 820677645223173646449651160420361458632660734679151826623374053832459198073629131193698654280236307560117301149696
46 297439383559339781776515948446159955329411032430630689883886140698919545296185422731984166738227934283727576718376960
47 107801385120099890452399960751917499865686010754044311352793965938206587915591789334134992233855970817930672277397962752
48 39070611614193493329365524332571483089437526814151877796312175536657382903554589964333732119036387949087785183626196418560
49 14160418163518834384552492022373460375187209860442181974599998289968629390781287656684047593501449864386376770581097579806720
50 5132180794755476629882696067560080470268168239095812066748147347933096100401006156213365916219467458713419550794690436236574720
51 1860063693451811147291327114036601713522584860891680681052720560403530402678306763897610654736805850169808244826558725947152924672
52 674145569312983958917749462598653412563809426867167930174083892038218163149354409144679496415248494327495887271530710379033448677376
53 244331551776563567662345284134502957282925762654252534315588686501985771040540073154550777572896795141968781717858417876869183900221440
54 88553436988959513865085566242111359236351746026524866496604723453552366992369406016395185408650441936428797926861854936011770857762324480
55 32094549989715265102197471359805825353395895630395745840822093811721193877510449166966964622990822806260377662490845603915542051679083954176
56 11632074079414397838350551354967974725192375434638855346243600141343277047428373151924346793067839289785246020838270331413415155793763065921536
57 4215829398833851812543944628301299068865969373428213148142833033947220987340343895235687183300102840862153792223046618415047285680985400923914240
58 1527949134327260636775832014474860443510814483389840724323104022037117648780032450541895701537867470162306853812934308769331307783995773203781779456
59 553776810261157862022639438290003293015687055809493552532366055120786463499073660016438350478951591659172765152772412331633820714467935779419750137856
60 200706128688011167826996288150273505551387903797768760851078649144780953353260800125149416983980501411134597891317653536625582163994421370650146201665536
61 72742211928179692027962341087925817496808297165890150391243736011355055475227145496066444414532802227219723779712898921136505172800566046166082066583650304
62 26364064868340426604264258818498939436948569498439395559850706071519482446460695300707391269735846899291456769528080334235105366013367102158506401885277126656
63 9555166085247955981127234648789348044685519654824118299551828874957229569492300909194124235708245622820235732005731902009722914502290879847199239727710696636416
64 3463092636610554842510080919917772530801651983967179111976590199033552470206508932883799896629322204820821963912360231834361360000711182651065813741341363249610752
65 1255133663062333526716918215683438285387914768531384332506242647590076390040220707085623891422578106891324874478147963414265225612735557165856068878913461416869494784
66 454899905217126869963411421400312791738526245643801651614931945908758132863783655136034980084480661187545441435101542935614297481978693439030176624736420622882545074176
67 164870029269762386821940153672241893859970824299734009273674621959277800578664811282376352082616733638456826392711958111097823337472060200600324695142783933971312389652480
68 59754082688669915655249391599682470709874291091769691385800719585116390189164905547007317417199826271634680880642294201845090837019293981546811754997006455327058504819146752
69 21656758440445369537353713519228463429980824476473365574612780444278299378788936413190178006168109126106205722362632935574073824553286209498251627980646768906704165319468908544
70 7849090221859143506146193028885787460085913458023245906789184840809650119468460499467369037989706948683641195698816643305171985386844555405614982982400045100208910089962412572672
71 2844757098819903098748719719695804516200511404826965995531153202805490923914997562366027768031825462713001615322716312461556849180379401975670522652084524662356782189204986868531200
72 1031029421568987936870959065818543250043224298236718612168155038546785440805440625638469551127898112359252205620508079699390768302187377142106586592419004933358206102780730094756298752
73 373677481491076157438836462289472867519756789855924201152241799718810476004406505327600730529452975000275203188678020112074572802760029491558210913570689896508373582927801960256826769408
74 135432468998820280126598404507188118703052094212725053261310210909541141936168576460824318392605518330384761282933101708530324448546699239339990011276802311951991596496496804533624668946432
75 49084985228242721738449140859754126334981870964338381274309386479350460112199739719384913234608737365328429091235779768455806308743963097666137658334706110721160445669853472096253608240087040
76 17789942047632561037168235016848932111712357077214198419459785415100295202008370654370186212312995097649722830111185998893797044213825343833514938584691090826561667007255492840217148042172694528
77 6447634375084343614459515581429116994689609340601268545886029485491432700399219937619979364730843079170481796705222967779563024537099760182294165298147809534560829459978904844527716991115217338368
78 2336825433352188225990491492579526897089251942168016555583139237868895218148829056726639073495980353110110905193880995658896484841323174620059265694882003958158736972926731859828117556929402463322112
79 846939014883301039969013712376676019450233736583712996958952223246852561715066690540057355285149223038427133437288070629619809247921688578908794759994546088247624855800956083319021554221351115323080704
80 306957329672040445950293829681789784771907822413149662018327939156726553600850974797156829925841036824003045551068042968950758040908234252755592680567921934723493830375323391030344530965377595218788876288
81 111250988068335234974828581263620933025303095343810046448317033003535832878039118775253881632002203760764092795323242900811793050837458037969342180794269649894448488138105263284317402748417677819157631991808
82 40320856190026408009141756919617921077546803041559295934130773292984033135578830603994429891115956660129249889528462748061177972604008867834640809273877233193546338690596601166182448264998490919112032783433728
83 14613546109794286015234795230648935960112197045786056611614910037355421235070664547760965048747434039137215788565618826785261101369987764726333888606715683940907082784321149260527403565548984176757738040893374464
84 5296408610388286570989215630235178815341903225812888766999746056345034223424095892265129775527895589263824637929681678178588959270853396867378431612364574013728090913869997375552975917624123785798378828405332246528
85 1919585017725041841929213087354259115114585783089673310315277670442397933500317666853860730277174975733956129404250039211896331350528771364920838810461044879019247319272289383760351610743672239223150479793893022892032
86 695717968784948270443468595260767482330794490851120827101093741307626978634620907177464945218531565237570620855032127593123436340747036868557563274829848870286257281888485181755964292773059315767308260151479873975615488
87 252150067655708789331815174084314583139334330886093481197696032424791238236858235610309598332534978402585893661297659671357263502421279011348831642464231942390819457283948719123467806896562512200210266669868674602902749184
88 91387112984617300378346672220299908403665842695791965873027772352077603111619396793113921622357094158199181916365921975789809423348428025818743482368104969750580499770784288042415657976691515770058708299471770874730506092544
89 33121563271070270347569824901726438878909220012526805020963754248150244629834975932991251635100198169136094868499902123817518328122667358808956859195814905206180551918750491759748710852941103962169221992587778855350516949450752
90 12004295985410652224895365417877535948177432312627121836608610742364229430193055710135783635643872058864897538570314164476021149079093692834171460415956365287460810622175793084723800735394158682466482531962906614609574374259294208
91 4350734321505044106566802444174211969896285723938280862083494332778109060833602016513778774617606280313822154283550178028170891016604183483045298426952106811831507457643903418986858036153680552367116827654113498507270619047047200768
92 1576842920178498284828087890401265028175882926188456877710708345235586901238207157776791025937714796819470937886817079230281938924323851858880300529137108918268112116043295113594571851332129565821208893291045956462253619392940609634304
93 571497455642597141124828745562328330727326672328257533952546701825008860570780208593720521067918161481335550614083707424188215839949428090001831034356845088957582453773814620952613817351717443679046899603830071924001303608354045807296512
94 207128647772341317632981441008707770983829144682411938554942223432503552449032324820114438464886016808588511441244669721950365594792561908086683476288665814395456767035945464741175003906446108004335857095661285476654102095414219162637041664
95 75069934790451356258048649415604988754502237010497325604975070510962700282291793338760151590934628563169590862915760467930947913170082450495604494996890588448542016107784526285148871341553551486549770188068674896422984240205860363884327600128
96 27207704825247974121689200139821154252222877676479121192028845997931717876491666095276970478368893314227986809793174047502535828013191819426193525501242714017186983527099061860415703314194832734976280393009524134659110910250928420160952718065664
97 9860927732575843131315375971778895484166833128911579970122948720816273495662838719767099091071568212564490295304412170678070051504235916042168131853514681180391832640956066098886074124467550323872815122117589268650056352356811827362198599663353856
98 3573910271800999721755278524349692141477861551591540446008884368365764921673955307434859595152176474050170387145614374901072181084533562446501823184928237891488108143693381965598674904754785224474220740512385685510859505508167184723704791899438055424
99 1295297458543306111963689108009251786125459877694028005262055423913408264569751307136862783100234258311289534338330255450885474510253067043440469223980180047552071095942523318664553755633111560589104036132949657869315880357356847945419728121221546508288
100 469456527587430654832551088432224759414171941913597989096698581787919664719927089906767556826366860511547591991349762196296788447489407648239774972099759466296795258486908903331208473138628481859982278147488819207155524057189344709494182579782452112261120
101 170145806927080978382224453830379953578952285543535767728414861395891375661888426087709543229522030323955209588582290783643356534777070724634932503311283755021350726450435189589996283981229564125532643837530087217095489057592456707361998409837762821348130816
102 61666190400294310616390235858416335457545430981982297567412639363963897002481889307426499374172464766221726092068349772614431462887786793125429248348156032474781113080731983581010525390767412188217508184338884757766576596800365399742842190328795001326586036224
103 22349766398387197917668576479511144794181118010639318476644869065828542930311146929278259188492042890491797470660493691294889763345900096502561149334924376337674957448116966451768290473519862096990867065808585139531505455398033460218801688456528447721466025213952
104 8100258096373235153995434085648854816700576523328692910133250719304705401102346079215224480696072859081030274945497478541083205521566297721309114119123965251946100578452341895356429214834569516557437840268289701429165944171074245283553288703130007852767092355891200
105 2935788234126464639431274000811886476027560210536729758894986369280871812655532423150112682179987642993273035155940918327089293385673341495978077094786958291111739057106808518075524366407373297274513202685511908639430706823545320994243492587962652701820174838955769856
106 1064021967336367099641790589235198298397253124711290958169427052303231296545084616216033568850806241925521849217725428678473237938102393776389583652568880625085314772566631792674967275365876115118238707711768830793081812074318704481914710892875178579044618996041667051520
107 385635017476394675701872699009295716692291845944334449068475476469674765542285649925962132714829802051104901466083978646533537296033575835913205532332921261006730538757716794684442064472386886160205815723600145195371607967598643222347647613028069714910762729718602123968512
108 139766256025996554247547616767669702371922955085679436402121592735947598917525997913593822008592216049546702604122795173382118068792660085556708458722888205079933062271825826619025686535683896875646694760418905516992771092183528850232418674888799068742672187440821150951669760
109 50655685916075196688874631919604295800112719636258224306994735580910445546929621396064133037210189008588760966305241008515489799296520003987256741914324024143327585817524119074847688393057000513103070211185546060616013376711659787842593919898561024584999647592926163409368514560
110 18359213365140028882035408560405508794843274490046503356406714476709472322617997253950537941724851287906924452037238033095281216755680854718055918118313008984953283341543813399749668696686819838778422236673432803041166505408359397536127250945228581052588032740802121937583582740480
111 6653956200399067319500033792681003190139112649180206920830014563941509734053055227595325900847549407664416077672830279082241070456193219828162746295607206432487536507358957449906934594709322669357824201549592238160585255151981791196589616261535368966059652423924730224151424686620672
112 2411602950314723294503345546565715361902511677635857920086941941632711794162700387738359897130119199567874531000258224350843815383804865526918020977387830820982318163302791901219468864892168103766311213022791719893352682614822681737500974972154567674954452742384594497539209996414222336
113 874040738293088953072845747313429546260702045558224653539691396380481652567603735090311676470232932629006790271652178242972727357866665966424191317537498226438092549608335660522194764203316413330795748841014039221355078770439507705078246929994113253529452710248174250210657599193979289600
114 316779846407233005283572033330819435766734509465842774361440630961332842251013364349483191991284593251807245202192125421256458058000218969620719743721306047600267761551470813179128287368028770536024218012918784709777673888942214490296629039919065866974935079549467507552188302886654464491520
115 114810976986910539768420719155758335478993851989897725787196432014078678400521301260465570635084130968517587502382463805832347192048895803172958952477372417282297342274542295383902627599748145266163284627832005025338628901392583589127146324358845559960427588892290979437441830724611866305232896
116 41611108112425450687251632597064639054143097658239754982997416237815857273708474895942201250070971992123640618149747334852815631826308774191435304404093897245707337924196977585585837259773686619202334728170395157219147411477908409736241563980254847423538237293161376549005733550468246879135072256
117 15081173976434009272835881427462267460556118177157193881566833369059361536554248359034281544741072289714405112408943572861701675473430427918672240298904262564166312066726374377389883794663851468095559980220344637077091701209897139090231011556382796815658626951937160779932420307864854765457165516800
118 5465891653088522775497703555509861669037682407896053666532783186792133969568269707557865554843439610209597573122559048350470442074804135668930695900623123383270431939254097721817274935339446931612130996420664225745286239072660207430792612754021698915761201835731762645726783708901117560437971370377216
119 1981011001529938657352475063349926343568457621419052780223136193620449789518077768067017449399544080370102116148478103996621399834534319580842654370932110652126559671751382612773884673763018788905507195091355234204816492732251196700770446942373950267008684507766377638902600417650188676400383962933886976
120 717980676760241112514628939745188373647069027792757855016849722390388052569663818227994589836404230465175398133827736333365222181687373129016960322151891323500602894846574647318977969524508895835898882702151226794122504616206640537031234659574003677668071250108008650118531933253579580097182493794008825856
121 260218773042136097227356691980103787575637399426499068272510710811100494190998460013424902520812285874822719338828052297269961738860835111649291379866364849181408195027002128925146743320302192883940725713105161885293378542173463964970537541390957787453083267401041937598262263138578519364884639865291705155584
122 94311465524533535729228906903853854803086472996491926509516586272312948593488102433413536662211068801271123674591481189591527687252598263724515353601411617676258596129705490732972269152167759718163395415710477031885611076860169725779926913537608150255238825289918340215007730936997940366208192459527837875961856
123 34181440583247255430934842574041296797734802290035376457748877892854874916068965008265679430829850145762298305878921273998469511688984555805644882433215426463199529472669064922002954991960227987247034428498507111304494866140961963626084771333669224582009415085113545834291518233757874713396440307138593852663791616
124 12388428849535060100647352781484182275790953790759350875194485917539819634042214517926996289764481393858524504890445073962791061813588924270676638144905610341144640696731652320569946908485664238208040405407555517723036971325096588820745989794278127233006088185073272897229624808648138896475927712809065309549208010752
125 4489956149923407888223218482761740879187757352426490604608479560068240765111055746718734446272530106599309090781442346628196958466547800224275743720495688304835436503067883257278371993122796888333544329950728234411509484888610308053029433889420304969616743780359621744292931738136183246013379550715239981104109572849664
126 1627301288410889113725568442733316721107119612523516200638855074548098634280483483358714950217865948088672738109578253641772959768432624013250724250987284341739571771604359765924014201399581696195216116701686931972775825397546452380338605513126622227531662955765925965185807193567383378172570567491275316972762792466579456
127 589785154874822686777660555179721167777757404092902430498855532976649781577044427322249345756963480927954326416874763565550492534783107683621419785610991652502292618286390255965537971005800446639694744061428180992458199594173602995396422986378892251735001328458518893694065158128749988322726600080590815551760655541883371520
128 213756685002321640145784653967841143778216543192870042270961731632958509327359319811271354924130846586153006300275883237811551737884837225544126958447723325752999553183595323249916843818929300460102423044598470621541475282114038712675766170180251391994479064756665508568246052889161387267569227251867658901729087832663189880832
129 77472143890904666843462690276440595014180148562830394721945390935046644730946504108591006249952267331437568063304889948897016008192848891382768502696351170376614005341193037137695346547226572829488021670310608403132975433464681467741840148377869607620130495947341565486740650877177686753042933006889285020495606222677205911076864
130 28078340936976307844093918387404624725111687561650339652351106739062169413982477120883604507498933379390314607235259774282594422837216777852115098202405866010970504253344366436056031251216078934994511148023792654647819560451185266567565217567659304889914228212811825621688599239335166563388807753147568171632681190049097506799747072
131 10176473635262828749190033726567399702712370366939205936472498427489235205973167997909866158155881924723544666919061628119254845531849248529411507772738876225556159133030814703515120991371983303574542724685554998978491304084544026641148378550773757079077987401330070067112063345958970397062102846108277982339683169383916679136343490560
132 3688274028784254022525625794786758806108378744583515715283222692445070690382298512622714464057992983644207203177387125536291325593920432244675935228536461977407011154883550318106219458109790997701290535352492810268284434884417369819844835940096770202371476679405523304173759029409957419526236351235250299935491316970803564199251816742912
133 1336746480064270010222177232329454742240931810135857721660147495835814093653791626500898695542788399976018281270246491573737847246931134802179427583581322158648592379320912479910771155531010917914822349150443190342729878564187926825091978943437287916905593542674169474016525607058151638704856038285894971239207156436718685610025609810935808
134 484478956286558556536705122432143027042220888895363629290415078438529115768139123959529587190641724336672203305393830587815661161226465291995816623242264747867899524091043582072732222033902524113083657718733332568429308487415105049471251727413289700743242493235885509125221256723005543656617895829857134931095140944979052369628747492189274112
135 175590407444520010561972818392842040341440018759992989124664136156288194324718539013570750180239660466478385864363516487806557985538603069770774967676547658625006236383886320197252634832537900451451466421717417691808764739387882748976225603114358006484320907172862830775480066386867202990373806017046920541293274392113048988010438384828012298240
136 63639484824798271394695022548135381368585232925371118765169495031071719828714187913992738374551144773442558264031759633149920169245872805007936337053308730488259090663139331378905333054345375962573476344340234867140081587825430859113036206917634060230788330643156315135681097509221270672029477471842397563971024511040719889527453071414310205390848
137 23064950344997477570760652711180852167309246327077570215022833135427462848629047500061539402970389833290469984960978479180113529808436174480227949886404185467287853380691764880476460142034278980389724539228898833067975148096258978059132161316027685015346908352747411085672555001448007446305518603587577298087254871371785341656599720451030061225607168
138 8359463246470201174770430997842720912305817601237401564598348504623358582945890489052561268403059173568412929749073273805679415103736977403476104292406230386204563213641392824522532794902901521754870357116595855051779000348842735659883393278820982263900109211935405821567322890177695924916913149750189283151858606578998490906768696273446524362248159232
139 3029732330823873606699439695878280452151885608310198699364874821650051038986910707615365696078865584689479785237243732998929779478305040063983290359883985885574564340434163933653746562750127252131019532676889889078630047403507706215258723774260159601596108791930228616083127359789041145689413123302228694791745363583005214510188086763670782162521915654144
140 1098070261905323768876392726978036659203924986674336816129160122869015940435440579521836505136625941393484466466555451478917878902257689530140704146723971435665415971199035844239742017323375115835633439936913192159358686204856500908022839523284864727682127359020915615221140766991899980810591635904815083039620713027833644330048720437051603000648613220057088
141 397975190023781764574902776767874431310932923702614381422439010387738868128086065213900173849294341814670517663732651466162177857198642471679862637583773030027497166308083503527844693076480730584958426478331178594086109380117556980410255141569719031095900953244902061788650988463961564311798791658423689811365310708976614956426737658151518251299240876502417408
142 144238722574677268863587520574112775590872597498762185787475407509527149250319888723744841421572102033806357458130515296136840437553945414838434115950173977748818206773826566948264512803663857710319027194790518645450005949349061005651679940310398772178696604433658935312210962550931159459656813234866573417846322742439681610240262853275727860265507316087377625088
143 52276648423062460329148261796635679712743110591182707429951999007356470690202940020424600865710080471233817955952112320517179475862642175462648681379588111699138360839998604182043381357135327799667161894889471798523841100925517706976944314881922048488770753560946393105141938002471608235864640415889527185345144361898032334602367957745118824850648736964486327435264
144 18946701146313819610279909391993600492905178703486884604706824420883531958526423361256281610098481305627966092652676357894013150809354995669727747396867805953087210512784367342544806912750928473024914562448586253159621665496991278999765705420295449965255729313881089362488366844764175139902414658078317745744485525246943067817540374241021871675438696894735540969013248
145 6866880244934796792017238386192117627747776853211773204900204309362271032634518952674022681962307011633881375984625454120434152263128081719192459632406762419334268790202146614153637905024820012003120766402787732640264321763570890397441318909968267652246127774381870472283457933432897529688862382064815260945645632161564098528533314640302374368487701265317339486236966912
146 2488773319119452210644387199055112468949079681395550032321696769906000652871802853685596931429517742848905042237767838320456845748811864699797359491765951225135293387123276199414991049854100723284247717217726868685461687037258624690430341545870346881191268382550957253563482651627623090403041428292824304429123437840966139325962702017921297964531515360245346367794910855168
147 902009706449987557195419597050981365615661968876602601544567678283149098270467082147742233345471282861001380881037389009460738730095654819095337582910772930455255040257250647666900149031963795720397827106354326234353880076999405626840165116610798935290100859528828705152653057092052591276572262101692403402688263289002180629846097667664095254422311516931632828259816852946944
148 326916679907938937700400188938320382500711207584371639289438702497782717932706070726322258283326959519295085237222403905793064963171545024831649826045410394724585525548273827496138189521817665034182629866506345826753646203956385577511460439198937081998020711600582343482511683956916309512035943781842424214599629640542709401724146360872566518410958695326384397646280441215320064
149 118484884184509077467941484358945415795290919483499833100485698332864392814064815034642217518565435667469956637034247983992951198458834255361088600352968802266185637729744440060945244874408797542494882569392699808221388169736331352996425927207329803060347925211330412734498613482555788692551878679703343507944010586275732878587203253425336869728282893974611343875542023835014397952
150 42942647601125384827818161754177968945906733548257741124753081286935758772601735411729134708532441695632109454487183282763155324289823886867988624707507165909778980204771223751030652785316338688806788499071299249789484507161524087575633331950147038063246435250410245703201275840072085252694887515296769454816415170744838457423361217648724661698995110604916436942423805886213902041088
151 15563765755324398230494839175764815708303407184192281468958721630855143484223904500095912441969630656052901369290760492094831948673587769089743071621692295097053227120743991049268734206612995774801940701145714967732908020016293890647455714196883028573570508837086388908855420508317654657264956200408024697590519730351342281581397995483869118753840533741503493918038370995845312783843328
152 5640798088105316719723684798484932872574319294564486218435961103679677602652812041264902507301916414955327290979512903577691893123831329644384333628277300607356870461654342129207927355157237963754488972699088657139062709115339565660340076529442130891570910542512859083654486765407455727722581347541285823267247369107118822999273780700422380327425256851367534097482830493886190816952582144
153 2044402593240481205305084935670216837617412276383337883071765386909375144712741581161952640178674442910610110799377793487326930370229462387509448338875864690038019000334617445005822429985306661806943282533216124079886446396610617668560130412913805878868646954734869660919439798962253855009103446700989749892389224567150213623852992935458174197377237522551173876644589760250966168808510717952
154 740955782846019397518834842877580720635075093944741932704335687703611642984073868268839768048463105288403954031586271536960978156729941272525692791114691148411195330240012829820475874672759595509740288100357649705062877206180424842056669649452191385347182752369350590491136761562213354011394537781000908729104564997154717670809994430374283045637922958222723024962910893503085306223614203265024
155 268545673904052451926874588333311683297564770142417243667908530605041472920336661107580990084771369478612562780945072012924944139142138820740178116733498750580329413728823756426004339263472061562434094960239369888964545514089945542903276914523743860088309569998481851196443694619491212980462006710260132588081895079300741282404326361432929755041548692647667229395842899477750897526688558369210368
156 97329396223321624506318626659067189147156826957864895626613826484347950537012730859675185413250399704621045050495380414553327014091815646953099496593504824248988098870529058014894504868381651567416563639312783954980518662410627204148002560162280728500935093210511141078831518304105959670240252188200154642986210577119474286625289901626477507771550064350637020058075303719042775885723501799254523904
157 35275233562618870828618260650640466711762590166151573905689473462912567342605175111534881952789376011021562279501485274448281135211743955463953918761030647597806335032547234923344908836757102799524371379998930781725060766913078632269818315015547888696811364926966688949479069348558414888479644360727229248904712525504917538778893346715979066659780042377201532685829165002059870069501840512744450686976
158 12784853817876137957425619397425187839490603892290246066951520559124392409945814099168805093984000384896493880507056970154921836016839386621598024439171811401771659304885021979141890286647896490468979932588062481528273313068077062672605331404959217399405155009946124758005336032465555995537568183849767808603444908418952503680092259495772258017886132271269471044500326262902368523025352141383624004993024
159 4633633023415966705016604174481039707721562400066642711649538497183282396016192556738745205153761454870643419464974116977437341819856618086438002889906483929992404199471558541804883471865501278849884025390692674813675426524946456035777935484398998079488474977688918251241876112960423956374729361627668289105572468303027342667391787758590598753957229748471394465655862332730021246472600540298537361796497408
160 1679374305060122462364753473814026961403766619398939568129405142646678944336188341209297103240820673220786168122866177557168590954731684532403473145902281334668175771743324261904473697970661326939266907423870647983278338174500126612794474371705558561492843553939992539240386405684966955177626544033496590615946342476198631570230527951948336837590669595291412838273987060896177190501209710580567358141838131200
161 608658053463416836694106526253097385267849460267530446839057134194952369154021863290220010392273668320832081159365585844661117897706295716474882298108932580337399323542899978276220027564880964278423138331404843532747392762333450858662633800687645798428133042173644125400420304693847819982322910336922023137875746197731534926506583612098249693747913147141473090028941980211244418319391296427711980366612981088256
162 220596816879732338463655791649454850044070992808080549258616805613255058356176962532444647997182667494412539880819985316907258042163092956922078818768361376311288750379676745937727700829952686287211957879405373358978561155547540324013002854985743195477459792612259749317681137720373753198769673569041381822703996171877896389802555909684474718409629765831575916115536373413027770506298642382928911365108236701138944
163 79951222760572625869836587417254508641402162088437898757492043287485940184536145731838354768928367035188759809724669316835640183830911181810640220574826251338855486693489563940319494066223673506016658735158822732361112703717052241909630137355269896153848332784933911593834487193982548806214586181826236462988615249926014957843084353086834024108841701513641391410387079700709672118142405191206825822794757027137585152
164 28976837070118209038791272154470063105561851455996400142018225700522097949113344460034624207515812006298241063600443028695791296736260262547783028259380991045343259639229742575110945443080390202461504285208660562435622181643268936137336416550040957415976062482543998011972045463659565934384895300956251714601302539956665265130664885956998739126399827860753743476334639203275753392303613377675622142764084646211076751360
165 10502116885725076422805070615911013838680522532016753659476981388547031069378845285431909629552330099610739788651953851792868586134845698498478546690373655044692706615460553586032349154686508806545326314607973155135979419699077780393209792548943330626245890568616165175589931319336577889386582336716445485607975096149674575263065288349416739202669697004350387862026568664923869989707464306834271478568201780967883172478976
166 3806297382096638857083770010804907816054042811481567149070819573954381368816670811161494457882420067245743445544941994402157989057222935400248516363998029152516319382441360534753665027401228021570305604266905207346283500215404151912191393774312001126389685688166864564683336981047964496719376916592160203568969540713173608564121690223131130803964648167956486982072967348166829867970010532229036646798310594453355005403463680
167 1379521854365218066233666857218676419933974577447786624224012148135746564067412709361829146198277515818878849540755666793200047281407716969886080195295952554708924901657852418883660467174135757500357122121759970018253542750929456536857761946980385169096582863880633013432148830414866625071145631440447544220274690022613236975652320210090229727384490188085776623257137959201463843817785124260079931347896563073262371090802409472
168 499982096938250271852471569328957600210856589102289305821720440420364733425947860053725818526334399880498811434834268874862494055077455648014471642161717719559029890543195488587138695312757309320556992560944820375411701638656433955763615819776321087895578896158716167236599439284037493072045121407422776559020347445546985467679615912837934882967646526441493999113011250518834702763020866911294072230818372484955257471147043717120
169 181209233088806874511950141028075846282644105523829485742113756311361546033149608635316333990975977246661040538067576987933856998816390533968392217888277253028679901224512152375888920094674583869714408634011839918831606239059671711650133825715612917984544348024467073223831023770381129596830739434561872646456053772326784494417451768150470039248847476330601644315732235828585571581780970759984499647923091088977105808733447619870720
170 65675923913509668499708527130558851080404891799922566047160669190672499236716154050422492006285589239801418805956782816231439945149825075646310464413863515797051823424490850383807606475397723919072821074104206323854446058978610121609080525180350179702521440875881150383566328888821196525929048168821038266379506160219616423371444590197337672364845655247108952474895774715343010270425227355121718930080320040067876771402374061311918080
171 23803019903402159034676742094184699137841009382220814736278261939073010741646747424095325556757500108383484468858581684907433964368977949735266986745506429846730337319255686003845654749052754045771498413313942295721860535532949835880669416072333816714766006921498449182009275830832133472758726144375031167288521055979036970473895206520318559257095145117373950364795621581794016938396195174403720548554840824294809355274160603468306317312
172 8626962861883880098700480867693578965127808151620826105447302299425110244616789314750838738756610495403982901664559966238660889343519621506681554119424970287335047289936982184999387607136706221837041386719197923452266352038924127716872253241643126582755164737394642568459872243140520403938243789515994512059134458541560299564386741743349606468726338705443912310308777124170071911279474996604082698581102370028794548489714189119786787536896
173 3126682602558603726876354320470952530015025818607064455127138066382238495739303794352867948609774941429391043262392318395054979959990169024558150843850790086502761664206306623231545673703474597852946297196467925230903759735565472275372342792258247630213635369385849185245956381126362619178346835494358012231649454252866783795659709477836144224227869052528450626479083221426962129837984499502370954193930641457178340144834716600582454168780800
174 1133208088832297968945675865937721319772449714585553051523009941051392350974720075132860060572352158059751957698250227927272572270526506824310033164436480308497785436498886243368655098773230108730430167590618272666496092465608934089185796571676013104578574477839081008459532760003296372237492317961350174337839305004188593961957711160432326057466900442712306803636280656042250729312224393122858426312409265403260318645329605636424959462033326080
175 410710243356362607910781077136045084060799712059045526573334010518293360720345241336138419433519830308536160586063304835781543582316920593495665194588100635828094964411547586412129552493360345806600961205936458946666301574777393543023379769480735859782558344447775044977229119851507349029030117917889624631366954459516296241321486354559172475329562908481092330116995317313748128869862830731322450115251668956778230027455935649630900812046302969856
176 148854306336323518083429026499373092458061669595422778943661379106394730080316294421111302341728596306190009356988621070534227811689768241338247820462860296934662510253995772659168449434170137331952291663038989259051960151813779961060946208724396665266476059986992833662689485182145374077787310193510316891643568004134853799701536920774476950466251535143136227679880359904395795561440518550164497156987164396589023660397454850251923390374185791389696
177 53949481108126310065178377450271897139333819928961261649095132750285138271101661617182151303163206066696848474864122637605762984179766456091788639439311495322207463821241445908976500558061220689163980231656608034796848841267472974474680072709998624276950984151936448447656451227171500361812352132420188641503250273791180317916958319434418742558300157101114294070179771388515993674294972915941775504755948911341241900094562616631764400953861330194923520
178 19552988310999534100240741541903369029342023547234229378912069759231469922909120395533658133351053514611745098494446619339397854155062489926255663954299596342228471039870056757270482978552277067043222812014200739564459288320206747103969907621343463169311063141642835026068413761634876051017874807004170810494999751905717129949355181232840177535130755402703926612548388074723252281140747298378934766755140209939395377293980112286580151853921963233075265536
179 7086617777172584517874012506616558785581163445172116730784379960671130622107289508196796704084793389473879991410212717613733817498718986453173300773942377704863453873731921569754496028948389409417599884411203451999061861121953401412767354526670581724700673392853987716560733282133680857608953985078060817984257892376464970879605467113986878236484033124880914433400040038021759309204937424660821927845617487173457061895957339354797651715744984819214252507136
180 2568413110106916760427114799770873390678687391971582781581117555898334028188211329947093375287959978539409403567974366992578997616664499909444447955218624496743754422179454734840973692301059904478480448009767752523358979382890380055373723307670178160610328181612247222682541556241308019529786872209054735112374733954404020194222748647964198625277752644920092277825087825064287842204974876363877144249870610597561421829444798136220552895163802276097916997206016
181 930873670853044306166070798671833501996372594140062376950309575308808657420249662843559742802866416034235986022131297253184111251175165072955410452964704057357201127782734681062523758873037899735371760909177419828101357369277601853574438470049934879663349737236689537777930355496496657868763375404932063741074699851446377928243186973398340211591457333431600551836567449461848497021004515817392009390846030810504777247011697255618981184221548557473953722404962304
182 337377888190015708878504619865268898342216857747591475459160321574950486242736707845452428919714365714805249002813587626707885033397041949167473989644910377755588456188224166544352898055802961318673778500244944268635555904821628337021870960075575697297627722024090462021181925016295595143637664047535629932034764519548209043137214998304557523602031979431092713027966716851777025183590552401140205843044693803390422040376133041757406126034097156896602308665017368576
183 122276355002336238298723571594060940410767492704583638960985797329101194464597606069330822053377685811090773034588505136845860289577324788355717462432895528786928157568862820552767004614491862336669634706952720882289243713298877871279842799565930133850265838984520735164961504321508806339446541080285315032604959474935064684127884416482057701082553648767222797866622708840487155330151271587907945699603051723552570972975550160046362265628070427613439153718854728810496
184 44316795842401120935187909184867406322109622308351356234808798803554033982314391148061552468720750943810323204325979295493892689201458399901359114079508048803792290779597184033028486750650991498787174008289036112811400308547574729470783828064618375563019849475489294981472201202291546630936543921007324008839316344413039681345976727181047666311719675078109403354474368392372797098887142720556568832526629776194704588486570516133214445871336157621973019764610863938404352
185 16061800285914125303907762679050495332022546766900294357422248441813697272647293289469641714160181115928339416752090035312368567123325245308363500962456956611228326965150883585129360151348618651792478788498264695391067560160836278785780146937053174542844677856645163660463170355696000257323059255086380766407940638729243894193012445824598360484950146297825121889745921799881025489889301738745368315932317427730871611226460411735283998416881246383146189315935941351350206464
186 5821301461911228024134684886156517348417685941644201939038513426439604761061503565173371559244912153201892852230730726312959889333275195618388009233666636435119838617595881811303336754217420981133232785170840196055034491977935949932893809323544070247490918330293324589439996991825635830083824126339118309572434488165563331714466835290619247894387742476632648666007724563920978746247883691938227709871848657227556933954522968499261016637525979638235322694590965590440286355456
187 2109822691555223647155421758040312751718017311644556064061971688462009331930655056617383199668471339195590458241729291993597248417092106039516595710837638077167961727560791043909913400118720695792364722888600866071225939177218355860884308360718482088523714099313209268146683087399536001401450220330974165162584489995480147028610466245850220086568917500316359458976874870954421390790642966806399818665874955488832758609614248048280818552886275924899649347547309605760487181516800
188 764666083508390773512405678790026295621788206985253696923624083880602956769553514570334443533536965988294290657035598402646495249806696145427739514687698397905302182535702850079293648023457793436706231383002990659721363607251963580945929114926554941045428053456679856871929837995803777048504158662371943426375902484841135559878099753804518054336222936928925582079384186899015595163265949081093004628484622997997086468452281416563544095201940932653761551109155827696299227492646912
189 277139032397574639485047609757066909436674947174179662362253796658819408468242933511034762843965837613663179030042183996014531589896354681591964243429196843576478438546899157365879404906170912699030087984956662395640853167749324313711270158363988275823253773250281950395787417375287608165714395961664023332949525974575972973905025136584715304104173575761116287071470445521224363605742334438528658885712751097069927461258357267848921503286473020899091474428335565830487606541422690304
190 100443899546148921898065558560290303602639430814206959604909291905385417452246711531785541831163334478011744558836736850710733096735443870337246889581047418213201766144527535825678307735855372714419357947379638529838530390863013170691233668836074172146258940046226756059523052797017534568705933566270853010104017564137920905799372818937821394573734434333346338313652903446790829241897404420562962704592528653720572276749686904547385196798387413140222393589404613940731169743857833213952
191 36404027497518059781364585528601997098535465842713924836766435892305037530086125345415935765032906352937443955038875361777573579633239911774951017719762436744593681002297656317768744039733205351064483534289937609108616847963828438198737722003036687748323175832007948155465931852746053695639848663186826671416985898994466133125324243080974268352485720555210421309803469679771823883195544001832160381297493080263899729131625018004316925636178188232039252172282044189130817332483801460244480
192 13193964233050945867987753671900253578417243399208847132397354023330880892951949288944823615997854876557909971236073433460138442232375894880664125237262030405533767707781686434438040311463479792343763376033197447029488398706151069672942535802519926262264916635926550374523563059008796440125994069940249125650768326964409518303482822285057989395852843180292788168452242809581837543104542267382517588515975453561628095897237290062116398257875567774238288758341513798117343871111780828197158912
193 4781907501715189143822151103599826584157674254940264590116857110271435996372297863587596494215911105779265534816304142941084812762195274506485955181987664349932408202127203259681031272012471367949472943507900349642342827325848736077865222015649916731722052757017603775997024038045497836218601440303310693273261028675907541361418005214572895919988802886790343284999491871820823042859541742767426155794374748139919778483572407287636419017267120089267060032848213117993423268099846364584705261568
194 1733113638255813716957115211724363827847689558421812999202487650710982725366060854700240077399469520735791209165754323392760752696022724849871586604892522218952382034638323072900318478886411136815773876492614260784428783351411506176277883771544396856432048782046144278046742605231914259294953049259666167779697836463098458818137034374505683669126346596039319246576388354447773753211951504909243303685652317053159490793410977374862643462329155375777983714705529408283670797873831719291046248579072
195 628134877563176076598035708754409315594873531213508160320327118629420463758602262256581600456879992525411194501158631072925283912024090556211100180306758722222415338899987426195366725881851343981399615063357561356640870313637620893112035467620336136643293434699286245808033436772709119931656452752295273813081482261668645329058964607738843680695551615045858849608845987776686079345281244641258671685937363046233835764458173351480628459801224484511029740315453860888594639070528983371723524475453440
196 227655830351886433181707070279683642927803408208189410777900928991401471392654597119290053742579861014745576349198705574095454850487998177707733098687116955315516978982947380593528448297697556754257401224644560156849643683111821593175901516573809275862976740887287926304361758964828335824902004498999512391200415734820950244048887009058937169939154907624749216258432464989752870930125395839105349371230462008701755588921225745359471306238284098792274007928207254956093308465933284512487379737853820928
197 82509631202566460523181462375918056742707567462380107600191327352416045166728643275792775546696047551531083531608415391416461621027110983128518508471037580872614141610480093351669680219155191314315628239858159227479802583909506462638694031132059834055457325489237386802262750078304734111622235475507566613003568099940682678040201094176767642764503999113361009026337237100536511701233026519806125988557680079954025697240154305180077263428421458623956818230538157314018312938315526776178010220484590829568
198 29904084734665864466003807685967556565186803022573044603930651250905697016327936288695705118998144429362548185037877849548253034851032015575043431481183626389772603509000792333180094412982572157360814204610953812525016849014925453672344467342645153246397315390536663126383208820213445934606843098299241296063013662331716067519848550442035154026159639696042890045380582749589251336330697189554894173780133303153277974234350144908834743359830367314666442525340853109803298962150136168852099335011000754634752
199 10838180595215897934363636612530837622000059924710070942478897378465979352952019237455823958346843199501564858650502957979380190157887147638891719375863565509863677264957453402044190397086895127604292422208429191567198622947336624479641527169305619891813513160451789249564593290574937406809777494921851029964267642448404591610461633880249897284824272503816516271045923891276115355361169249100941325015346900104097718260236304188713527041508797273580117229820754074513436397697144016619687992893779422105042944
200 3928097437416084574418184746063245136192225178568621218380027119060701260981530985534876473750015948705177899924476084650615338444142130257235831026341505208141419433780701688822948300163375048892111856901826182898659535970563739587315904525141331051759450122293313603909656884262084825941710559324374698586587075805645013379577419796950742485364428772286942479059744469174121780162714906570826306192266956973760852327159722527258848844700886667620925319963253093118706835914436730853622208171581390179016900608
201 1423666024226037905028436028228932704570363058413142254093129988580495549671658348931321455775426831521453246247076187821418238955605981209888972665346669686796607184302020691091404523220793196421770524573161929748765353116435636488007572851129991068719269807595100117724545310200930763559688046289569226025666489307959501162153262820395647166973392285634186865514149152225574230188268021076627584126065479048953886120373404943875143003268106500897000667099542596577777447309480122575663488622094555290910586830848
202 515981332140484190873684275651984571457957086754617250294351791817095648875547452338319068913854386472769650050783826396910196678188151181169938864075417871571742482980517678160497745621077991069634643393568555882473960624984988448628184095565534977401901324607196008084088741130277395189333621567623573206734574859847972834401423107692695700315245591528418116800266843794686677785712930987158547385969276613504834539722350269685355833585074968925060047961327665545482519835448334186567197581274275724779468816908288
203 187007858997130775955121703541315480662218620671288501784089335982969260228179512200387525424335441199561498661444364049215848683069519890617982675067690904257640850697916977181864478405534662763610621027355334676776180752686670726422396574560958344147711603278553104163074916375089487438530483744986163576034445052515220212479935278697670842404952846344556909187615296305695334807434997927862889360544269977748450626938772567963452476482161236593959254715678366602008511465542058066326967362648854249524378923081662464
204 67777528271447376491767470894888030686636555533810784466647220220568691859422889165659129525171652545921838654305037857974309394615511490967628915275549003075467431946033133000789098094794879403011537653921922009867119456239945545677054569405288637556206139608627136518380241613084740814174086735964212176091742622926237429087779229321424707485438124541614727663873723746968665888928955295966793308365835802996987494225460644713901704733371255018915251282090462813480587914060643722533070321997507570216331332612530372608
205 24564707404394860454599348794247920496232004829077444125001779141650254861407355915471138970343579920938245609678725506196013678135012502973581596703265946604217559247764797869439275532452491979737704060493074582957982482346936169895506504400679158290222399318647078372870812109014529551838214436481298464595572124922705076724053989047079881255576375266109420329149690587369625207611688776799288261125977370200129950552662605396309103872588466310462765970881408879990079141105837089703282879075665150566291142844997762547712
206 8903022362320880442584180947843387044764247278991752422931574683848059223667365367703293376000303818817294047501531161858040196803807730040711737855749426008079299007577516952773166427226053077826865361693012543027881704404253051834825795850080572171655942255686630818094569948193429617331017404677104795253299775457885177745667760783557479937042383674522914931507259246440617946771878393984689413229261956569878263536994958414944037441410194958838308094884697542440533030706155492030933722489214872994455897184537800697970688
207 3226735245778039246121123727583624551170972941130580951424533052141770083507376032473056031193932064023398808199388918018503312132192288264201504219624903836832624069314939355718349286897569846215812985115880523454831625554747287330962555444652520909047284349593496245104141812202620787998547163121174629305453168530607287939538737514330762320015703736099115631978026027261553872658105314455650567299083721969824156128981048384448736184462001038223345908305609496192180274604657874404569349571322580057698993056004833698826420224
208 1169470312734569225938841344273556076578421889540241415011367538195587409434584512709317706384758352961603257991506848314936392162593476626624875673835029195598551364294286492088382071906538506266657263208926061798580417417103424470566055775047678756407553789892600080040567366926398371236854664709046372897682735946935436959927319460075800496011317976412358666704878253501387483178115252444610910419811574513349378271830032261707883660874487185759146685754380998257382688950452070202015673519763608004457428422631523129375005343744
209 423852813507702899479852458575788914517364180377656440335929509673121389032368681070050333740047002106335069695640757659646856336092032640024806200559475349138909066752606445404669076895006227769836077260782143687197843324085234342368097434617033470467698036482451480673279447445171487499666304095728425525839837662442491100050090806077392257249200186580400968245001197441087564119761910204177065307661917504917448093393805889827049854767822616160484529667113759966763420475310712469654334063556031551693244336905168113888601741197312
210 153617587006819905920923734426897327821705797328852886282737217957812275875312997322110153420000881568544535900979690388456205830256634833970412856220016627065200056804371270604742890496362453176066764783234508862229391329166206087757646280989093360028481292662494379693979606333672875869641199391544248191170563241791162666568343252038112691185289905666233984991105545717604353675005414819570142731551192916749358744506100575675349467501027422661368384650670546694435426861176603652519775030509449313914098056032091318793260292802347008
