1 23
2 6046
3 2154065
4 794723482
5 294285758398
6 109015274761891
7 40385221182281560
8 14960955484170769147
9 5542380989283805407733
10 2053210330075493118514936
11 760624844506193044187974495
12 281778318504024826738852354972
13 104386572902746887290308939821628
14 38670670831892360081090835536779741
15 14325796326147669371273410712476822630
16 5307082498528089615432396287408877703357
17 1966042515540715184436026936529141877042963
18 728332972774722512363246115582059239530963346
19 269815588949749303044337019938965105691723965805
20 99954903542198505104779104471208933378188381711262
21 37028930689364048730391790699369048733497446526216698
22 13717603233130672125129057710154666601985810793450099031
23 5081773493276881588702248837784520352642571665514894805620
24 1882575359418512200563253436402613646241170771058713104245887
25 697412033137353342069303862105489223026514280346644721878183793
26 258360729907253459631653231203597355408232055592768870423261494636
27 95711378047104178098820569325934043804446115925889427592563961833595
28 35456889640171706587754569069579070808148977041696561019861197978061472
29 13135230613194091202949814039606784721157562735360532592365582664294838008
30 4866029846744213512168128250523669355794050143603860864536425051995452523281
31 1802651751361042905935144721015874731282752252008489357782481433709704900670850
32 667803823451527310130768983726119039171991627411283043737990565103691501101775937
33 247392180036863629022822547062914388239830253666361422740276980343085840448221543183
34 91648008882408521589399261990176473568615799088462533874264746597381268764787595313286
35 33951588651098238035099225490470122420696628883340738665333420074243390885425396760158345
36 12577582273635635324101059451470795198756355867283096545738069781233906253897844683520540322
37 4659445467361250486394821768341101678633247194518170864435729053349487617051875537431227066678
38 1726121252159995179555590869061581269859891262736639028294266955777671646677102952464226082090251
39 639452612554288554357458870885165833694763394836155195251536630037185523216109310345293844549304720
40 236889293374277931113835376653108378705824305980711247846129778257106051778144340119468171343997269507
41 87757147619129493251426266835262106991302568076765030723480089783505816476109291155362637821198068879853
42 32510194312909857932576533542315938262370149450189423978693843313441399452811406335589536813681161381220576
43 12043608559956982250902905717011518848999758168702442950600406487142491986843586090304215686551578040117209495
44 4461631503933216015082409347065361421252190164262259269189619837304207227389966830442314839972782152660015414692
45 1652839809413439820571645180274857567345164314542803040330017685780206556279218782941328031333477807761747144552628
46 612305035315787083331409837352636284494973933406990398825135456727315043496218508234379740077307904609367722101267781
47 226832300467229224219556753467108815785271668684528353362909679367472611501096240281892800144703691748854836341579469470
48 84031470537751345361732784035063791776351165247198925613013602237993264902328020946419552414931950566421456102281195216837
49 31129993507062837450221490707908318452126115743500369085048110695372047040475258850152338270137022912679844781223473411023883
50 11532304380112143966510137129114322601266286196573056424130734804331493748441465045887023909180997504474534972657300912588596346
51 4272215613709645544270157258120907179465323510225056694382226712766629275770755247261930964894358846024393515258011556044068089765
52 1582669486377795075460913777278071209026841622391182712485252176410106175982127752690741714256499784586843794060465415228987741220262
53 586309992190761978381823638817850128461553258480765817341547160967623371139596496488441484751185962779868547545943910946390904134520178
54 217202271163692242721184014971496930625622660142529469202889279307445150705864261807128696159794608162838360911574409006189939660279886271
55 80463964842878934993778576682587173126785246872816915592122822925508614339953713649213570131814014764037543360454891743490581412386248875180
56 29808388298834386226561500691038977269562564948273923794338762436990425982282258671563144870254629205842275419478395323084390606770788011358087
57 11042707312635273287634235780061081348321478498554837773527491490906092383960942328735489864178580957576887807999363301992705600766349205132153193
58 4090841261528281964199492562392394614751644410378595597911976339457699439729073987821233046877777385880323180674720624086923414698422247311269626196
59 1515478202331218557839552840709945409313616306004098549560385979141080117377417247321978969672026171757581627185096583823848136392605399077548397538995
60 561418553034506150489821444438879584657854217526391698370669120731573889565903281883480300241516344837517922399809357840992690535328005053544043433125032
61 207981078979895088005196711381110219295785390873319222841760556322475984176960348261210542706727077769967634220019202939095449821994194438382958635770918768
62 77047915463140619534793991453623721877856110961554152998835448413702733149851260041293353370521537067208844242090980621622173686769252362070493589463006320761
63 28542891047262600753263717404852284196113726351269330531337630200573227296136012657079716779086709684193659664112456299791406378746243817693606646644621471032250
64 10573895795086770046337555205807080373357431609841409557525024420791977808010037782117684742425883308853751277576963849572489406116944849514687016693007623831055177
65 3917167048713396781497262831176744713740451874515575357398412128531348095179673008225164070405134371027983843930423468994207866722134508058347920698684481138828929543
66 1451139483959715681452312119917460901739750963272121916998653095934001485075213563788499700878900422440583423729877656530733892617976252309711441974593926441819169029486
67 537583865002266639730749602112762578040705757919483323938599276559164656489822437351540429899260319881899473059669280409570366074275050279919254858011748365878987264799425
68 199151366981065425961985421487786305630315842152218558034855212177027616038677488333678325151430458694216845607583379779714181647032888955973692232184076296470360374455888042
69 73776892411493359753906977599587345185359453277496923927089477799955777749657189832655774716920267644888259548365648873034018870328666596221121600115466538763551455423938041518
70 27331119722690980081598944226143173023630119260250246543033574225836082128659289821533717644441118530972602674206821235488556159507447723404776702813626747197233627000964082388851
71 10124987389407821593006512553806661118687747487708706674726354786763929794148684390606270137048731133391606215647232956013855209063129952218002451415856159262425671891967367256718280
72 3750866070465330661143672750700237293111031271377767706396733474773965223706845184740158260390549276826253882271368540181295623078346162665644453801455099727265813377225796967706286347
73 1389532227298001786200043342909221494473748331468477054523515724333771351125238750265277463338872285609294792633621049379963031506911726557827217482518713731961116473390644806109196971493
74 514761064358720649798298208222074921652049158461419149484026287709303755689363020858168451005513967107438969997541173139880172515460371072175581061785889526587928581559951195549385632349896
75 190696515110689146140587011440721274163832215573504904666093415512109175647213240102974873725343035095077037085569442931457564557842369908711437664447353817044631506759521350955817456245233615
76 70644738682138490727099128331858906607063758867710881377357798765662180381467516835049270235368629852995330298560546488667562767110514912204590723825540503969029527633058114694506361900247740332
77 26170793423103781428572868798487309886682045570863108183364555514735616919481565747709773881943117782293726929082771340362649984021259451338197771818957047877481094496064801874853561039142718161708
78 9695137120918276157103073519127266452430576759811405093397747543689881148930487676294590698104717063621608231364443980757852305377953270536197121237382205286878565132483200521051208417634247447323821
79 3591625300531675703737318596661508726352074517794128113056882995257025074592470054359851031477463426479483966266492797234243455378513184477278687228773538457753958627405018247010885089006535819431233750
80 1330540469777022217990273561804314622316732199054132414688475898927453353993563752065844871630597484720413935033129267768552818563299072097280813878646677905165174910773890208192169133439559067169553239757
81 492907192031527396830513808327020292671142269595832455647137540271198288249010179062241957516655800398681878171119895776593264515296701167174348563104467553476578431898260768223930948440657802468378661899523
82 182600608906785754554501513920196494836182855971398252773219806271590732652284372192975991056442442700483358267824419761124716177604760858012197032477339372779049632109642694361904544511089932065074740085914466
83 67645558661266676476707487176228640358858439071038438784865749800535426299250955119606373723959658515892903647923237969025119806058768433564176585719586664462242808038075558547487009564421549943405561587335989725
84 25059728080812669773410472498010951503485819541882690536756992629871051007656750013927536706554141573501174667219010636570223147931346705860386964008932883623402286184765822717101301133711437753097854751183431245742
85 9283535887831365527107881146601157361054527690669300896304881241905386171746085240743741278813241297187036502654988677577798572452534424349502116953320007690062321436412080581252965709899803259925053919547894901064938
86 3439145002001873716757022322434684869699909658844667963610826101759096433200509191760918055404431062838568570036070403833880388311165175722202381814792416100130411226206771047654906756974113983279048595200393758576277031
87 1274053171949058259118383768278902097832315101806287318364332586274297339247517401987761025169508623961388500113865338043418843088098203934455384575502636332688891585896547251078310633560373841850613764320964455790011121380
88 471981112750003278857908086737653426529492815292728882697666910399030596945472648793656516668418394025134100891578006469925965846625236009696060688053359864674142754755718168943776179352901440218383474301654709429250832239247
89 174848409546315536392055021547850925770623932321357434421270068653483417480361119693524932105024463685699651690663478764758614694266113937987540447219430947326193696243752098474932652721023025633979332277348677218256257327982433
90 64773707029817738432254619934769602352883736276838761384718038501475931103868245215407961805403412563956462163415554862243833678999766298007569865360718641140495919412294991275724009353460821578934399400431275499515714030253046076
91 23995832351413411396153184060408959337168209787104458901453945186918417270619395592406495500265571093405994515329874313186425007698003457228714189055970097338863715924655922588272522661530303966627553689097420003995722159284497925355
92 8889408938291526495002319758004925980748354424039596612510952332264563868041609622188962032712512484921787806424331646409110640008175984061130624099126355603994850116715935724788997342497713233579191647155521685008963852100619035250352
93 3293138163116176517873716842947944785238961549137655235718745556959000007736518590668484757628922403182855011253797059818461373179737130920252606767086828044072259754898145755279608511963665999684687357852847738081543716287051527776883688
94 1219964008479562804752727738529475527012671969845204209553569718275050351200657862242149656869612655543674306063290395221874544424575321090894942009703685148522048424623770266645206754218155200686329722757167263774170865675934237284779930081
95 451943437616716105002215600572179981822517646947537596036936018449696578053944099633922482934096305437379145672951771709883919188481071396772044818762257145879915885433631385183377785533661936554022484966797333648397139624507309199621717697010
96 167425325161333450712130081185613689847230901950854399286897946453177981971968895492256029781268359659095629387333198034319007680782326334839262036707681776951292379765462182684819386017611376568736907427814793717088123844791937100792701016685137
97 62023778137367161265646506819950838165892917416822788036711411422445746475409957182208960420492346417915781295172665300694221183002769202172021404852641483043289204724986762200586402531431869287975219440346071637067129928447705769227102279861030143
98 22977103677274445935260948476298481256906088084682409656195511366237574213742699055556105401109724055924348658171753808173907038624589744141705879459185931614446382282620888239203188459722137362688209710995398523880890030655226808780853261862400888406
99 8512014412068668395326956669203591103910681780301504291094012593046855760777533802869668885763748738043605945573384777390269898600061925720677919194201474394974987468730297023838187920331400207429291353903581407815530948651699095442679889441103972340985
100 3153329957026998529311027903147708231365368876100384352264839160933605306988688591893645436202761261175695182218739941745972297335873883462537847254059935132790703202433929299125477114463717792282190454594129495561437462873114795120101715729548247730471602
101 1168171168012312330653619721968630607274412299714573112554904098534504973884990510708249660470340878114333365812371270847511584808529607742518729446419245634749677846783022787604192138485458301912850592544512661015688048108246880196403313514476903054511953958
102 432756449966255864185190171137143205508571140663776428035333265088006026842348078630137279578646790155631382368254530898066848496621681566548998753780691443412703437957727367414916647257611771621037537123354398752185045401767104953185197227830271338582177207771
103 160317383372898512181443007236482496219348068161213241992588445452903197560724856767852974685450919406879132908075973165056312967714729108335100036463604864739292837338765873423326763402318726885677783570137069042537879160893289843519256227452600836190718201464320
104 59390595827137875508988593726336105974049589866744764486871835943027183327844427533585032487063725063424948712614785598545257273640155664129714132021613598578418603552243747945238735535053540206681012208046768584147273672098754412608199123140121234918005142145891347
105 22001624518147690714203800223837195285775187599233650699998093770674544563570193458511414438630984584252773259203335023738647298097332207069945350900371102709695784220644530425983117311728669616280455527716627644318341562431339562692769826393679247574976735332128603613
106 8150641944163936089059653414596339377741879326947184453873988025794192268669922905185832380421767468107050333899894698635066363642538110264015548764313187577637722285598847448356254768091728279785752344758506226115162358546025933369827309272615509586738542940536446771376
107 3019457224495777210830915728067787010167833629734663543882962940549424077268077729721675627786530422759752297860063783523609402952608632180954422649842768418540356882025403855125199767824335373772969172264431550145928650373267245853103143459507352313070146496282495278847495
108 1118577161531163829584719998474648228712691958954015034169497492529203712361778763570833472008618873145026378546086481656843801480822682541231898387031027118680647082340484136247504829327298431806170509357153715382467785645637990422910857380695135214605697484850576217883324852
109 414384034371626924413761892803087161796548256235002488495955587453653134276460104044784434814144291484227821505168868608931587349712518796023932461387607024634901094634601030778385824665917322366729126517582560205664283165089269639170392738194646162535131753178594521725276940708
110 153511204991039580839498725883787550107677568451666310261345018707581754421343243174566984265607778250661892526004715902302387900584297722432261428454436072872369241231126177823593882594768922753048905934263070833731757409782789034053993392890323054975842747127735589720367405527061
111 56869203692985063832187178602032056132641287526050390737151691698884441410616819693455031003641848751407114165496641697623772627464050956861136346927048586151924555553858142731807336506496696569542190050867138130689867244242184152497876524287470546351421741954624512662805427063426830
112 21067558741806503175612418574197135567024524580518717141296744937299706597108776028363805410071687326721632851728097621851915257814805794813597527372460342036619055880016326615421038833793091462991897278958776995434698828305748387441675776679567925324848914088380948167231261435890490837
113 7804611327698552976469406842290729788130848061085361561260454228737908019012288578262897410230387630107017056435035669053030128851803169827217388854134069062141522182018348396178067982565886608031914881181117592125888844844599617911081463532764774088173309829642020008657785628751174281723
114 2891267978551628098605854709816473985433804539926263278047995629551652401990422328759099524322076968955851358556258665870847812975057450426505503844216890637951684796294404872320949548807883200266529987638675808412728318833799727236574333500694914570141543607458693567465216313722184206853706
115 1071088638857698447190841264582785091574739003005478952272251999965759625194990363344161864526936386950454145719187071969212641233503539641119740960911653442627135242607701145325155445966443441417001115712381251123867354398961993099851489961026093005687775638664534108209052507078366164561490965
116 396791608664631282177858326365668616365080767835891013593128798803320046872473474256837376235878004569563899062526719428967703315866643398895677345859839546197627918672594559199753017823743840874508195731527292466978453558125140607850632488696233733506577990433035658419307911288652716408675058102
117 146993978831273334277173524858892104550944948041852025459413288507831920362015678495858457835207052558973927738552162693933326894235036560673878399222036024295016082117305606321612388715450800906917739834840796138029425093902200261562873153084802715750342846163812715835515544171675669631465751695458
118 54454855750014835279791646484776611000544802216238621508495177601569831394257042285923491050567977388885974880315005134054493366392056279124301400380120237640615683704790571304745600387577677866617876618026565068484352451430427167293952286769149878035041672660150189477122905942876916613038934008667791
119 20173148167916944380744342078941361816675386023867769713503728597767772043813042833438682952252651480931050173034572418039933618995125737093452335969133443161553024244418332029030820707038930399613625804954964454437635708158576244947312474367940039536317725564783559102921503620847721720154779387896181020
120 7473271233568916423535641779117275438144073995950717803226102866926853677810621812459784157384865607111440739430131208649843158518639394456660594000426350536898328635657479530307481743830102382032049713527367388155860767633374145432395389828603933722128827893245476216253080055695509341379099732236083584407
121 2768520930179419628678666402429131728416714085218920873636004172374129709017403551612553882487669762660482974657747095118993714990112973470301317378223464906753107336162489875550597459293995263358274280679404291518625710882111475464643597767956574454751989140710832172473798110944155235956114523262837396287833
122 1025616212939347625942910949888918761134438883346483006754922781050772629007119282576472102383618862369157291706863540736837138004459929666911054447974508627337774557598428022920470689242716978405244411927842772166479859914686483690704195849336010553613373364552943019286538321118515559474507216907705707649148196
123 379946058842285679172557616757075937322192131993724279364462325794791010263763283514656610008725309397232014578813100536338301518654093433986190981889268323227469470076360221346833348537360389395311228022361615179738372485343965099173816600486608495793640928102821618988983557736254393947792836645243289403994827555
124 140753437600271868829680770472603438802774942429562015475034586100839013364907955129760779042266958205407733589209009220720032408518690239009493058547524480232666240090278154848221525554717131764760665339408287617396743764890676175068924736697736803562545645183516453476502778106947748375264402044729199402350680393912
125 52143007501276189625306250109538418433433353005752403560548690398026873154135986656850137305535807816105901987698711092344779844000622781470437465929330117263849675245460105508577285364338467826712072066716389193768756088935401422567293963657886185671901130677748265812127462191087786377451835621342892572205914639271008
126 19316709258636915659029924231060320128481426410932684456719378834269555063202616222976799935643894896990057690629604073814472506871419627038917802181265055539591186225425777333174557520685107504781259921731599850015485990526114128016055063523976551610399010067346473845440570078793307613108288186534939437164156584664960841
127 7155997984457968393799014820226838378444053351199643955414965846823154651062641145923150264800940169765800320776810879820558406042593371273755069809358948978110704541282788768876097717321566861279981401265831435961657454851174652365333906869927273935292953510295692550383110950959730829317387931727037537157686425554971455530
128 2650985034144476337680356467611685606684808612611666078906700826823884264893202820890363545990206539153633928827407209280288915824158839220637730339199072419214337898611944283393578993341150422912776448098882740428758269181068560725386213469585588525232663608687252266261664153500585511913370929854875912475558571972818169751897
129 982074291597261493586005011377117355091104863504366669781226506024186868620894039702640651055178951378280705020554543922692836377292404097040041582689524222240517108299731529646392897778671287238587916452262587910481928887083875682598537313493852575703502112445438106554334172398617862855237083970310862446570831336873688930624503
130 363815676736747749026051028661973447736352518764676649900601609809121823873685058798701106688368034002546811791611214642853954239011112931790154630716177423652940011185015702882405634358163021084605778112785045672864499098288737294162900627825959846445616563029459402292449679451086706236327878597929824475873211382932934704805196606
131 134777834805289823365800936216172577238618523808710565753794188893036525586978686495018663386249874725572402015255298532597158914378750098279928548698288942500793334934642687420390786418524980178374103275055795608970228658412352189630006060613370354384605566425295334545478617002488385831695629601954217692827658235725259508956348925745
132 49929307383711217803828635829737167488227923364168593742084035361598991735306224658754629422367322793153929830560901424456470299618276924830733855093688916974585411122717552699851887856716106069604643460545439749563809327666434928295249757822409750717603370894403897923689673726057559805479362153439403212075282613673474927869877482884282
133 18496629949713924533829801679650840829354571253466270844388108637329255482019576697911357001362647423501483202491127747970018510429806532583226978223674422874692799071670183855099042274669791775569949128927978945207759032037409501659087664248151995953285508078455144024669646484704200368235355334729862091863460100689022986893242578405305758
134 6852194380895178214814669692882753526891525587823112609989370038424580671815696342197900805654207214909831353806582881948615506602249028316642049446002194338634962242156763627598135547977326632019845463341774281519881154279651669877713269182855712749496018227060059571043210327935617566287339051327108543000351010803328737300650389270206152771
135 2538439054099021957340417238462436356281696481050440093390324422307020202775954988863586806132180045989149467798585375637125630377580667991619474741627412247438778556861079393660323892859177497812504510346095196076122454812790081051265940347420013785249020554965473102458887279718691239738966808943620572392956593750083823914009804462243751583800
136 940380916417220612098066148383101334503834694911988209781742190589589147156063082498279524745670019582282780992144348352000232629052039538698089243849409745807446143598875505437490483261764405549437806732356921451310971829020539129915828868256110843220914619571773355793380791018873095641872059438402120153778862900547208918762043298527246047993627
137 348370100331428075215115150020623641371034271232818654673473718359146554372001916946513967235887340537681527033790591743239795398579254003874224986987535689841619059553080020649403667930483739181614913110534936223683428563308856570808594013804003153484011503187883130155405740149354830804866783715166965260280231461609548790412665384574646807371055573
138 129055922643887929006499898632542373277948251722273875801300677960511540229121433064648794242300604739083550917178797484140917579206106625779005310868888596065990590721843267430613090378867831089522177242750196571127219464710377413639298963174691934628441008698391270298399722557446852896202706709356189438517952404126621661227687516120518128811722847896
139 47809588577262357420489942257045051740935914917391073466016735604059554158768659925200956338838591077613083790744643338533855552430593951417319970524193806522664423243070830840488706504387030811520335513861935146646372187467701295304199436931533680681855840361400227964866135919440812330045491112392741614866079149528042309931857819160729776944990218478655
140 17711366616116694864032076913081163405649442070921252387759733390939190408312880474298146560002075355011815363159755313173412054189500328870070568216035688937363963450168238957800989808577115945397647411274837555790904538635611319613913681122277831989029727031178728050853471926288714622723062420157838681710799859268619665622385984623537822881269032792703932
141 6561288577155444860333916277933140809580900111269839566143942572986169276190254491564273506211343134423587516576281117886946351097386618736750913863680366418806347600655237612169909955316384005409984394874926289958533068912880625461075429518788720361268235566168658623380857569780304196672231164331010242070778920719609467135881692151436816474525653640100684828
142 2430671146151767697282804672246775794441558487977788112630577218317144308645157359713289841944061161672313182373207114490697410139938594119144190039376699439350428307657072293177396953364104593469267539995386316623767707959207568696568546830980198491758938973319700461894682960978083615446308563120255964312511722163779156225435583201199531742505599989609612951421
143 900457608480337464388368563680389739130290438821705308196517106044043204144823941325457139075666330569851867796856960817989782696403381656527711288477641746849650657622949678510657120977626718129511227976490590891536508613357895159710816852426769269746823168397056695315021741052868872404410945779945772294935554010545873833515422143511428907150403302602524537857350
144 333580256610945924010135436242067808629347699060093787246924695520506849505668970341954389282310942531342413346302420091879600688592273771903239587811338424861717105006298139307936131845396925168372244214557960435657150162595521630847194678777612704411103567720472021149569097469575381301037571106995503296282319060049479451869415600294097912653578539926406256472001757
145 123576930832335087813783380779791953265076836416673768156409335734513559036847227527849013178910919691968315906109015650011607499707210688488677111172833802020374074321251395608417161395000109072383313463565752974210214658842886345803276412917603032112440366763239124363096094088557930641528499328277691253432209604600016031932239677682178645600747771083012061533099031283
146 45779861161719088317070664593734890280043050833907050762986095229328136476568455833613914410516410317057976041399691565568316308837396671752542051070296956670777661750934199373095152196159192900593447611461950276305715487791052616956522696643327658475971111169573321320359352544705735363926370323712962580724807074663137296618355826934145269931340206142569046102092338898226
147 16959441166489067514261202054697327521852363330511112014836829618446416875185676691117240167066581673552092466928911094281874204309566520134084325207545165911862898982382875752789587134787432165527124926608813717579878057416834739954789203600801238044964316271734853801028269288946072022541924553479104367754606815720609219553437782396150448408584172765557692610048418202398285
148 6282733004881037304502462354329142131036029446924465515210743643587589433890590152385559057697483716784918421751921204596778277298757401623492916636780664262835331234570989739523356082871919605099025494252158189095002419335110870513022178735026153129728501885880716783595246567624755741161450776732613935040066493507318007177881344831334449412719180216313506219741056344918791102
149 2327478460116803957978720534225128564389752244156557455478371952652485544546152541227994521860123232935175902286271029105305829962455144393091798188244633338807956453594265968437321299457324197399317056257015538092628750736750593119852076638478638418085263971839612366265454175248360852129495832405437802019165682476265431371964180681451953092336424082932612335860315290743707201498
150 862229220643168506683108680582618930236612676909302558104735062627316652530780061124231030204899318764665045269616324369649610598925776997602226354556588079071897013451010698639867131363617732625981181253533310385288123273266842394528825672114643199228431192147358982372255811944810665658996212790008639436928276142666254510302608030934577162417822653495199674207351415196846738287351
151 319418306837355838565347807509381881774183821733561841452875924102802014646319442575308023439770256484166156100323392812295381801390763295592893342431871672326282351878127758979703713470957977974937124856209117225970869283408015541561733999103435455501837961623806805407414579664241409256004351638185239652378450288531175559386534462847444951758509934678992198003452068043779199479575380
152 118330546332837946351183447781500958848515826291190369299348664245094420677091723372161255529993184161208424250089302777198557017116239710331245489036820003604356938705778518785963995513181401460336604090454341955521731985091751635846194991886243237529003628363058480477247313621602650017471546254385654550826035965200084997504316258065631964373972155843795889643945833263875397990375272607
153 43836304606540998780055616981815831213621747483616285915443923101412838412360770969469188083646470707552290324850232899243310287175890955556642642982134461848353944554904279822925379282540880948066030548618815432732279515188514267053219102748891521202865509594681823939737105951140240303533334323196735943354350612325584587729967743616558845021515738348541970258922965830518326716726911070033
154 16239438260957118453509682176990122983909249192741110400448804940469568776756486853628119684437168675966244476783182656428247450199328706187115521711321785664591561797878616819566249359546722574535692577289011073786979209867119787129096785129262183658622589359299654259197068428870160577507280368579093846795604268383030694937053698225372291305780902909616792890574481617780447288097911966696716
155 6016003342400519982334872460043985173466312088723713119122377356767433372175365527094440219416225456633620963548080260353875209295006069384699765169990786309116215290669401586875134507991654276570341832939756232328039499810369134366729964276240809641641991805418884779631638084545075516496366171554211878013525106344189979666930035526426644108041051225096862980322913227444487251135937499825348955
156 2228666757691231247562826399982144518199230643547258714825289917612607726022068738174412599963672362067169641762211168541434268143884358351208438634009346307476544918207369120865175009901348434699134258831238114555058831394360607831714158957691376439372914859277658111554311457192267164209525072465830283791639630853461901265629012841333541848237549030310122558990862395245854274204763974731163865792
157 825623796089185488178328651105419985427202488476131298395150110669116733926256609864901421894602207135082201081971757920597356667304898664629650150152175260664991058245727525967512125691385151901285667116217879192967813466103509847032974159306889953668257869396562527953417140456528163941880424578461234471456530574582945431448013969259589378181520397747799441368328578762680595617475183158500827482328
158 305857594149639219580796193502274171547060155349537272861594051846825412746780852368552231908627697101187581481350842073888807797656451257365929752724516253759423068203769281681849253865035339351387854614375348228232748751263037314580526534326360104521401577079564621419038978888755669363963886921613353141042517146490692581628950530522375586738124487228802346408395791750848124513000456006800615430795441
159 113306893941438781774519728114122878577930212006926061850509647699395019677583499121579857328459219186752850807816884692346056397692938654180234578818105136512804581095449554391229473758971494099526356280988060593778222006490360217028641813702728020914951639770810442352401999084284418973773916585391954617067554334266881116681014337303463945757522259296441654335258309195877139073548196093742003456903286370
160 41975260579520910233272239045325228218830968604482456128167233655974793173246870629251915203661237040523240027893372855639089036661744664824299286587663030184700807585439774481555599960699946836884539251755111068540160714409950193836560007464010084831120152928818153997171137162828147164874477462399785116302462475207766607354118128548377048354550106478884408478711186158226102177386082798988405956167189657697
161 15550002647052607401115900248650621028747973069407575236859024887569108751118527104479006302241251522188518993886034725830568321823865539049697893033056445675245818457565259326311354076844372940163869649979946067615205308498576706380142509266350155253143743107707599095680177673533313033009692474558664279453196867159229311451230475761622362230243987239277354983392617250872807678273377170093203817954146384572143
162 5760597527804625254526991220944164308823083979205093178832953293924548057116519752780902040689697038653703193388971866952001369387354635236448357541625044128333530030344219533323097888302696993895750852816450884461245916631575296328300790540582065190915580601188610916706523198500108756017105271564492865499108336832166649405484614609618948657224939455829593993501598706726039581395717071990145401141629242984229926
163 2134050046842830830394753028490224612838447570523376667369403712981610844253170013583579834284393433150226752183805357725636944373907239996804367398790492044117424031955831754959334088124796319824058578161054889218786474435056193628594266434549322304026033056212039388971484506446231740860318060593228048528087177213834227810765112200254566088062652447272098918930284424026517066477500915168488297991947619948484348265
164 790572432885359240690143903245075153139170170918138064126482314988160948257553058242182229645276685495789402305277295945749946504143880083935990980340550693084428075793706582484727032978108919057352264328070662559698121976363240021865868193668034937446231783695597279199016294864713981838701828098211705959396715954217902835313957057383366707041948218627588557268520325201423820931158066858645644760196878782446145259202
165 292872593387828070603314166731950452428917969940862488058826197055424494593901611397449170672211802107990668555308140833068237412769390028425169306759179156791527791614558762289755020312966709498682723744920176958932255202438555743817240074732791228187828776325871368837472877810231320902705765104231655695353894103481450608891274945910218136565462148775040649772465994468143711006275444302380463306953682298306274549634838
166 108496517700042543316936172679463144075545037573005154220791608391585311299696050186806770026882527258178877204247211059877176880698208904532287614812549367958076401854022268702785904830406535641429361112003504432456846009050618741652548927884551307524643998685256054521707597861228020612351426621194898613969260280041694512495674079540176638139995505691306237193031823795207375581193937233330233550300136437162878057556364971
167 40193226060751896914484287471085532855427395367194580697950808836188619536324672542547891521637959350244086100412735901702861478233961066174236895759676497505659350389569675908723220867133321745371433216398388353781148739163751444514332190877745448145637279515744816134616343156230259696959101774032249186894994821748054159405720020043632236424635627948235753685910249828694898786697142735494744356801446499129934980688694594160
168 14889836608738199031414248629468306508599960872797565136527189723342797362074474726684001336551512637036353834626549995454157286057238252972673974776981701105024634409114858025778000845777566701899836963754134632367902310436249017272238787215055951688848487099416162076356581813298508536145251173409260775058418762007999225193243739924193990734832679944977344037253324566931463407262852261876516677721232355036422937620447082742307
169 5516034813921397929003501602227086693720736140892744766375493465534282481928708924869518161392298217764661969862544429097519764222333396331909886215443500454131037504947528739145889976025535545319464922653508181674154793169746948701211450350060944901196931411990230719331801120599124788646888738779688302315604690959674296888855005105241078504229050102234872735718829470121668464989780914020372434290792631128099754495570866554550733
170 2043450231719587590391185784617092560840080206910251225539355310447860409766125472252374615319116705265833617331219872974919238486242550111601678846111847343734323208308643379033024967647842280792497051486894213402162689369988308923754430925334799924943564235601144306888421735893187739767500456168639542939056681646590560748592301117417903062653275094996156908196028242073304307852085153857720134657685525440694832786840504658190368896
171 757009154288912489163892095980865750712030303444582605397630046104480044055181848699898163510086183677278195329911497012179115615330984967287651667993205677604009568469389707497679331770102502368363953033220683099621329548575249037170357770395204394838867560576436837148957532798777406637114033181409350129811255460077412516069683650545363344784752170629382303161225598337932841294188228748156938101064469437105232209925863411541973582455
172 280438863047315483346945860085787748321522279847947369530615699748965744906948551620955616583218096801001518245743492308291419298597829697878395377212948447460112282559189052482287081377961840591373962852361197212031489012828964106998724710835670767924834622166643476702924965366491347075935576051587816197961598672217385842110442673506883936621433790795365126403182778159248748611374143461448351634424357980799564980864915778516824225490372
173 103890363097585140038875587964243280859771705402366138258421046259652052799482645053547455203844477466902494704344125867137329580710379763283182893662533588724930942800868785273123157707063064375232951707764013960577626815234761531617990254201710464791247852564818860662985341143880317367721136906151001953742771728612920318215424925602923006913470469072734527031775627464973431332762111835583879652288744759302731693358501174342296883164213908
174 38486846748936706740200716347051329288417233536121698171629197606195585134002107357786529008036992938638356344286741800092957841443871596030871421997269834991620078140038875952843573576329424489756022037785905547653504068232742860496580298712346935733932657735507605042491029564055611154663045543714031641870962602485090218583532387142638225023651862959112380194448400346639637652924990689134339701078938189991470963648729729498699278794576138981
175 14257697523732788800972143769966005575212330153041435957622671405652679817325590220919077910639881180700479731125637038057562133426761180376829254486328041648548777565913479988216208207590094614684304068772454840639295321085000074188351469874089684363169337423100244255278000145235038948934445039869279179387987359235602944097007503057631789250278676802392189648088415596528405632287072330633897789011599710185512681053721539721179377584383483775870
176 5281854863411803367602365719407661630559967721827555861121186801689521787011185938630047794069110349274166594248907246575804970824551404350747597531470076474386985631244584355778666472860316794599969207292174028225506139656375513074339524607952234031292245649324359872454003815839806592913645876381323545383711999903171396108415439808245313400763948797584828016521656263025910695125291299332958636043909177643359744513408236685802524776371366956063717
177 1956696777422094180537136928455941870109492703158586387504349347176119007123404334715971661496370478470699804900794938267832068587308549639737885207971517569003058714411481053693085310726758891613589133238147378348177753618176292867024332322647391312796361931786164175116051920864099624318341761975290198218469782290886322386219701575774576535132992357225423888879781210779731356978374757200145686344213142200424607887794330711560608894286269552189292523
178 724870784560121705168232368171557239589888272505373605345711100150840721267383818399176575117641366949891633404581490509465541861638659302258696372440179666282486277176544421322160035704588239139908557541159232656683692445169959626042191450659426260371723867825102555561362815606363840506032113064391443611218545127805735243711824758618250131254667472560716025467220751675445426981148222093166923688677508790790987744391357928532102444378042170322652723226
179 268532999272917062284240532477027295455384961092832028764111713732974369835696023827096726387992893209916649473359088897474799458094239182329262194152466566940514768370611032247982673461900140271479982970123630909425220515707470244276181269576044955708778873890197191251836420232313591075334491675820488681851721482895177368695316423499388843817692241662619886376159593956684254488925282565449930818807823229230760685246356643202555802267759939199690584963205
180 99479760026840456416349491480303128105448271948785190757579019358103942351273966371585394159469772764191469786668439814372992553895041697743913791770739360254786568690259414275237595175898865281999315478157455694745337058888030992924050185141709672860666309849028330932973271224528211435010647691614590758301517180248697240118805591810532865897174947186605016387798177753340455187417824200480031223370175824861744342744990396020449832512463439192385541375301062
181 36852910747628362010108776522834748962960445854523795167386017583791200997788740669911369026924548002212246011112285168771693964378819411475993752579533974730062365450911701562709781564340315672087991167295545566422442074430304380445195537979792237137640385487767798320775549464221211322838371239745013645280777198311565208582017036879797281236265961437043935877173521334614726288409508492412153522405660710806122293248305497817517569266105310199761580649930335058
182 13652395524539117395387024555256226139060513338552601708340769360215773472795012187141674413600725201154918721333343770885833345161833531558994097256019051336057219308065229844201812151160944923830896130548541836886322422935695096295324959890834783565353057258509780490061189122828833834088521766163967342478155267175773234077618138260481507511506210916150040997979343312117683700645600388352290038855693230978459640194164343958056900241249572868027677498038427589471
183 5057616882282508953353481266217988305580288557821518777823530792064688314154243650188639256579803767557651526362231366145778061905201769403720968023225806264859011899380538859223302090183916788847467588974792061608794307941937927390013883587276094607945518370991220768898749500321346453189188569739069739654041903440218247725910765758265107735505874282870227040575741683720640512565102316388831241220289305766053852085615204234778453851981024922999167378158757190124940
184 1873626389007841745627332613405582597343857735891344019230239946381700693003493413792649354741314330268748018220319912272439460376021880358180104377235466593808808646733601047409883598709849467929498525230307693128603762744103525864299007286814279792515031768019943637757761873663021890806968770449095998345002799830628622856556369032961307009344878407573796445328138315038734280900441641591437528064657771885407243607683273986682441039600449491209387451278558112635913127
185 694096830047411992782056174037620580041865247180020794684884712731548336820062421661714013999553785248856463633864616718011339070879812915931746331932277565286627549063190866460071674483356505103972950547285122466265578111722879101968557692245509118595796471179500673871571133184359684939373407070687874035692715198131481842017073971277935714256086526001565800322831671699216778574673204707414719560398038626489580179192951581625041108291757066760684218702597468561353089353
186 257132591806086885453674060100683144546442625370756666523246447815040539310153183436658471270438476728848362958469665972361236137434600364485659640426034983926869631556160857419255073929815080077037404916558981009513185739925783570807438838859277411405702394397402687242173243132444348084054162531965072472667147816302620096999495116476931074590132564498503409737182038481874353202601298269908109531946107776714541994421020411511252545232200051002178818892383287831656517671156
187 95256406464785906671940673616814630427242767614974341098800991851657065721056026478716074621182279282399054695725061417628378421693692245521586106028248316502436238575650938625741059962091329868450637791415226701471544406070900385904724033828529544281741175784953144519920486372981433853617710858390373348789062271658268414818097112197292797657334765323507854533944435756525977498694876510904403175823944928152388386823109132949378091935076414943885612216521869796453715104589715
188 35288342519517629562899301733310688991847723984728607096772575609436782656787342979110836097710495347328044456733883575727787503412102359488382652245011886063313056528557727138119129595895969039684779624207330652208790807352746502187849065438452797941276183900428787815339293863473801976282069347731047125606661254524443105977220515052063876998017411164343198763304311807304736935126543039646165261123543205170851538880461242424838030530380111714973754087183723142908178225568443592
189 13072791258771055314090309198734365390507648810330742836161956909437451211232019311277146576092171812399679621236202066393331694387556570250559791909993574392981213991871859059073914948547881130325053047254267094025193394642628446242957517133785077838284297817673722775027187909299251073932051478173183867857720383643266782166362494107816025843722728308417028723818072680553048460184955864868028743825446519508148643939987701525877736797329442025001841357651434049351853356356358644048
190 4842898790184860858967850357571795428008061922540237637095358435478963329679324191184066110651476551341326158583290134988276895371696218633498428410434934978219865625995233939904822911672771611028797254306413853419493247337064162397943392732010634616021533044381519589542725681673837425660598489735981498013039092273903455732106937577403226898472982489661469239542574450216287535117886787794686994350796428228497419941623169345918192551267687447157210487630518069239675308374979433535001
191 1794082704123191007470915858169312015586584991570628580150979810341059597574849522548252401125064804825865376481394111286209720483568437294659589811760970809984233912305652827309593391641951439726329957252037695839530708969054514952591228023296996488208557019220615467194037324787616409495318464356753698630095389353056761950472831294889598134300496691376873968556157183489739376448031907425185694475710098166119940918929628173023929252347140069469312366901525928153635833749870162954976410
192 664629365320912967547377690971890693806635762921794480340372637966272938004239767960448668377801897366926060387493069841442787038443842702863119733951496790935534209682744273172169862037037522982664656406861495291493765325088175608717829468068541452178683721291832441247007286369009993834557542361637103783907500545425395311078775787373314126425244859426356617554691589326461696129756982707876974470234605680594779024122774388204367429227414622555219645072679886293547669471706023232046819177
193 246216181802367996795351594902431304447793265477940474618807555646977518667332950688238272032838199644130994834124193516692989472543754754954324635672887183780491985377040336071530771251538828420584536138261001086282885461292255812972257906063010107293465203066790740451168654667924874736353792327331490310433932124469936478109931836640622408870293118121326062396575865802013535911523129693934183252442985142221823986371548665410144894881489203432254162526418175101055641350781543245933686599143
194 91212352845808283945159392373199289238255481460200935404976187727020921544614404337827090467973116135425335538548960657840508226635284558991963073266575670119100493823357576116879484317524345982301284798741947052660758718329116426301157824184869577598636157078738336665632866097001531926082041745289490957955264923165491295926713212546182251103535016209517475487265097768887232150744527133307421713139823415313302682839606327384328171638425874841889149996168925649804535280535718752582128085743886
195 33790197097387591266734504274211458759120381670454946928016141402075147947521706040896630289545120625546708516562151110021850563575224611537125566400324664631723110428860388596542571907963975817957546663591200835533237604247351144139615704980285463881552564845224971679656813938421024977522164013746211272959014622537803977043825075342650560202099389475135020997684639674445919812106860834319463687584786018723345769260992654775307505427160964820424640197809469957336229773205028563038991761679457185
196 12517793744564849639348993433537898653162194342721033740329987686506823938329627631307677218253010935929801198546857236429086406787580187642922616662865745194179220977424939235786493447810205565150767627210667293395888768471039411258385839491252379755211709535628408622150276273686252359957793302111459360111725467592550092796308443516213343254101792596946477439355970231839097107388473482793455856390621583615964300078085402841525392141987500398301681560773906586296320882127770484504343040755745485002
197 4637296425938320252700395331903957590776024652937705071845793675735832950131290647783913378268970076644732201082494675588506960796688892995145793807612598818777721237676187838186936713798360343493997441308695375088923001662633716137871395534138081893628321137530544981472858103822033801200738180342489404374245947840369477943220630937916351029976161558623680522366292020742971926742189154359164318268719907583005187838041476396646328802871912091037989187864891956302003188712571716943399187791308267754638
198 1717915998684468714177668000650908059646245359291886287539351460406523697696396939392005967564280414858493498819227387966380812766770245440504821534287332861154281138239604276379351003489796980246547397709918476513697820979982200901197356187415588477016029217571716045624321712530933803616627673003812531170053007645561107490703899003675191806554325389521423279889336032171653544721903496396613263288783019651131800420248743241460037806854847440947712998080868280750579600130899206472784986418257132106367251
199 636412924140146244177204699094786624737669765204030250103190748794210474465914930637178000485529318933972045033662276833316885611646130225969670823656021812616507854178865644242173851476944743369628711527468999551997948492502451170660418142851641645148241607241131956910522142734758008239676475446698659717478534412374022768758029739297858433448694018479023849975696353590040279950433129119095743231312791226639380195695450674956872892825385697961449422136248489748502951892488104845339707762558050453187740840
200 235763221439677744405815568104284676158474535738076400430800856439976638778042639924094370766148094460294948720090883195896650832946711741454528939594235807497135042533830459343541576132931703268164860815998450161726341790129834988393681281972497236661126845338509435972371712484520996667149878812802063253479254788863420563912647483946791591926166942091062856589501095454294926021357032137360544566808677747200661373439303733299916270614244455754718258982631236596929977943744875831137035048923360136283308254507
201 87339987098335785024470783386437881720225235826499620212715405536797859802733596280868229658975370790065559075687451481717859065006619139527854230990932696414960418372910090918282223573957094238536736503038084287744734665682259201319362172047304874391117799929241524172309865091840105381608006556313405730955436883437225148248285577475538947013790460576251653933585554333935289963771198697004037831971768521946320113434392121503479189619311781829259916359237838825681077288512842004445534511433580806387164476728773
202 32355654540838667001942356046382030867666810967807734663851201758536191800865258491834911350123293355281844234847731442416396101864706317079064484263919434739520235722786585260091511677994605002940454199180933173158284610927716361286032061771162278391343452537063959455425994779021331350580129555301713953383696449177189286987283004378883505308594201597339687847937686372331887416414322137444870916199472792766606478555304078234237101540120037630435381432249546486527375794663413975420669345368355190471266298587233896
203 11986358317037600389018895068785019731209112436512389707436853286609948300489392199479040848206278901768951078143434555779105415938759131063120609568213018777848331461601225548856200695584784177828778302370818598541757058352805393167766739449803388557436492068527241069610090701404555497248487064693557152487463072536621103599212165407869833800655039852099735947720907790892936032656429231895161286527255104933611308006271447550876686706774237685564106200270416468310062428990723886612760289712647108217368140199727902895
204 4440422786782925637403340646530251845241259138924253054267884832325265633213610470893726828962152859369847112563507171651445639838684448793712059611342714226295088980811414256891404803285779356899622879638665047803032829082305020987309672434013331105366002455718450447853079841332667255342270150941481632838867410634866810785506689095676442227915960686670834163636747393973036133452156077844492910507436690030965729500198747655387936643757533579408535196541346901421250608293409671941383411562723937995484691394925234018252
205 1644982905054196660688083615445256334153701823196657295238620962904305766904636741331137466381943134314196081979433966471188188906038844602931888122129342507478423295570060433842555562171033794857693434269099760542408047883943974378943516097714859876548595732642604470964622017101043253781451162981901190272897233251219066542045091857871454864334346912623062356446291396802829111731854063331612148257023299931953250838142181950307082804916387859733451761057883544901744119084864928816549952391345571873902123150654224833008908
206 609394395050614374202492440730023599615759953556345062664065832812967587225114757304070838440496905571628619751327129859796843511357585469127777564487189277852629886361485747830976728626174581557751070381227687989219511827668101428619739717024833436627863476476982202153682454868925855690212344035089372230698182707894477480592578434173170878044763609630017651229799116999702739189985757935828234025642273217488613724653603733150143850932775033793316006728741956990807620862296089660831341373054348593204376393893969244584733261
207 225754035241399145145815975232512180732130821202091517834008098659050895093629193741124241917150150326579332483521989777446487898236097137240090731770468052822608206682170446648362170598961625852225648230546457727542789421076426543181895982701632852346855071448137944714015990208426467046562803911449679777536402719653997749707587634013422219161459108842248350169127469932934627322319486124157149853186682211482536711365386114524140075939875074089599800055494990099215904478125315879565705214904501712517561048577897727254942564790
208 83632020316730850160000767983886879356844526724840340440233907491959141718880402384272908862831168053295845164859820602044631845923497489399539810533749906654764610859270584013380018009078069483665315619054500521911309910725382250053492962858991187591043253694704514880346033625554048486350613289342463545613133147300407996852494992561793285756376375867623574774273759178750853481271934916936475404258678115446048515425575910051028568678068257874321505557694020921783070088151346172768515210609167997705952613927183537301626840926957
209 30982014628350052943841903335705352871167605891021997911129139588599356946193669355287858915895464750487798646729124756317665270269035786880301647896684593443419545399072287237745151083636842656820638302745575905472607539320212812047589818847116738021016120485521986778078437967752894112451934561902345867644112069710502585048778821059826447216720333582850062986885507099118367746604144078682954050569040564943642806826948164215301363102413618434630697426189073177503479489879575456094725062781425867425160664215081596252146354486409443
210 11477484661927610914656730239155519845798630849649264208484007626745925356517557709522337603851966273825956183994802834831286571807218661754972333043774452941669495677825727233618567941494702998813087303765123846012446437717178422564081876146827632966330411216579737477016517300204160602267065738150521443624467863796147600502910269864367765872665042884998168894172171072728585309984886319451005825623183155567953442066479882118397394966484571692196704980135476347045919846207296907306872450381257045715514255284682186020972302649505586946
