1 1543
2 30263
3 591711
4 11637549
5 229271097
6 4522455227
7 89286112307
8 1763973731193
9 34868594406281
10 689542829566223
11 13640600287798095
12 269910850141570569
13 5341921598774700885
14 105741580472088580363
15 2093389676921387751031
16 41447508680218403308273
17 820694392264596770958033
18 16251437746895628469153635
19 321827816536629193225013363
20 6373415847352274072415709273
21 126221755399826015580976658929
22 2499807821914935920140056848875
23 49509352433024497846003065893043
24 980560356514029803014394638208325
25 19420772361121712232295265279245701
26 384647275615039011980960846869094391
27 7618368338195853450833824741926541259
28 150891141270807440099114973737121378617
29 2988597739712858203743714045241194466321
30 59193321777189050707954670162964546181119
31 1172409050464185491653641566129285074950531
32 23221301510816224499859551934083918867251293
33 459933131916205182884057547279059938935736369
34 9109686222578811508207397160176845662673977443
35 180431599969828531177717249227338249652657811547
36 3573733337904994517785102552168300086418529214133
37 70783489851385706608170495317322698776673517431233
38 1401980656959736616705214007523220591614537526257907
39 27768488975017060628923300399070263599383303603758567
40 549999902916281939749710310327403358457174009259560385
41 10893641679218276691392871791193823832543696625942111037
42 215766315131170903597542517843410775418278594991649809811
43 4273603934847300586271735683207375908329204986373241583531
44 84645709418837914890727706536430321247548544779984793111277
45 1676546754775789555348614052566401069458025612110994822140053
46 33206753792998288516131517494776238398800992811627426766981595
47 657714173211842616966040643135424404698524375890276909569080247
48 13027107571347898783198448618756416418659188415653169905290805333
49 258023233787438320889588458320763149618534892813797431815432399889
50 5110573527045188918050178947765377737578906535615287660507070250307
51 101223296764346762280128486762865370574268183521279911883323371716375
52 2004893567376871702613531595210989210749759678770597333492102414456221
53 39710209024834303692433766321885638771300408414191106338459532136681857
54 786525900320757993105704792613654403631521288282416852456005271876805759
55 15578437193197029650343752599949028302977281354509608288562834014278281307
56 308556535687870259277763397081103670360029853454290430923465254697917692873
57 6111469016037006046770309708499254146961771712712003308265640848513455842473
58 121047682907353653502786052786180215363792461988937472323255756978816141969443
59 2397548207674468766488019980644603626696024003147481340813708434995374956407175
60 47487380881621631844357636748129499993942088850173217174756291472169676049602481
61 940565591292562771677503764672781342196789265507634734043216043579185157348812209
62 18629446739760235928787748712066859933918777399308792701020177835791875553506962119
63 368986798455051204910657423568049007602305529246166392140532777172012610293453585463
64 7308389748300092632409298629413733624775437277076092258180179771699553294014680972981
65 144754665962091507707964253410638778784402420864934770249175221456287672957703925123753
66 2867103979442505767589412977673873854369507636575743374877483203988803201672410395144415
67 56787704757360728967701532830591308574504133540960840701619480482828399299283088414036551
68 1124773791239018046453403431537830422874470642903902647277028787262977171469490808146419445
69 22277992872604300177966393919789335632995902933567178794771710362797824574503399082557543077
70 441252250376182032406686526061407882218156488842113363034902191703466007217323433142550039067
71 8739725773834502373023926213385896323404778478143138032600293222523938268163909000483279538435
72 173104627903427416742792421439968255047501784908461014009172347820789273283339789863982796206309
73 3428621558666898246640914483879185984319004829690354011215296738411970371596316851517879938709913
74 67909483044954435698462794164347684319008410090973247645467929126921983821590749035150273962684199
75 1345058884116584647459273168720402562024186088009902863326295925517578530772340263543202083574372987
76 26641101076321858979131168789534648814975635811268231348945777631401916934387183021482466477629963677
77 527670777072288268828181480345725306208548824036026111119395655045878718545949771671575088975365338949
78 10451386682103031247457954961588996654572803460192364792301694620465951233954782548247506220900000611199
79 207006884458991097943384765739855448409732896832731040552657517952762067542380597722698985252918926333655
80 4100111451019916211599268904785461104191547675565115603761228138160128577218535713678642749357556616336453
81 81209443613434738731485574146892531468960410428612428535348234114824794548337448757706572595003200266642117
82 1608486454788850533216320740764201347365189457938247452947857394194305968435691676185246385418870426424274503
83 31858716919443259938812322136228464569088703243468936736854946670176821515261637999996995802131434019565661751
84 631014231260465037438235239179330040250163328568964641049198911267802178888753299302406577112301341316167491025
85 12498273582787304580903955905749496499502298464702770054215899598006114961062136275278221371518049010140754313337
86 247548842502262101849563329823911341061661608958806048701770432341314428084387119654540973523351015622854520913747
87 4903111539248695628502531070846629787759437149831458598472550160891388754966068225656205011963016526796780906454831
88 97114179664033869269833121998375554405535140999151709440930653490715004852936501454354757982238149902484101719566245
89 1923505883222554272497438508825669272736240660071517588646608689614798536815711898127009994270785924296233425878421317
90 38098194265745535760961795478373039459537821892403060238686148675713849843584398213013353240269620193053611863630592859
91 754597331348394352075340524451560626875949730562076634157072688240213143922376673274074113939231630999339300587332751239
92 14946039922704749563493288600760983480401215125621921250031706578554853784278705730955091103358104945705051386734537571849
93 296030876457151271702521550690225011204821207973580820833399306078489455225190756796774722508380482511003585683631545374213
94 5863377875963445854987698468277663021182929991986837574515830031814383961060379952475215656889061818627890552791844604830591
95 116133832145491168333410189790544326543512900553863364712296585938248116134804164472532076145607121663625445485749288343833759
96 2300221349214525264407957358343404944709562232252328386492135992298840739660125097241659777852118319612925001957013525345071073
97 45559662999457809719554718118401613160911121099568441045363566107877821415655122126290783533095847136063881032812730901868400213
98 902383978539085772388586801234639289404852640223304445903011664594663882268293765202563127467144287322929199928135778876820413231
99 17873197278344650025727704810305739714804856315540720247815145111165191404094284738780300883224498471756420847717497573293619557323
100 354008037097309037494188167174332540770480312363871477742647113333610962047849006197196768144986173358783759046408790956641119055949
101 7011710796777690738392514594992568200054408031700139263590189321264037242719107200208683203386697723179672363407190764161204067653521
102 138878452310787456776652970602645937219771512836035227928883719911811553818621438680787608971795943075154338767994911043064392915376687
103 2750715920158165876647184577452245617404884914989159778016553927001226678356808084913772267192628782233054867433684304325373211511241839
104 54482448122906967051821479462429972450044809057248729593764554408725854945946753409254960206728075985777515385387268053970516699237324473
105 1079114397714586450462438723160879817347744166211339559567161851216059645400813637811027355146438778389022871213879965255213090135993152233
106 21373633591647605820865954481288442646435973788498046443391850214827525724415562326676392253362802827327372386644052795055540473758638131927
107 423339929369424104157576987189795928075670006860410483850866459271112642019621209329320967123868007657213780344053972843685258912331244010107
108 8384942832956015464931788800905637454192267942069292236605226250947848285377572813670301232534140662600989474925544389180401683003656100174721
109 166077568956621605221602037793097981370608892206719748465110891681065425823170368116809045245619406915413145332783309866477568635520339441793829
110 3289439112468964047509054880600776446242885562582182365008598699487833394581284661315626889772771625998631016269395501662439802474727041604556351
111 65152746048847576719389878411724871759730816292818377969141538735303849212842310291117744662411850713415695512682827678582262367529022898511536667
112 1290457179041557718940433851186128137069585937626237010008870374112205375201249876554567886689779457590701516896053691905521153032915134789791840393
113 25559624604178339935081113120429726512932951730347311615749157780663821686962579721847115166264292038938743911212195393025324835661268390304396858805
114 506250358800541079283261866738714124740014646160571505251957600932429514218037221801243639171733070068744515076248897646074984038738331995753580650459
115 10027120106598947145845193301716339598064979745737169854939257356756331248375499850932821941680256550568847367417976936120122639680679344755704988704703
116 198603587897454727497437140880867976568812043250864846695900739672817854824813279200927374565280721141883868852164214042279812756363086328758781458449845
117 3933670356634509448991553144572916995483146596559947181310978549338127696466171282312087072979184473717272785592317671236252018422970148745759591524444733
118 77912804287577593778666228332846952216637962995522253051622427557557260150986673756608377867945759147571657086914877232841709237260040074276576938311682911
119 1543191096761848511990577149571826201011128214469063150893583010608928369541630270372450090443567575816509502353368134581510185818502878280040940912731871147
120 30565435077078037110764897208770073672390273183344206923510937099761124253105613207523893779018186622530352889015142744119858655250785767580126265919966408477
121 605398659577187869600028897670489001872459603140775964984604559099173725244296466444924378150056000534461815864221389759141697231230544071575196476576073103333
122 11990915100459716268991100101045599100818946963687104103425733724678091212520639004332876977432119492902439360315427124573471136202940566514525747162307727083203
123 237499774193175009715798783500856290924920470426727215446508192438662018403263541974523134122194829972472927470940149476138292437829647682701964939597104435833595
124 4704073231212070702651539518990519843196080054005171111614534926676360596234610842461427257736596363699319719596481265318049369574451649914977114558758320804165857
125 93171898961922795464733537986436366435442441229435852452373719646537751263218362756100821029640107555743509976449793453015692208185059467467096287291354209867840797
126 1845422536913603789103313639388760663695573340322828753311326886428567646593040100235008175219944672370725213585341055891916463182262347147568265875102886619645037403
127 36551625304325137230307938551041156514385389860803723520397719493050753798717058417858780418174272743146777022251544230471676333133269014922128550059334692201363322955
128 723964992116236298908308874092213757836749889618095384535012308997298705907033460653799894321678775948424576696727802511616303665006054090020910405260596021447846054593
129 14339316116480397980472539844901813303499240625608743333359874543311770170528798419183356648998799022477175092888397138588375100158485281867529342114696529472978792272953
130 284013714651193804904447867051000956875871142947350865304659770120725125509597118439142699842566316227601049633277893976778754346664456408409001434177818255174739562438903
131 5625358242661350080183945471927477532550216559299418850253528179392642562635292105795293893854695771351439723944714023803165968882610617885994248713052780983893369263085639
132 111419462250764171743178333671946473512571084997481626859762007396318445471959339776199903733071043733463922160226608987679864428860299787789724573428152023848971180037667985
133 2206845507918492063044615611988389296571644527128568769240872935877307741913167484780917763876135402748427966625353655607822566085018772102371600345539757783588096643104109837
134 43710201049607249857246300879944292332083246935260663495321445247687918323881537608518767025440261694067221827558633162921336379030889908854294556774109428162762999822658660675
135 865752346025869830972582155093962779785287058229764600381375182642978169526346606896238375980232770748785678187800569942633868195174802246253828969871139082007463196008650001727
136 17147647612021958737804207658881179750770960268855346812809136277060615042005597571618648001031899167057005263892801930801206004675506148317143574404171955034469818138680550683561
137 339637333904834755732568223827430438595260007974691630180533773762374552121766906509476294204196633508152958849179663244175835666451712132928767481226535720533427891716997164890169
138 6727075409522154832689425086301165084503309139692466967832951300404943884044358591344610502030924144446691026581884015616102247139338132109282451338955909395337407960925377180019707
139 133240780820866881700878791894257439801609750574471941884045083881158500055333965632045810295933634273349065185152103158677270598861475137727676908581765976866281765371633289907373659
140 2639052573816077763564127445686977149872034764502255752511002262167188605008939668070212449674824693190265371919818242434427391784065123367943573417718151195558770004062570998510574929
141 52270772089880582708428992415021671458021385281633634822571720806218113032681131034114768274875095181190655509723288780267997244933894377986623313275399682111875171613945275013093426937
142 1035308520179050884652575651732041492174102551654516237403898606267310539528285043467405826383875022079361875501290655697750643158150823425896941901291322884759989162154347860627155182851
143 20505986215628233475866080537761101646552592303964208946848950868690983955437070019982782547102824805486866888392339490015592330736743525117951182172675037256199250640628235335003607587931
144 406154747574967078623516361879741740120578825816007176607675817700061132538303099254387532143197325801002110668741404274174926068762005302900827961299749962987207980268122389631040261898941
145 8044562072901567266313653942526091928426285469151402620183536877392692405458982254834460654403060080719684812233759190285149461017396012918832512065837874469928362600970168668853457831648525
146 159335768770796958193270085120384011326466641634559479090789186755422258661241384336881683146211486329436627541143133741243498239739813714288112147107515892679816914896070625289358069206112911
147 3155906683261354925766084801627091759570916579403576118639814894317442557375203645748123009420512511433584524466785457552235739535846870164789393576261700958277467997692979400412062716637822003
148 62507916899567546004178460450093691988467715461910756853493629647587387635857197553163594841894594300825455279902875706218111768839633479462256014107145764229261850704648325670217546228338673009
149 1238071992383960424176710511206205525817077931012577199977375741704594400923972244426267827460585321094495143341114863709870145284431785150962644163585739337033396116354726211764585735859236925081
150 24522049915507486998683560258980245768556399587608989346964314028864119509047614900311129851068003813035973988101553840556130295548345178219356471229977132377343218285610124613910723961757562294935
151 485699487394713125489382816296342662471657216031417170724594277599886093630330181616457914004333697925899395948797950154329603223737748725686803127787482367391556423714492454700187317048749305204267
152 9620076334087546480193407335632129262139950243783342874693397520179283059277244501312023502145383521868954372918385901038254863433956875383183831990139172111873645011681669107575497822476157988550933
153 190541417225054818555859452625532556551003139401121150368785604894977604069847513394041298570089171232575505623352415838399129482711171056750292419259954645794415748237565009522510962448935358979479801
154 3773985820620414419145611636190182837141621783450456640427012640213862032076468516228446106171174761782721266610391585976089865297547855195113347285662824263238948875888441531305321847298708544224420475
155 74749989696051738071855889411705824960147881888450393094047041659933890071810427486536132718666714505521456897801706650785887898972690707538085241879181221850716811718951933075621474196817638067359739779
156 1480546357389675805972082185872599603320693732262328039275089597259428260156291182919125328914888977320799328557872259702567990888285464775043949451221191667318001506511548414612685478860654142654965982829
157 29324653090830045302582763717800836115943518448287631611948085424402966814661561024214068212990383347999126891442884684970106530291313740844909533464433127026607559452023326446585363320652435828140569719049
158 580822933780786361746123924210493373443593822046810233977597474711624031503283527673344543750577665979926938021868804067540844844538135115908152547385179187041562316870908884681481718569427972315385649816651
159 11504152474056455113565408687049229176185092892698406761996046722841760714934290516309362538605840399174724591883671699337867254192066488239347845454468483010660330135808506938008606843351233328473342874672975
160 227858640644325829566030943780434839678988004379777318122297629613888276503239678003423265852909311389542954211629547227244927127677778650569057053648388499465873567341469997509601459618640347306829962230788153
161 4513114741252448606701177385811309561935154098012199193457563380338093536242510806238004329710811265559543765566387637963128328141096979063389827515337162388746322071397353102110281602702389674381106679562587909
162 89389652330559395273505930466905918950354011664020285470263467642292776536591513045132146408303986334400268360220792269727789208388090799716655324379983473516753506872311367159438110268611229229921019122887011499
163 1770508928288583969595247516310401160936387615083077807544618734992336216578998920206975306452525795964360011318680828793685264432956229374775447453411570085761267230235333634558101344569564106337801055283382359251
164 35067838205227454994674013214430545860047282866577073549045716801114723045764705526285674346054945062422201337044386412527915543854070007954173087773707829218137059889422240841091709173406847303449964298945630804453
165 694576150811461363710749332036584261655610610851798145267798688050112972429741695699539334706563439694243694752235033524298820955856923470191715313242597889544272851591356898393494070472618530984007159327977624255325
166 13757221829663587944319345432166238624600891841986376934086491032376648969655427416083575020781880301911049525270715569890267249084956903158829844746705930581082917490285885244149236981942913347127090831429152537557939
167 272484380941473171807326947221934262405564190791360087081382147970861580785461119716543141688907693118329680335356846615705047680925171095499455615142543763921527435325896169723701686647437562865169788362875663206694879
168 5397000846272861477127791399457872097903896182148159418711153896099633995057624086308117524442043970407826531350971667405569702687167339417877049754845566036129055947951094035698926651374220455820171987662659630803651597
169 106896468832561431210828536541855942063847481195287052892040611140793339809704181921439491031946276501527361058132796521842967598679719837753822036493111677418272207778854440012196379850508532424892824094177609902720046169
170 2117260192160632974020551773552690949790242711127857205111525034761814534749787658745856400005667862119928354657595709880356484803062027934048722673901486717547348244660591700960467487685504260776263239289798124719413268763
171 41935816685673252628603426851165265980087001709437238253478025261594584036245412344944355538245897301321080882610514128845165731328516882774459099756706047959264528830014909483916775794588206699234333524469070564296567778239
172 830607748450488126868935680752934761385651776851806152634384628264251059564694906750825455769372532027870552922569517870660195068234139919558612115111623506207153730314611531148578058519533818497237128938871040646969628496853
173 16451551115771797477066315237638573217219142672893391384106888591820546836595272582231675710430232187072136524280929155800062797793395535255419407693453429789241421042264668294284220322234410310606233655681710213055042562809097
174 325849999135886604761455913235857682759742707992026628151399467811797901946840637532868478707703198140590279614660793489270487315834329706289862762893974800926229950608570161091105411120092450853713981210751878610818039726522391
175 6453994592343709490193867148616999730132703472094592269498459232969052905890009670904237129961523667297497918791875677020974808054214507128430439148424501665767189227500549921312927279979734136757427541573893687686433244102646723
176 127831966574998187826314645604294110667964042699345960489137495043790082518371346682951712237594842397130229338081507720282475539461436103197559987514789992585265478720426531432928206374323467618386961293562366827703428147636523265
177 2531922121195543800311927830274636559355378002483585917970227379297153417838841766512985773556089918758432030130742089084387945062638767776365597354456948262729395468943082159237504228007299467442664852104236348075293940652348369393
178 50148877464372474133555261114988546321175523040325627056281979689714472674287726845704249236756063929565659329264415575333140270508975687411493375463346368535461927990113602294163378607509122164773435612003111364513400842866664791419
179 993280910926728882022768667353510724443845510047347368684348498285067866115260458879400237641876097163980958769937026068053247283873654176570386286367214283784608290181807373483679305313571349247607940648030133982140330270101684391023
180 19673560364583486363210523805555304143683215835985675009544247113361507154846765734038633214677457782146702545238660901968985124403240317332946916428877282001695924274049177554918452476025752409637240450960739930218806267842840884756713
181 389667185950240889333448052111406831509481834052971072542810072411099251226018637328830540729619469546071710432129196794031292454489791095412357415978606031623590294590017853503198696681059046962570555256723508759589025339276312110213177
182 7717998826471909041254182373376772846523100069642510698868169919530423932111549058157123973478378890337908783709165765389751489423499537580280732196287544103361737884744187707029330931436395972328145507726921281328153019608448625382672031
183 152867647143961265705791240548064274378729664233413822300630688195186978381712636445450050413332513460648634561011079956655917143337231629384581827554514812366683598912077483258312426573468326541342669284774333845916582221469014518829656671
184 3027794907558049572054176027145536459175833711207988749213100574049693037991531495348284875575042291974165637972563324257023485506395316090450648851618758850054280712634445960689331309954510501333453135709595970915721552131797717407991869293
185 59970452698869864060073386121130365316351359022132683213062836802555994205104317417532060179705390410031787377940031020254014947884068263199833071707301735410843582526974811997841255517454204807956254542989567039133703166070544265353724619185
186 1187813344929617134508193910034638226194432405893202468540452205345147907954159744496689698649076247728548530323948842864888169379657698285588816905000431592543128997489028792627880517677740624161472818003046796674506010845687280732689394109879
187 23526594829581365851272677036245461235886683656840310242333806694059628010362483964453677117117367077001319878347904038234225656211202951226625140949011021535307875375990461352832436483158451533239886076829692796929368234504339667627053032542703
188 465982863922177828482756759853818974203647592624516995679938852704984265151589089315551811812778183414481517591352489847471510279143472051808368791500223303141890750417142588432099176553019863702487665707744507290217938844378751355162062504487405
189 9229556212533231554004363656148090572276846252209753677056899779790886809762004473815183708487811233959837466581801602407178053477404548767118673717890735174140389760921305263382801478920685967192008682461631387559231285738968807705955325573035757
190 182806524607602675406890198520106605170353959327266538910132163911474738340118222840440199666714944545647653015130285478170149055980114605048629130193135948608273817886797075319278672300168491090126531564125446256921837945526355743797652563788257203
191 3620783564190217908930592735829956731060024590335331190507208045290237640435407243615070936984328930092587594799257285618817227189079351228464653765184942251949878615272007037240207046060205470518990061744288573980034026083729407362765376901231312939
192 71715567301829158414450986299868270587391098744367150578484635712791249396105631464879420881990768712997037568189030105985527214194189172470460461751867468930487248909271195513197415901573467199178823396645329802641853087690984286865917845151470826141
193 1420444636428700256953060711763529469492960809609438358531786963758735576951613823539185789281571288499747856432347399341826660210448845410190168308445223552949118165330684711898371622209830968202105030836149651751578278310235795219122065039164800663457
194 28134239762300541345226697854784577515840902195491961834918247750486443717835379922087791536645819947964489979854688844051837828560992709747164108312572163466081159721492534747260782329011854115358444002809159445274029889589157168079356927167710180690239
195 557244842004332658989382580864899815305349452032405867497178452217615608052094077877436454521872187894286660820670014628173084982167469078268701111203386713288317455780938501676501313173413735807755010906471629150521855921990866732908319864534141082811299
196 11037149628493897810380249185555546998924750244852723077135841270219223312326113825414228878467619813986336669395165464033740206710390467208470194242459559898283873158031814050655342556732647038449996744228173820182103291647098861394813835255033684645245461
197 218608882019612895249770885126027277660431639921880666204997669798587567827192428474349204545780908243941221031311478466460295292638574397765869811031359804484786644690346741995790617674768822655944423649995300026677070252050591704895109426748760866095637325
198 4329908074679813345901310169290834967524997164941964279082425078594572033819695287931283559948824251862694571915912007036121476413456915806932720932593438960485647318952869399097523020446701804135845362265979706029771121751886911217015604633250662954313646167
199 85760943297333306290419770678973185205864525084889631402361705095271551745306842361062857118102358504132606915031686543683603394896364972390878002703736827457237829757706114406682078885193339588461925919148051603783645646482191307987912526225623504620332113279
200 1698636384051247844169363890090008355134955008086440496751311278611539289984371236704728136893400848055693384205445096819197974015869249049380054871110789685399172997139895488565439603353001331133114164534196827201104572491324813302840993844097535490830693572797
201 33644284382683759064303101099158296901616776480916735157844150022929015670685615599093742037704159621592549194165468753611013071652437105687171407999065556729825932546209908237043396852408020879263958941669912218105985741612519026311130192712069084773451881460045
202 666380328509875916744660886572326906147266673007153315664704649554126139051226016994263948843559506780224665208469439208049822560596499567178941898570041972539560647253576039131933764731454202175272578824368793009865759751147902833662995176869462358209800043693727
203 13198757244290890788959873307777844754036340817029581966366724103288449574726528750737523818927475839262743039599554654611298450877075747568542896676655695619815343900166152058553397543324548925183684996411052869969808903770430727894780430300216887234583127638136607
204 261423072291575721168656883002752300364236114594142101443159331423487791131398891673265013621958764813583856094933052022766425215203374867595590233574668739783780787714986912449174470742170058828110193028982498338477283921820367732867555834079085920934344558263737609
205 5177913455141975505518719645933937870466526231912537250390353989412579888830305918705016229269835957389812099199653167065667712495194648794433956048911812907837993449567363220808491261473991325929925950725143794285498429537023906158433159105000857829177485936144130497
206 102557083098760140498069532703725653843709712077132550788438011057296422170620289581914047704221092520316625709909400286791091571080318950793667037657425025957235663409727123000173431520628451785446474066878726876201782758874524633916174550531289887445871010065336063403
207 2031311528252956553320418142237837922317172408398688240994537378232650088129833901492752708387016520474865054867836102351392641109664841878137679800530880321840231269907301309362863632102217220004480001942783560661974171133474885728933209122933279404039367965046471791831
208 40233462186516162238016372967820358877672549136763963065174410763634925775859125998764589395612171963971923165365300141515613168142194142596306872721042530731611994284394481589907026509516620196013032957378813190384375791434932150424999687829268606276608271371173593332381
209 796889820689408002979981441894876013395359363951739649673690175458751572466424985003435799453410604269124539766377748758847296691119602013818461945455314792924143891396998992218346977394534098642248881270123915024338268431454819064497310452065099112428779038923311564446733
210 15783712159159443487162577283338445562907516539882004606897756214331150290584789468548308979063281478995540114979844603718761774096890947357677039177619956244189294154164793659477857390203447783518403427923462521755879881903857813778025854338343051333530586951455807308939955
