1 196316
2 10683130
3 585790562
4 32129615500
5 1761338821822
6 96553476935058
7 5293088906692756
8 290169408255194858
9 15907169753200518438
10 872035377995319811964
11 47805225784776928099734
12 2620696036046778403201050
13 143667298110763777908278292
14 7875881913857875164682558282
15 431758074335372766606835797782
16 23669099767860157066870851127228
17 1297546744546855904994817140533430
18 71131879572038825983360659044123290
19 3899469759172349849012752234000502708
20 213770035238740071274328346280678800074
21 11718933800799045830222582167786544601846
22 642435265888066450802463253148909836661852
23 35218483001289573892940947496940011590694326
24 1930687200363371160280870811174227432177702394
25 105840818456333210617577644697083079756440591124
26 5802223606909560345192677715064950325310217771594
27 318079539402542541811609094594571233483738666274070
28 17437210325029555808071195186982655695662040835317756
29 955912802472094177006078985645345827870629418141019958
30 52403410230042293887181628312328060195142902195362582746
31 2872769772134387065719369662006976462731416777027427952756
32 157486051527192708206113413357705417360254215310655547644874
33 8633429892712396386792385036180613959003221305512533552107062
34 473287068851999397698628792059284583104999451305347991064602524
35 25945730992916201405268467390181804688374501715220701473043527862
36 1422352312286143049810922569879616491963591576113874320897873229242
37 77973756099532835859898087489375918958833867967648264143308695793620
38 4274543365769354652922004371476066011178790683135574105125299409942346
39 234331676449177420551096245692022702416415866702229368864597050628691798
40 12846128788214724967400763467062880637851372591298735345848721724385472828
41 704228413947227585479733969108672276900000667570573920868789748869129127990
42 38606000857286287403061887041095677006758093369184355349613554927181413355162
43 2116391887454397243160746262009013978718385671558087427398005850870907615917364
44 116021201932844650623174577966324096061743045195040323190411366077935241467851978
45 6360315108811322731447354666349611283961238556030554080092398448968558938762306678
46 348674273403829506665342394597710589315002998473917660044641187592985107263170469084
47 19114422297295475939770390454844787765691694097682048359081227360261522937752261330358
48 1047858037223728478999261892733987851192870520046455764950478877579943253332673238795130
49 57443874007624236598916047185822119414716354807472505998892736516718951874270183020738708
50 3149089422214610915335312296739146179250893481446251590158604992350923238034656851102487626
51 172633972906976116482825449700284153697009083771518670882702180335113959206385234698478036374
52 9463843227636207708827147864657361480502756086947646170481007686386668580587040091599143799420
53 518810562771080330291648301662099272285380085391600248453031464568392233149581068980407819317558
54 28441341806765591162431047269482679248064747002963671701112732616795293791857984255083490576356442
55 1559162403033407713846763598745299710947685794029612941533516086415621454423247006555704054466820596
56 85473723973692065409682848175367110259359215659682601777111987204047001574068444960233329519321281994
57 4685693726142499477105413954468210638593476197352012557464088006663350336147477084237688779879938013878
58 256871055506706690515774295261758936220993254909234340979751396342704593891289109649914866653727620905500
59 14081743923850081456980308020699448245919678399719136099200313509785913092896206878088979932762405650786998
60 771965185200523136112566872722875400165066345004755396980988973479016191185383685306482164624545331523821882
61 42319349818054711562038535105908446222867377746651919847121455642463921395253927054962970910321591217954699604
62 2319958727876674838418324509474211366595064073334729646353636504221422325902042235611910327708754016383396100426
63 127180793707632693057253414156097049674841470239358859596543546285737340206842378264787360385069894631716918723542
64 6972087086612713818396954501561037030224140590613186337455895915126140177641703446823664855484058641074551773785020
65 382211786278500433278593335470385566428491350670904490314465056953091419084524495180838268737409772161114618944934454
66 20952958239822526083418300159588233990815648218340202528950486420765824710083250599644575130171315546244913846358837786
67 1148647097658699556931595399166654075724920231322652373085479712978996118984973826712319276489593932866803709186482976436
68 62969158810814747292753732799319339760290759993477577131898737313190946037777763457746742811196703239484066667953719705290
69 3451987098059749980293536115424376204596850030366268353569427702543407893211924403231631669334273094979486805416719051350262
70 189238909177303523791916037190003244020215163521336835511303235565947520259229615449071140360540008868992837666341498118119260
71 10374130531004631740116054524301699814913740621494913955683378640338023955832704563959958436701184750166503085383774571876845494
72 568712770234199904027735213412473380440656647247727825402695064618974012025830519968094824763879137283592910243934835835743678202
73 31176994935703440940577728380169008265634815386734363469836749516831265007421123762119437457132557226447129298370784486205377589780
74 1709131681394457746667228967245688259351068213140675534102183171507982994343448082752554959348161006346599528780977668105283893012042
75 93695082235171080886928557485021689301209402662451754097153016585702289378541346661149523440103722373949599227144380275178206160106006
76 5136390911607812087458107058279634505963018893402075932279014153201908644151505213974034057932638606482336458814461701254480657479652604
77 281578402702376988865521355134485264927885780665077886163177003338305953440603993947836432436202636271680628604601864726176074488503511862
78 15436207686070269025494889927388897207654241110846621313712067727801107257680403681534111270100543319681508311098526462536415007492978257882
79 846217271781843942202430626823058177181012639792487400195695975102698608486600875692243652149198877413867465629406806874771888463753800133492
80 46389870208089098709718426081454499808861043879853228296280270935712601475072080926641365390714582048686908934017907713921860418221391203438538
81 2543105807084195813789390695750876313350953443849147684114766200717390925613456801562616535918679906143769661420764056173599188969989454462605110
82 139413779711279018611554408792526833462796314185627812015908478852306680433816468967255122769003960533711439890728542693667796960381694627364375708
83 7642702839670543734037236662605717191982863251528827208051467847156847861938249094667488917758644201996767118307094995647564936204490827225144384694
84 418975131557835273398232435103853028365208756254478468668741454728171783036463148637993875391188788480959121029272980854728001669080099125297181076666
85 22968335227262667819154100118182359453384456630682194468215559450581696419853448374996509209476744140835532433954419917973164875747187848130823839163092
86 1259130634198734208413150585254367257450962405645141705130816788895374752425066121333009754157336863756953145499712543602595818856868590883179203527121738
87 69025897536355900111573339752575610598680882741941584848768626277410572114011434167987293198775587865007408762901569048366084063778242987542777682182713430
88 3784019228260226297231613737435307546809988874200862424007452929903142802189934211346570922879734166702904571196916152287927238806947914131198915088761734716
89 207441004476637397883627512193005160911646040283960651006821313193116222469682381729154666605721002899736852725352226559911174315110441337661501905793619311670
90 11371974544130675363789733730111081607582343490247461242792426779513713654057145329874646897960789726050023024048392162502327338633772409868082938756791433905562
91 623414861293349912962539363104860695840647639451710637519034932831151150063382442155502304248593502927800580089086046261751298672805795511335759661460077524883508
92 34175779041116078948801586496574196648940697717479587157360088537157100756803831808098377992528514410442028809656082644120026054695175528947538624247130320541329610
93 1873525874317568449058833795791079127437393950263479419796696644304140591263632761066953592587784157205670021281689786510605838285563606332171848750550393639944854902
94 102707218393309811260930415514622291668090169919428728637903413385265690664048621758779850294065297834129653408246398083286128076003245299822705589928927790423776723420
95 5630438765054913515426504007197898299541324145665130880448539257432474355809772607643713137408475784668223850716496951114774776684538738388553177207597940574181424851382
96 308662245779388260385911050598143513550396074589378801278972240536992333171915568951018480373246219814792220270207965631402775657542342325988586940289175556327527759157882
97 16920951624743635236762816523581599110626025460624374192495789830438462432790559214565565570065270955743155746238690243297842126007400803602716306076342668007435087287192468
98 927611354488608962271327358478384641617331542318564457069220671647918304461328496924195449536383011389193472603216817299259513275276081171103190758396085108897150965857589322
99 50851916845972804322061599810711407763944800339013663062791811745589252371154076037792163255941631466228129283355025013207221773523692474696659997968675697536645269296989961878
100 2787716465949628117073988089488827156411092961474818491878015598199288937943107439596788482418755895019036736467145159153898522797445165761150469946270907340133831458653240770428
101 152823405223162868010796573069800153330674243962809015225464990121223534235376747253554828981605217345379538300203080245133722417027728580454126842164937042003233355259609105958198
102 8377822303405317136005591124763783881693991287732663025429558657774248502444668484457720787144043416648072211303905824460342167458936184139034513129652273280516615937529891297250138
103 459274588502608872757907207442846120988135875951901260030801541499489229498877585895581751333735329297880123174704747719509080742906081035840859103829076458198348372540238622394481908
104 25177562856460099892154400851622016003182261307392901762450078611992312409467807226595856340054840424695663564636816291722141212107224110531249560833251287197602346128265296272841066954
105 1380241117754326595394187659524022487882358408386235742646789602471695985557701542220310624624772200571644456577523998125281469135920534628306495205634285724272163496014538378021704807350
106 75665208503328512175521273605734022636782057635572347519939391090817401928567667658187150868195108099630363458200197421869786292895615944585542994043375708998616648923193095594175176933148
107 4147988133527860711472145107977963574320435167419073434098331034228347610223391861658919721510763564462656521901014425599676498959257274276889679424479178883241931054617581746650763985956534
108 227393882819090656649720666061506526283862515720905944896797674362093004027687573449075451739211770676822929435950902943769772611546849584525642258025314252977225127781957105344329595863038010
109 12465796978923548058175169229756710164426651285447314870991303429386727061079162987230483676952329879551072790191274755041338625959579045827715938962426409603548390082592316542297028728811744340
110 683378516577638178437179110667266092123500358766359795768154983606875976338819281919872682913772073030332360131808580250000277635101782208692924902111800854640272194597626332508465503786696187210
111 37463003585686538400592021924482825300018950881919396581737487441270093549556034022492038761492742209470295220936740760156150038340087768073516503869026240865596252980467451859215057921233101626582
112 2053732453706297316192605688269071778891807251362410190314676998540793051165252698461967511232962036525278589460612464158327329217873065023620835620646637439931337302285435632846985753179077235359932
113 112586194050334683098525761520336489614825565339117608396090256507206020929861571322819138515683029258891809421325048617948817163885903365336494053568757507568066355166631629066645320817130664858912310
114 6172007005033359528781250330095693554438990231973323281426547033163968989325015467267063450048029175322113146141071535827534916332068504494183802508182758425589756937649145068636014698893609175057121562
115 338351169888113116278806256721138746045712801965844531624283606175029992291729992534598059378591740762569496047970005088239828910669514062887715255476349817047226782681530486366656608587198245750126991796
116 18548506842473360824582902804973230298353741268697143957304508454958183088193973482734158118600465542106270975344328265444882546733307449517191581211288704617711488805468302553946909368733919276368042980042
117 1016834391910190578985176202091440555277425462537672582976564798655484410123911036041050575215756998091999846600329748303843865189135224550445009619691502134079533510366582396455225163041579184898586830707190
118 55743148995894816027993062989860747284324525827922657135833042586874708412582965138656888199917363341537437139500015080593180563953895483847661316532211443468559790197706120815046207135684010269927318037627996
119 3055855195988467138929864829112094955155621429050600602801095774433354471316911263398838997529897288137568507738552723923666448132081488023940380564720422064095528314857419155560024905370270268483552411534601142
120 167522846252145263851663363287688051847909512958450674405635462784416538373855502892712426521826604375587896391282303278256714689096319906650231938111572002660703789923957488480505515065880371090187198908766176762
121 9183649818636829882287223927908137285921986289383569507899765953705665938970572554674543757752561642447245731449160724057918319598766376292877052430442522819669204226449427579184619421389897459144737421246006248724
122 503450280831580872814568980607799013920902088946556011752644878669026960966744326252385536202639181627540749002840025867078053719230107855550077204140567211575936609022937115144142899896664950073018176313809699678794
123 27599286805887832759043050628505015011164920969592379597498749287057867212972503853618479062632685032729876552037284919396555734605439597460285710786861639961951345145591134727281368201674823723571844324673093270637334
124 1513000709693659837060929878430048544524943345649407899179075150062712132861759019582254474894066557314021002926424445399574641022399495717029147911793320886794741714204426569336316066918652503813606177329094657611287036
125 82943126887074599058625111367822266867081617212860059153826494890560113563946450566696272842201046642939330301435043779830884540125956370859456484229878033210440749917787700669439474999677415312829652542827039415738711862
126 4546965678025541360006431249666126669778975768813301516175488456640565243813743481882369596437472274208207322014754196107718501934101114778933107534169635200751504976206213543787377286507370434795513167690042341812818552538
127 249265944667009332806931892930976988292113496211562146514296903691906221692681837726832244699661837191935432413488825041385939920116648375842843243097904393973930701288211008252700255353636253540897664171049448689178634923636
128 13664829596364404339058718148664566379688237923341122359199924919300253483958460960979630482525421047126450438079547227202398922212198566024006161121387398772011078337884578053913659422073831250292422951148247299798539937129418
129 749109823835434678614187265505113955969322654683327116942436271196396107461456796551424450516677793247205489986192086288687405321252932365822790148355202855498316714801736396329090668509851427838731729366810833315871146782249014
130 41066412442937221041921382242368591079746621400939178104932005204975548992903770691789065819287740501480439462137574839922163100172076735828149236496221523220436297093820951679850605998837700224763204194779935098261452691648450972
131 2251272346555036464608465278879083998374910086502056668493373002563447849292877911389966541182478409466513546167071787645721687622321317658403554795793186166649083994970456387072629586989298148493728335858332675842635878680035385526
132 123415386854302044133759086296431101996330778036489878351059965699810389643135581496022682643630342392951764799129617126264769544084231616128563011907840789636853261229138486125368433771048109412962114917687904575380909905515932419002
133 6765666417794587983311407516121852443651643700706282103062128915280052726950694357686781555794701694320136957507739745247330483293545648000563541634925286895184720345275592011634104770517951981293915789001033553688778218769314065913300
134 370895746823791141289570707121728759961092831344165057025426929657870694817834456364226503081131344415432563252682563303776647209243082628656371152043356173514988774866169223481515125344778605572932280221001082985799833804557128725774154
135 20332609755953584001651835399472903017430355753237186373702867367396807125488147493303477319596729935135430169247675549802352007492344549304955599781489023038769425329194806988314153025825386127652870698293128250524910382897874092251007318
136 1114639418295373989677455273489449809384212267104242732191452775741072151928236317433276801029971495948984020329984286964201297328202762492540046460371094053558234499049543218142281684105120619599361962775459827837757260727313474784491068220
137 61104848208383916937336634625523978475297851850030574280920374741346785467957116586692078561808823099729211829167064561953458529243218334594642202576191064623260797732028757683075264684371888447911519968049195870344126446444039976324432015414
138 3349785063477989977978310054335743856480519649294419313451733962964697396540700022479384040369095875406745237868367325892554733986475093652643003156962209908818203088187273474851369201364282946111859700361964016849003021199243374030257814437018
139 183636164731698834241073004192765330924676033584593656181945052421668380456061868904748781027302607146851024301734190002476119818271517376392404282479878887992882937671900516524756682634602976778649998111828022422099642249861801714463851092409140
140 10066986495651381477493868375868535314359063109429805810009537476277289847699171052492833897196855106409333690446480245783312800986628919807593121300047802083584824610531489560126861563927743551312418041742558917820237997746664263140495499436481738
141 551875047334472491584509633419308350934761774270760214999419748294049044057932569080091941026607274301695844679879668740878832985852031375523452055001355685783012922270454788423760459833886456298604466221562263009491590571366119087973823052383999606
142 30253946203463084407431379070883548084747246975987187510138484529456924097385495760885189061200507282308550399070386135016774644657954990887916549806513905579600414481840977827645945392996925724299513843113811717587327734081153730074749751502313400028
143 1658529888790760554966246264983731976509249619732339826200948754549511923746034292878615520625196885096351004352285267986735319129050520845564457740049164518846714068126879950786260686925161538309644449793735285151682124871950528783085494303468547132854
144 90921077650935506973019684467363952922701578247565546634210619633140091389832410630470176096160277960336863745100915908802132014212524909076955808146948474718124841955848376444967770035675920368571086564100844769406557906884519366011186633388734696993146
145 4984319195618886015225339768885764027448697312808527610582966251366022335274109032363463375820152820517267035502711868800085346344641449466762828630761568151521736177333874495863172496874514877295062644733710087090136074188115017789684387242080661676613268
146 273241788215422447949796939912199721777225088515053867465799114056798277856788089094119858547302114729183729870964747176117624475184751208308206897326765723582819690205090415113519558865144550813739078166137411616299742677543897606039113997645975909980658762
147 14979192121721923796089958727183590623666589515257431667360849847379095539246225052325007347602111003383079343001804685869764090358717829714686991324449912039338492961823772424394025449151310310388679969019345868924703547918271205450709318052895310411850307478
148 821163549268529479713612135490838096889956900942077973955898000952881556003582839123676195533404280804438411596345822268632822203219962335759185977459759317958101468756888614175724433282587371541210403864049410258554574667112594067663195511904061589631092225148
149 45016418052976664856172526581796961828796197886027744667859192832578852129145738188334326199823415976948794084764046801841065312820824919534917980300544088773436064558462572325894590980017294778290938670626261535311919614264320956288842888764369981812109912267062
150 2467812771433285943487104532024357277651287960865848531348855320892418728411363538357208034339962252641610492235209766294844802772303199008823040970965086762784660398387859848243957879659077081580110919775855163317131883642355873153707063931216543871431585574863450
151 135286194198797075349609420743076655905260237905633690701745232741542143311487427686197725424634181647029789262285342283404468168497646753230514215134971037885947631869140939404036054186212562261625382749581814901285261145387050172452854379453960744247526592523550708
152 7416427434308468325088363172064278803929501557227063415217617802392003454386379936240021689238974354535306962468557879349975509930958665135547520241826073528945014706512710574885189199036669098689884520339908155674592460048230059061476364197785541175853343363517455818
153 406570649829488396609142656080096430119899555184048009724770795586597247396810160471725185622029599501216315228971978269481595830282461384056273632470623991060865326816298582679044125532671193379796657854626493366600271981876511717145912063458658630163409738637030730934
154 22288318030065853544084832230530027796313296946881744260504584177646788394549441462960493497597424466098203595478135163657260227874371964130452612931057996959096130325165143622599507719143739791426180450994900612680438045208856413365101275268250033173761229503371796071452
155 1221851899092318977743057475055731362561015747869811850039381522599883620979752383986709810682734725139634240997271375982742652061104676884005055964926921220653570938577266921641777653893940985808395614842157748286007543016761300007125907929281472360235244450666309951189686
156 66982266732807177998236724942531704776756739420668238087629405230531906661937700050990673625680816131787689492212905975501345029921687710026638233764584443499123256569713175420266750435131860677944073627882373312412701687529493648027010896665664913785581056764674004541230906
157 3671986809528978041256973531231160042902968835559872514667088867445393414563002917256519632202147945442778744848539210382697556357690437493499042116797687223004324846979949257429528863125471832785022855858360876797694570583908240750965470825893907832022248088881606666959069012
158 201299355591242472404417840333920165733130635321991868731672453069918126159038021689072316594358623670239085372832665996762620110897022320205629187141692747057270498920028299317492181638230845113381672330747836134247186693479535891136350034506106652890580039374991604228924539210
159 11035287614948525597912645383123440845128859332457520728497750017137473941065330561675389972769028514741260601645787737275117930754475819900995208617308761530607217493611083018425415285052397610895899831397248117514752581410476063249428517760502881271468114199816023302528464532950
160 604957588597140304693606858097758695656703187984095173395866825150567245711108876689203113986292489418046196981037609699010594556302344738046487670974334910108384942205062954323239397220504829965133423676471886152495039270716495800342275518754839811548143777145495247855903340828092
161 33163946130911419430600986118318979017584176764891319388288918300031973926447288205451306268761387981184297463664073856615714696479627680604075668910457624390269476767110963941467460365515519566572849262684252437067081759219687045057307344491352449461568620884758693191533991373224502
162 1818056907963537190520767682387846443431654420863607259251429865843812802610888092967668849742108073051970441953018067042614980081300878875709758335932254727561099748372298554069831113219849917559627880822589249646446106003275188089259038368850111827079294377022355627645570849796945946
163 99666393967306195556288022794024032421019846101471730390371804071474388868337456215841205770672777738892505284430848382912734668992882561893459701095964818365105368559868857510942707474617702899141514508600937448540104418923052958923288437136919365267421297244000432418710014019923606708
164 5463739909865083342239623586664906003797250297637448954925585972283224072918061730828322569516255304643401513658354940663401522473955022590488940826021004341217691447951248166695050305677421966016824864416424117781117920575522189861911192622128388245164097415968371801845946546676296378058
165 299523767383869436693495161700593625894557706000622250669568940002575350318364047105798680990482481472006556823069519411992049736766433699461322580346126095684205744857179762075378232890247672676627157621435700905292590525315395223849878111999345409746851898498385305560583056239518183969526
166 16419977654104998764876245245918034417167481613820376227394030787786370342981929063004575960322698197861971848760304611924972775427055913061238165791506512143031829292912593079507446674035719715809470464692360060575495770853318217974512036733283321038136811799519640109553041536462853289732444
167 900147819707970826801752646880148105200133243267174562040384020030630378646901038924978828481004353091424743914667928892482362354765206280992594326179449691371340527657333541076869781824910580809291362505513691246307057750745603776592565825532249098930037800921594823134533198761852470853816246
168 49346358100703432673012376615095995289160971890880911180299333864330869026524291720909139958764740877054158078643103130651495781856800126869911243801038082150869692829599155193642296699337665573727323458977673539192989769715120987042771166877331942777277926850690018734501792278001859544083258618
169 2705181309657397328779304705188698842374841053020308617467597186727212035947321626818181888269876288045808379090323491421273931832887672119729622746618406192146122363157764568912565878764262339709975213183221323667408450373117299526448955685675362089858372474271719324334925830950753136464276248596
170 148298804608549079323088792688975490875753758057380131478123567046811504189512471891878508807510641232330138027651564822885536590786248388220367630110198379235846351076500624614872840901567325623428965766832393777526778649798713167933252054605560684615189988048060898348507548664196320442013349949002
171 8129782417840933116959071218260303884891371675953016427015501806700042599721934308525776823128807822712845599897309703468891439171425430442595396142252991083874207219695252292603694818379858620700105109268762673456205687873737283875389700249730297867171751173048781059556596083686443690749184328524822
172 445676971813065043691235464361313576326341163267167690888134325880431980873295302920404277906804811004059982585850422470596583503699385865018172561297188405890840293161691714156014081783837608630663298356710806911051118334177364389469733799590176925166185738707928815408413206681570634483858001492492028
173 24432137663189046671700247513924026323305059115227368174191120102650893745286571048487004911349064027401753628623620712371236504000786593536471511953157495139197448898655354142868728971778496640281641368535090588164900096560910214533174612357509075016285104775645505111391693868171215740148539695874003766
174 1339376697801198161678644830115553121811348887573630151703390800461848821659176978127395413669671061520910078128032249776987729380265120998127565512943006742920682362719355348155797070639470349282957802006785878674436788969698644386835589543803264572695729572139827343371679659880265826200354238233447177690
175 73425009442202296535518725841729319055103536277203204314002440531172868327390113898116648801351348871964140995117642880255934234546977655336465539745242464214862829597001363382199428670367651325710032095861718927741321969861030841978549213290447228599527820200957225436814024428456001159272595234775394660724
176 4025179787313060707523919812819244852898182847281987052603969908342078679499754888836388567843256225164030690339002114902426416755774608387254823249405270292383652953765868054840252571936914782412261956496896894092769116939533035826685696461617611281953850803723017132335187185452443285169307205821394951485386
177 220661494540866818146733539960156196036406355740545104285820212043663065324565678046660235391475647555955061770277511286601334576358737741218878783502852015296513200272093698012755083463712552558247068034048172229037128262542750978169047350584594425073094245806875769547358336724942541081403269535560997987109174
178 12096725549124394211307417309914963588942470034632125084792365002222361845252509175266620781568665375011536589025649537081283266083348582366121184869898038889587300483270770578397298796242338519425228251356538113123903901887600703941706308950424982756367197075070596387949610862809029197607027691002765301619299996
179 663145916397018751719774218966588325696358225820254059058392182617989951772540705303273998301594428024496199859333667055240462001537037826133131263902973780419043873764140893149759014745631185524245937050207062682778104589986384559588800044276730134464914728519411375386868105659850780369029374777777948452003177654
180 36353846720600635793063617055466092010366285672826784892739632371832172335857185239616685477307703265548833988305560084170542515509811241159198782234522422866960230597743833944545868670079552725024412155167264387006059558527982345278808232210907217350118578045818336563539693893559613961333448204796145565876951669434
181 1992928160615703393575131733262375435304995382162102478910660699064717364316411122421335694688355621680058368738813804935049594651622186715537883266646635495363745250024880967777808778634223338489022412445022046487785181077855298354223051836715180089277545752747550604082336476232891964019209057835691403711687108626644
182 109252885503431799400433148241681545123864324930549805067190505951918346008309039062292577662810599022701095700089768176954401883775263814862338564789663706671336486599330017097172209469623433020318595625440623545245057729858970922169931561541052040100502963385864659201425025024085893672207472154072786828908025599484746
183 5989274087601011088695348001457805807616830243182907265319977051188325486646340038299261441615133929405799461554149290054598363513921696997948462377750065668015456186167140280181814096165202465047452766698819821589031571772056897749650479310622089517376103066020279185043680161503620005701275102299802601424988836310671958
184 328333699664913183961210623983262123062474183150525439535965033634915053999795288166878630627209287845831830102686174472135568190801719875834793166282915313684179197685888406932500729698199826113734492315769686022137743475585480588273794382342766817523485772040711194616238760645470207528648671364942639787721352380924850236
185 17999346291201317188864457063314477929344480637240611837463320925276824237660802202221663778978213822718489662223748600388811440426799507617363626275875349188551645914339042895458485872309162820729352954255428900132672160390863916021792645804633313810707533908987603332038948935727861421113480920417283405667734436343642596406
186 986729255148717833943194468500338992262945749673463080356734436696935711345085676362089392462088164512310338338116723538564376789168994321493099834627968605879802805303190392947869804619983740193541698285480760191493520522938249792695432271665223277529255538937037998237946135944648237589701758603227188610864856349326814065562
187 54092776882807609861444265157548010408460249464983006415432309632957175521528566196351477057274983413398504056730135898338974696789382763376379851525683516856332290387900466936619608751776827869330510978449122051140683787613803754555681446460283093220192151309615603484697256928578116950370394477534502572264337390538958359977524
188 2965381329909185953760521556014732966043994889294384131883490090324528248911721628600430655956871564509033555060494073078049068085209217247446021016514407099861489914626115819911652339465745697181410395894329057354228814703772170061755550533827281316003924562508822217501547478407707230712731962321429791109448118506425006036095178
189 162563043321386955981175683204627542094706151693703264453283023277472553628395471292932466613191774735450882042563013649468168098889013383922004181990941527130173401456742652509392170886933584463967912992688243205734817427817668577277133848651748656420034952154974194548125166785526364511440808100592361156606120413557726443176169334
190 8911752018995966516330424228192889095614125518615870437016769124183315978424987046430894873988863192110414330745808644711054012679170341766205684549394786864408597929390938187051525845721013302080294200868235714465186521680375771066348425911890368473052240212859588232405817990893170898530892280156037307264797976424152446175631461340
191 488544766543689577516813662066626148711415024138520229308308727764127642986524195550731942311003815105184757009493023019767174347800045113642562711467767453863140651877218640925477309979705057780530110340491763660687278196509014425227897053377196091033467395684274396896445416873014064803229153248641146038955125847871814395806692258230
192 26782162296311106158376784014047423532140739268024284878973865122431329072995435192171920068636279567155748482269347566892870273679431078277061569118031412830579089626022677475053182933148087860161222291439889913969040700760504910807897446926909453415742212779437884921685534991759449806008178113329738033400318885581130384611690873505914
193 1468205712939108714328800712165752471540619544251216010471021349773072276680143356380830719590137319045748470146817961917830732899522607643035947186569614134982739142720098701569683690644468732162121426852594378630549230262252156641860220825712026104424286348848326610616442510558505315853636926661869082024567383726708896616113426184974740
194 80487452493854320711344820796535595313771557015676261299345705597209793534844548716737284062450655594523067717318289839642002519166930609642755227189257936830437018653236291792099297738117349511346319695545820372515670365587140494454997942981022845898889517154865877866987084464494457174352177615891425944900191748507987258133993155793002570
195 4412344913153957646378368894955323351491956604008405395246896355127530368636654463297671615162694244497481001110507427039574831118674336105571387781870313105542489750647416948461696334599395805096766629739389366816125241892802040912930402638827177414691834574600436622039266269863652151698964542438081370234727316199133541425604820995347001494
196 241885996256648324185238792385275555015861058242280353730882186827283443762395540551068040247014574295695531464401331303345613159705974905877120715522560149054290606038176132001985334062382505677232941348605925529199028043783233146268754951603850006726427948384855582971185743797289468012105643290218298186132060769933353826848902521006506649980
197 13260258736946516872380013208704380216417122419808377984376292145543410513684084690470326966829020714826111042585195488823245018303481138179161324304717075640681666605131829112959073882235287865136243349279201999510025882753930686831123317523714397484218791909938604921971869934351966916374152002602801524493470137302307521738740091803487585185078
198 726931134881412388102883620358914986611634578798183289792786821442193107836980039608787814395671081779437248467394958434435415169689865148503425880583269277314263675197877173152849071907417639832677498917053991368855168034197266182042694556816962319670758785278121583010151481322467938519925870451008225226049341103858253949962081709922350035843418
199 39850570440804325878068815436438338248270683166138300742385798144419389859900016103986021107851412889402223224892140374753778565027854414154758231410263337356917674680945742229802086259177377414143208848657207291260251025632170800874094284596472367864304158791709160536408089968257826888395054587282148176557989767816733960594260472332852975417623284
200 2184619544073561106111502704669725499228859363521838543435356206730787673092938621327369055157189488226749533296229857080198657537264987249356076037990330710608876233473119553548629922313807624441711947757625209475894821307887503408331685731520718770605278534610221333824678936320703410296264137289771666881534574364315355743046262924159547081463001546
201 119761461368226445734424003529830648817398345084625749141808757455797550486663012000520694125101131697080787553291498602774765178906792127226157234053156112887054842191545800486679251901655942501272255861020554516269151718558467177612224744277177516220125941114333511477388699417297886969764287995388733160936583094184846635564341159861180455831204111798
202 6565357189064056289853337722121339708646481055964757255822924858340455664156317571859071044348002454047753349312248441763453282788726458609870476379603644141527398744250878553816141471763119137550064795601448736766804415277792454301590910960484025000864521395255757785235296047330095542791613943024197346949671195170037914290358288054975405052056120166684
203 359914738243423414284928345065786777445299726000994941118387115124666436855980754917553094122915173468369682338005852623911333592401021297776822339679105757818995909676194275012634017521014069149525907609301951880249113827525897418450769394172867896962958586721735204085647236159713988165540899409599211488102029800781012311939959091814340875166361270105782
204 19730627759386043359926978093946285990740594011497896375983858241602556908174692180909576100669800910641408246967584928831843702588767078637328575577889757216534425253534361687776341976508273681486722329938685809236544483848786736971716328565839538471734649297587245561339919089201979107255883135698825697232680920327655579275602932731589684510946672580273722
205 1081638594961229284087943153557378902120016978518520061013662317450707733294166800153290894742828763658056762236833227813392758172205855157196141903647079974373891194543159557224668429154235840216806093041710595179318630361758358846320902967005834393867950160910388963797519350780596685054593468867395611571447423933971569127017138003068988792923734646595441236
206 59295733738281585678528884056913711955321812780293946317557918420563169740991157041193628389399910455340366944105363891427307144386861243746804509181085124877520142815012210265190782075717015530998015139638720060462051319892110533095641046047480029812547908584282556478126433286928106128757920805922474560532985797272457650054030282959050936036627655683645728074
207 3250608896483777509388726994104396597223764351102790494140006835709112945431428788831314379119603802323892704817944568502158751850408862505034576078469181261010755331674694209641736325148719722943225901746322482061994164185393578369327766143177344770656732325637329018420116186642231111539771970405777699063532663151625075000263005872337684283111036972410895978198
208 178199299203168979884661794074811332708907845501665441136347355878310419722191939356825863382984290882744959358971176411147643529265835923428516062472402614780652089189664514072647425870567749894953088000296777104580111873176952673197468497369842835181948737436124432702664377422657747072241332638242719728912637370623864132976763128471951730052449112022272854452924
209 9768935989454250575860487266681978137148890269009255625808666045545247144305238142177075906405733453662280913879704001215347747120143689657510168214271425902905758871307417103838032121768305320810674392648974667057685974042855067511098742639396496568080656593327001328388545106480606368285431351565228293777449093610285537770886107412656279599247118161775913484316214
210 535535834275365070750890567603662206599298362867489683319715611524967268494452377713678821959262449608409556275600798318088146921635727721483240831262779720333044958260359742306589447937313449515052952027086905724195793464234530656286523169943641160941031109234432931213528771700951721501563830525301142748752824223842697428636867810894217322968646594278932409567981338
