1 256
2 3040
3 36192
4 432292
5 5161664
6 61594004
7 735086888
8 8773890972
9 104720819952
10 1249859692764
11 14917390553320
12 178044031444660
13 2125010749541696
14 25362620152707220
15 302710385864023592
16 3612939631820838908
17 43121517213828772080
18 514668176820581541372
19 6142718485573676129128
20 73315182664735127314836
21 875038629361225135422784
22 10443847642116760892082996
23 124650444157633779004911784
24 1487740322258334441471189468
25 17756625579858989633915476592
26 211930635417807089310684717980
27 2529455500020391447594552630760
28 30189807692427412945371386059508
29 360324381459509652603885177432384
30 4300579228343608477144088620407636
31 51328698947613645338120817297606440
32 612623369037150902496532743712804156
33 7311843081638773510598867898779823344
34 87269033393881373807328800712172295612
35 1041582006680514232099309321976947947112
36 12431592678983505531395324608956675528916
37 148374775624883261486132234556607374267968
38 1770897310603527418700444555968545296505076
39 21136188893935966973709983461895190296793512
40 252266734093076607416817420766043927111592476
41 3010878898240952958835685082910589862004937840
42 35935739892394032959947328519528109407681655900
43 428903800271828861166376552450900336384861202664
44 5119095096927535793864019585659568395641755583284
45 61097930572728309062675138125380578399696171968576
46 729222069445522419780720397639694105479844782765076
47 8703483433590614336160983140737996332849867554065448
48 103878677089935975125597090776229663495718818428541052
49 1239823070416698966189983748003124754110540291576306928
50 14797659048032050629095619095353498037460789149116823420
51 176614485184736675008266759673875617713235219867023079784
52 2107946687771394722980410213891235668063521734234747474452
53 25158973986978523714702729056352356529735223479508237394752
54 300279876976712038453256551101088729394353608436829083200692
55 3583930114312983411435262736835464548547907587200417554870952
56 42775277496452495813484996960642895522962231126289617843398748
57 510535726573245921511220629948146402185419729015453976046105200
58 6093396544985324090770866654302915552626944763887240483309291292
59 72726509667903064048129584393326935107542377219778508901381598184
60 868012637849476562924451072021693941769286432567098335668002049396
61 10359990365369211439811607876577656476998041304935848534262921980736
62 123649582610288039732161092514186342483702944140056795328021815792340
63 1475794739231262412164081179586145542252381807694910765123179174936872
64 17614051470008405528596354234291292014261026126533312067803287038810556
65 210228970832160699839494483899218582851451110091026144748745232641499376
66 2509145624582893511924968656590318858014255548923274909270627373886634812
67 29947403254853157178156140592645996879134458232617752969366077512334115944
68 357431212011808342209880140684091882470018651395695397328417962573750603092
69 4266048385999092618785241570556609280558502143538546082908635622171565605952
70 50916563019919544495106659905757810526919223082688284996928284747730241422964
71 607704403510717682795020726531943363044421922657084861372716459568073553949608
72 7253133757316613411278381377485851643702261460991674355670106875218492325076124
73 86568320054304168123713973472196514562638047338128838430694992643832597343278192
74 1033218783462359121947583175675722299413500039345399994770376935903591275911977948
75 12331775109298304033044268460486622562892775805702896760008020122954692967452460776
76 147183423085580510703143080603091157625589050976060110410110080760252798506828937652
77 1756678161836965903238704432302090299829366884335727697514406581722674129507867284032
78 20966479101933778099129974476523310211174087988998881286372644486022191111200406353812
79 250241196982913079399461857461425224469043598820347551627083601828366154455627864000040
80 2986703507202860982091320698232414284942947323749370412803598735456885491620207976599804
81 35647199372000171209352458637968313454562024036687880182367688905557897422007967852386544
82 425459982888358449529404171387171322497363025284025432227198408882740518994933157558313212
83 5077992106766883186665415418893806796254506167940668680960101944741723292205034117603456872
84 60607354095515647482066723504945217100690748434403568858783122797758503697816426854997265044
85 723366892509399151168555405698075061923254478795421754871693920139117419460943906314191345984
86 8633600146181282187837941178412432844202365053374580165589292959651209756416744085977967191604
87 103044599159855695770864822669640226247812186816337162726875540622806899780220481217481439409320
88 1229868100934909799633636198461259125450490749606436714890468243570963876743027096243320955373276
89 14678843510767068308377271105628261402598152522392823092841241074542099575766951709987701320882800
90 175196386222063693725760066087717468659626323004581079111033080253933144815932046280346573026587292
91 2091021252645437673134012662422977532885040677865817709740523979981299727347360661546954474272627176
92 24956963858106409276242060510108283134516419737005401123471047576397429274035405118070827775535319028
93 297868825688326283608348172465646456428333732309540918981525454689964034183525164057994337004111330624
94 3555153496290494439413561732929642078000979665902526980281127916566163113463414253157636781274797220436
95 42431819956249499163129927692526813270255553314554697769298104392670817721319038124931951179899465530152
96 506436458138362269483503760735385766529297420101802240488010767688955667235210170800466095663062381592124
97 6044470550548568815937898782803954058216558932645183033329324771052204111073784506668856249699177722488048
98 72142563295605210597878543846490057557529339636406570547565022138324746312916727405294432662824751867275452
99 861043063298250790724560465490049157955502809562027427915687652106666115198627240136873790702139147179487848
100 10276806409222777335930267915864750260217809930654873697615645588258936627704978266982661749111607896421632468
101 122656757221978663753801472058489021657042378660042705409644592073945194768906047595935494763130406188466881088
102 1463945071370593851263021325726265530980783183984097561050205511735207647958482182905472837603914972552152796148
103 17472622141083542668451145563931328754136126596103024945873275812257562503330121291223762169547125697148666992040
104 208540969504585218008616031827160479546267612963066738808184343106706995825855621826548102840955466548516350011164
105 2488998824031995316773268581893159963052137279437823991654196429049529561175344111570019906645521861042726179333232
106 29706945166457772546641769066241825625668758073741831129629760631234986901569807096735002876768838966596375042067292
107 354561272830711677025538060539178434733319644266743084065311227944680899428496168442082187461117994532234295140779240
108 4231794803771280605350615076461511996269194514530983618159523172064144875249415071300808118046325051462335173845661748
109 50507736274333551638246889958110328165037735298734392118116966686922703634965728799408337175435630924713078386543201344
110 602824934064432258665714057853889891604797799963721436891253354327316628353081557237775626279902926756108854825744732948
111 7194895830531500626012832062635382577977444346402383431004674730681293145304026339271728050179333162474224201188819583016
112 85873232985194613425866579830739293858480353446773612653777538232205585127148541740055187184709891648833643569698118934908
113 1024922711464019780754774566717862391725814532216400621177712853073109981503212515920044095078730338346084850790050174723312
114 12232759009502635943808388680999079851706869421518772312586732556618129205056302974794670443559282241803712214905087538811516
115 146001636329063902987062065440144570003666299475641160437654096650684904534718800381914921255639381361465223598884129937134952
116 1742573183547979152445994368746921955342643829627347600191429309246529341952000086739187525177738700591295810977441798078565140
117 20798131968717285884557480648021223554423542894769675783612868808606341020042392046433691033725596980734631623566136346021257024
118 248231923612790985367045367901366208170998676601670635458756448273327542010887863672276183674075830214853126103275036368329045940
119 2962722228764991550726179585476014066402868410400705564553419091612751709522752167438881035971997566185304233324205736082561808040
120 35360975643528781024608195768408215566730392323500752558511560365559863075136915904346354719585340511290850219652190805511224343900
121 422043817109193989274590599410989139289811503805744234214732976981921279560657933930307038360188072289548597276578614730874709987952
122 5037219146771357062132633839058005535741700926547374247614104302663946174507466886248722345177199374016896837578432302076005528626716
123 60120716627001640338209488363678170859228625077423611604144432959685618579624889795783301175690457415828117966495490338897137392363496
124 717558728819843467810131370063393155431602586200170089083259451854123234492528972968417088032597416399953320687582414854598902467021428
125 8564277975926522852716965545597807490811427661847196425655448895290506944581465721398196718289804534012526823694453188248217305715515200
126 102217218330787247286269025318928750580034349047608688320271303825377251181923171931241578762735034825084406281939749165933000898977581524
127 1219993063356105859119493703504206895007833910370433457464684659535124295131542946919854863680504045588203926973262193213460311502374532392
128 14560981984663563982673368435060095771180826219178291441084376668816115728553210791592828433669432458819240047654722561061206931699052083900
129 173789673667848832352525407903658012357778472364696075133561132356508440810491061677945383695715589985453116146006841287943266804260407933168
130 2074231717708923192524302380587233630563478676313333804735481682428612845633810688740380408847721319708465000084908679662053711121971911417404
131 24756575738628956572776190136791736293179276302817990940081431449775481567928762298834061677440411619903545103910850300596027847518248264171624
132 295477133567040752109863078494951216020850530062209282991518958765447597528977506502972528780661839122386801147809814168077093312213424210382420
133 3526607935715667493495027093894815552518718254066326750694263523087549035080824289925598826109798867040370146588366641724147071524527006118285376
134 42091120155769689013464758341788176613238909427182163518763064653701260337623974830362815355819756893961228327150797980561677646765157920536930676
135 502370104151629040180225612136933697002449347063910518329510104399039685326270251103183016611822935703433699792275408858506819618036562648914032552
136 5995937399891789652239357112535638503188712225705780357018888890430501712172040166088881952917230539663387177539719461833120258985107543944688404892
137 71563305631280239782354688670469054800238585573067105754471785430831569776097297059237858079163555295879841096380281122024306615404464900254841881712
138 854129449878588079214148260057334248565297884152142667715230802695227966042437655049508871014975387990275569804802553688033819663581753801634216674012
139 10194290365913724067959837478562981100426312973128051951413634507586287769924603222091189957273886127108580627241282642422053787771651796562411070202600
140 121671903573086947966561120572925998241390767950856359545308938746277176201653961692960145677527490255041367940992673172841723744838178286799934241586868
141 1452190548603396285545459877909106349028490311069582960323206865816516348069045493627801793426612440737490640297627566905082930700947357816267855393281600
142 17332328397297294570445523818837726262577435595859322419844584420380750567852922906748961233763706419388946131617762108011618744765248103620729869342639764
143 206866521725174947941902167420160632068524389031721936446340219514820744775187406017051998216726905913768913851704214906819220094158916962881315405037599272
144 2469013789130910749048726259183943274491560715454769301713093429228679660879350176165780746193218846510240298982566509981454874170888957017529658254698990076
145 29468417799460257111505104214727150343830499511572611049092978546321292674395360785252494242834875060749164819209454030671864919656983118505898935617799143664
146 351714377386777287666208783054343148846392634021592365013118091652752013480112998200739921615996022637501869543338230447272052231958216860821918115530429484028
147 4197816255436494325773323437214061075931593052351985851079277232758512719107983543005379793597688309414258117871885677986106395238711396400732166763062328775528
148 50102192140494959052673837335936721555942222669895582036871189612233890760267801621185494042749346385492932436729555840691903939938863809233117345149442959381396
149 597984643570841083157172045905532800970533876413109118292831010759761007224684085901646424881479750083805951357198361399059963295901014771052339321254865435522368
150 7137125516261158689581966949985678370425197535468049948991094450520740565331204205703368597696598083980124192890251961256316266580542215653344609339518872608153908
151 85183727011263297535677632159411545174917157885424556539544323789351020357981309741558774698808665786103919571438019105217602947288242235917581084712532765683841192
152 1016693251505359969299826066057326928753110992602292856911627601909641750756902714995013190635575260009382460841181171403114525360327643716390285210672421777741499356
153 12134537944317301708998640403371471875857594657231174890757168969935106915838490573041411708366754296525836439100632295813747892101241767722878686442463851361767201392
154 144829338548334099552983597443402474331294436666392149027324054100776208081488549506024692923013758790868646741276330082822047949149858598582657493584968378559670018460
155 1728581459022177312147403942489390046339073514065475419666317490129163547318270378371414676079101468368970723924067424536358480617661756678756608682672182918648070477288
156 20631136553026870685680913092720028863310508496292310089462932594630496333461198514761997840128264078509921293812598276220664035792001723725878651213291574481966393300212
157 246238783395501266346715467801717201766812664357798035280493108210121436831073580389228247273701173638103001029474854503035909681873743764105463169762300669041925255975232
158 2938933504329930795080101923224298514318814237559287797752601257079877804610990773943441007145781899252630325072382672222989156789327921278663650021519598670778569016215892
159 35077050104653862000835194966345702208202411670849117581727854455825924813575180620974730152868088425169611155845632854623056114543393869941230862795644963370185210321809192
160 418655080910013780099550675577535436762481556046246642551373178237889137404998396335362047530838419391010916081651871160661944979357767238325102130426648117367213389304844092
161 4996773567014288069086492060348400543652636154962052798209779539270447760487133524904803640406318110268743243327278509596719993074931719452702104819127627021891369873072037104
162 59637986539519124938161483098127084743105286098587784696070615778389424017727954774029364262417429812883506087773850815551028473444579388567809203384807327766998897031943461820
163 711797200891191418497918089189885780604968370656445500334284573590872460210054257871347640521144148322596952129155437515789908364922408806746140446509074013383857187757635481192
164 8495512417422072035549181284259266634823508291659475961475056401676453000770327458032967264162035767797382673750583025982700551230038491221687828655434124526029014897428402281172
165 101396480829383628856499942091166358460718197821604618786747968229409289276167257377274376436372214792846387092852244547694249047099323313673298046673336085211025089343725172502080
166 1210197315879312582105181957454692062716412357219964825301748495183062340479910320941110590767267063523062040769814213038168184844259140306362105478946519600669667215970036980227828
167 14444066809635010323545694269382935240833070538263514755264863104124047781480303603167822112427425006498597468098429824203206754495224031157493698503375002518392580811638369742264744
168 172394256096669051929219157730451431523718464297509892502008596446704216194980026119519285209701391986112544006339220165326766814384477931028990519122672313242040021192598951937491996
169 2057576991772091432259016783993966658421188189406415689770584965652674352319908275963025580711586768765383959903548899940754971034095273172746624005957994369895706149607014522852652144
170 24557796604870119908528215737759868511491703205667603280905036076084297814537468945952375661374473425605833380179065713099287221571898656069358409845550316758539044265457128355581919836
171 293104645171387806889634587193122157645270923960740678840882115461054615554976824299517443551579892060013184993477128837408317103182079858166663901209683779260571172606094474242926813416
172 3498291577348109893707808279608264316562059880467600688905287909295437311717584921830195688393144734265662687500640492139996739664371030373232715257557220201821467772110357570189676498228
173 41753155952164268559495656938311959961074312316834537372819573866293728280300579693028566558039815832618798939991583688618438715856213029167453577534968220138718853495344468730945749856320
174 498336400331525211947521164883453321119251825349027808083100857994667512371283246449303746592226990763034858296243976185661518657489811740183348093311961752805193829687216990072653832720916
175 5947793938736013988716777372378571001996444190125848213527491950347598940906377165854363909039114048299579281039105632941670001282542521516494613393332821186793896922329042100538379360662568
176 70988699027665495505168438968575139687880158064446034335730739352706679129218677521838311628691574103793934681942229045398441980055482255870821676553021434572206481116433783380911993677793916
177 847271348259152232656287046888828390721344625418735198678656196234266731813211626193200877791879768441246215131837314506740346140563939920612145809899352309961928410613415632797202627381357808
178 10112436872538205696986480304256253441057350552068231519886061834207104221809020968158426563357693123662784274441136024239185041210721471710000558102481178544194367750964379099399443888869559676
179 120694957655752002258547511325447104145534502528777708438691388046505766303997197616387022139527839273506206255487331221327041495425808795041541935601992674841265917290990563950864092355404050792
180 1440530406976711872897826545398541527712191375443184386863294923883253209666000860781464930610403649616993037270204104567620966181418076894453127922602444208692733500337580850037458936974237672468
181 17193161120642690220766741431354431408896829690560232187758218393813839645825940495287576684712176495742193118259635210881014159822715739273638407023893200139131510930491916235861138910450963798848
182 205205518667790439520377227805153932028911418971312272792741207427301901326245547120783339196805429765962125734313248230809312621416797500352663018659170243990769410561381697007872677947491653870260
183 2449189221007126849937228905780934921957067767413604374866329055302432488135481898265218461382807111797049851444421295844322923344293728199503662903464610378958676078859838571490843315907452386392744
184 29231805651428810531060132441821488078314148220797092609228214160270318987057576213899855390365021859221013003015790628676745922720016450423051376356256469771072080806865491812571418752551419551724124
185 348890340653846466078701978044256218448682248603446520356556312889625728415937860637645651504834622516661844627622680728305048792175099095189261087932634289607473530300070397121247191386593256887251568
186 4164110532652207447950000634473389117076489795872714506401222817736565975268803845504380325201723047546202806325378548592847835967481769166090686368755393418662094876761044343795466991890406785593173276
187 49699904261175428545602259218337414834128822958466919453542029197673610077271170938157830802355208060005692497277211784234362662177611673447383514373379766180832018941573685955421992979886375104196862952
188 593183217448543224102943582394692410085522520476701318847543860882396956220628188097853394441179314523618542968144704673015653691496697652688949261185956962618999376275034863042107208582458103271904733044
189 7079819059882508776776025909833998922835434785019470435415806571975445254097941556603595648946628563985691913761979316425363227978266389882062893713589329639002712827046440232603084560588201227950085772096
190 84499757319961155968906158684305616816104887530388262947685438932011397391888902909134136059518182677937395453285854133854988548906602469130318414851816467719120365822841842813234152327617498126949939765460
191 1008529868735207813055902426845852167245932961627282584509265656936514915221740694900768441884726092537791143118419363823173711866878981813360057341895932709714389124440810644496377336767517688704093182241064
192 12037105530133646442402573178544464233575154296140393726219990386088372272064684522034126794318657561304575135633391324719366350664125744909665671327234818486020076562103164367291364527474562652244039782824892
193 143666453553113128460716897312349809898526235050277519020248764601419818518937276794773343676649312634250987152945237334134886374203452271520069685875893198805796198449444538874660939647138733002265167416791280
194 1714702078905812170002398218391256389875906620985655058933546151811042857271291435234499114605060890269928302294549125632889276105054025434401199814404731084578322012729528050342890858122925592923394757527232828
195 20465482001453654110201872428820547787527542281909139818533086204048559497502585525534352611203936944346887093008024577244128008706672045068737775457235871878907758200723733824037575551840829700633514041056722024
196 244261646792363828771126952262580884411236390168205953832055013529176363033233042990533916222198260103642104308641433540218427708577692059558804585378723666946991508257841259852591678900423617461951910709023616852
197 2915335787814800202128642377693126582516135057951639790604210747363796625241728143284340756422833851320342612251648358751501102054552174817703360848217907149025185956248872443917431494431751054505168258273951521856
198 34795404302413985902660867147275221544436415160602977648881439254683807748285068122974048449614562931230423317767772267474502241561608071114229987771514961430458308557297492173692176992169432574657155187075909233780
199 415293554049205807364852549755473364433214451835651456641939279988997063241230587069136446275913668125716251106101919572645308730051168301049273731508037169197031556220622248163468595415967418411429677328262392167336
200 4956652738846185368291269529670695956525477482887633525476538602337352122947651262906300765551437848173338861205506870490205985162521714059566700552289332811712137181267559960765896778317851325525955302803860999558812
201 59159132459350471436025115157532192920932355556157208135914950526093371186340715122984042347246922626222420955898215525220699405655056770421210059136004967399521986925577270849117213510338250690920712971526088632382576
202 706081934268742463051670514150871450369984092878494491180275414270232632611424963259163519193617941948173931319031047689098674456552530061066072116168460487265795192337616254105142599601292739612144114312647594148104668
203 8427299001439118189694094780528972345148799230792017812766518419552863018387981120715664621210671196978941794676386676450559594804699881733862228522911815260675048614398059119499656459316988347152340379222004444101574376
204 100582333314062691440491480628456103737288029305474951029866704214426553627769151967580290510015325117626841551583097419282576520995925324074278230925294127317506132446327565935752865228908006824800760990518000318950073268
205 1200480221856798079868862040513286943450631722696652774319225166568546761086059511919551986468310278447279987398317878864909765396603439502869165384653520686420851645704311712151609962125431919815688349101271242451479501376
206 14328090387100371872517821096065894699370578331493780466660694850286689740965567254803822011335894662147339252088067203499777616737534636123286579441328337975094469190894808527132650304839417122250924436022259970404545705364
207 171010042817187746043212231012407015461513753106430759443286592359197897347067951287571309090940876877404382916332349703629767965756898775125424875624271731784910929406208543376750001394033786994300480659529854980163617893928
208 2041055992406723613544604077481130651134786395466991542264292344309748505226724245591473650063498209750376006239639326266272919551588343112051509959696360403757662537692400228734763077110624365302078656078635324633619565748988
209 24360613537725466040573226107645927935980433248795478121809014354464122835294039567138242250325459959623747644290409962206628685611545297803881937029641544207472695251921322202120366127022242193629813839465321992283750862285040
210 290751206307993271746917583111017223187514628432194957541742085257096076076766003043244384096179073860685972815135153863351263665275099381149825901877989300401546908673214374082720066206172083808192340446891897084382877159151356
