1 256
2 2400
3 22506
4 211560
5 1998580
6 18841712
7 177646290
8 1674513256
9 15787986826
10 148843166800
11 1403280508044
12 13229588080992
13 124726066140698
14 1175883681522224
15 11085965466380794
16 104515595490058104
17 985347986245310604
18 9289614943552939888
19 87580224407447290658
20 825684654125779428728
21 7784352239479645424434
22 73388952788493502998016
23 691892995892574673105508
24 6522996669715091938470016
25 61497206947567177727853626
26 579780520530457566327629056
27 5466027998642338215771226898
28 51532365879933954052589193288
29 485834456489584773712980767236
30 4580327618396541673464476183664
31 43182200920985902251020144063090
32 407111156779798642261112715690248
33 3838143737537951948138413022861018
34 36185074030685801761714263930723120
35 341143967582151368893920660511101948
36 3216221321256353821565785531652439968
37 30321742638692227465645794062913629722
38 285865923015575324081842951648260520272
39 2695073529135248367315453113740014993770
40 25408489584062982478769813461745546884504
41 239544983084002993942732057116428355222332
42 2258371113745037552430234891022348332346992
43 21291366747675338230756263711528626406751170
44 200729762803152287167517118968041889023644696
45 1892430774996354877108958162733348079561663618
46 17841371344936222113588347334813941408299485664
47 168204055690540272474795800359453289638135399124
48 1585786417632795497914529220802373013983793262784
49 14950403853373116137415795245530377452446196182330
50 140948726066527039875693441149195281348643272510752
51 1328829881427924214694776370167080824640618339122946
52 12527880904310423922373557162079832521892613535369064
53 118109776237072058574811597452156731897381009663853748
54 1113509886414346515432608416357241401620964812961626480
55 10497897012807276088319009506184694421739478696374701970
56 98971587981482191872767697464425782786409095561347996840
57 933079760224935542842190388028001841716597086692269283370
58 8796846213120486597691638502281582052985688031734439362576
59 82934499917389008550290061542489056344662142468559253707372
60 781886043010354176775404232501674458262339277470863514349024
61 7371429077927166136266056732077953971359933668486841044667674
62 69496018168712307943576190263231813354380355859772628441302640
63 655191346243555560026191720793634318410365392876415396851531226
64 6176982674752813791914981201254573371234723079180550180095634872
65 58235071606109020311806719664754307871462118403368059904828991724
66 549025915003777574351596204552232991132573550731590968477236883824
67 5176081131737020378902709536758400026511238215605356392555407033442
68 48798818325615198825252808778592278744522093434288475512405546080440
69 460063242706023530369437465251232494605125971111126409959017759121874
70 4337362963932245429219818823161667422053693985632602735485974867102656
71 40891589969756132488681248763563054402168816230843823851698144413341764
72 385515840882893839387176490425371239245448316334960467471257795922749696
73 3634548416473106617391219154706898140609532559501205654655727460873464634
74 34265627480920772185967986377558481692364054041579026673071418687594492736
75 323047898148675184842869253473957459496950984113316560673322955453216956402
76 3045616034797110255062248590440368773999626348291152552128505535392862177416
77 28713318008168295965520247134555837695913047506466174050384172941221942989924
78 270702091668336135989740653529240211538840326390346308909990419482556412199536
79 2552112661196656161430876822169614483155071613437178401191390109920872056272562
80 24060689724630349752648226465208853616478078319844878017233580584333801944815176
81 226838257897864546798029019772134986054275501468565499191468603430391564124886394
82 2138575237660965777122113339517652435604542063845453943409335622582492213795248880
83 20161960727082938772426156901501692226427746626760073477323041883675112423907255260
84 190082000951737891837186750868551107961311991675903579095879907836631077456230605856
85 1792046298219528056424426209342843489420194616237118156304591826981781430788480947994
86 16894971217068051666703511015391621287171374635297384594303800136267343545863733787024
87 159281628331340765782932366467989254980681291023907515249374214984578478884353596563274
88 1501667969593983730014614376888823364953290911865072709126066344508989370656824788977624
89 14157355839014958580988379758996852312475701782402348560250426134411153123752834875387292
90 133472064671315305256120819154261883377452888967201395532310488845157311543607025089974384
91 1258341758884778725536851699080621372443346969903508575866480177332333746815310950861342978
92 11863336242325580638178379682358909991669578273536071053007959390567163219270081824676922200
93 111844612804717789360508462875789370292986396839521180022249181201389538406045010070859350818
94 1054443468339648878955987230966867614056383595076025835090257325869040854267810076201560497056
95 9941033368012593328202039859714594765211022735396712928157909156030818875127344653748153202356
96 93721614663278812649834454558593505169519084724089263590696684204421450143697314426078821908800
97 883584304560900944748693382748373454848087298417819964712885724844952045111457644390214394270266
98 8330215245131349116157689226083318006695703435134143324984831350329547810498289349927286737504096
99 78535218056757451002214141558010581226411117630029927555623136577538509383326243177979964074935778
100 740410696929739333254455394404510596503515256035788532135618595137487258440308562552471848700152744
101 6980409728178153747647065728958113369457990732826208314222780382294495510676604159665557371298192660
102 65809584025861300518523117662587009584320339343277125810304561852439374305080494841798740479865300848
103 620436552910947659666730093304712536488989655805590998623937661429551458266831010381887046282587669458
104 5849323041409106215566019562108563842609113956810303778192325696141609428946074737297931377437140631016
105 55145977267510147556792498695634918093685389935102931080329034619479115799314611850053304554053342334666
106 519902694253683729265577382315807540274502698377740170157656565962549941384872253020040422330801220344784
107 4901514577954334848438762022622115940100510529919129307933750160639509848140335334105421598149695127544908
108 46210272467209156300263484049115046534372131258476966204275865115074315906011217946556225238967118867681888
109 435659069769597866283410431339068904163093799352381653652266418364814101165494401337061877817913001061871642
110 4107286430894618265595146777639940135140055390059780593100514649151686869288957553920567829908831433864757936
111 38722485071486736196489233402900227825006060429807951408332869068540655508898460119914446087603819258158933434
112 365066054033372682303624057488769887844935308260587613788704339974124207294225969342834967886213047187693274104
113 3441752861714781579801931245329850353839620701676525770005507932824935706948848696494222858127363842085278610764
114 32447998465611956547119435397337071183648158897243793263367951974304749701990545696857551562041760947812605733744
115 305911739374506997781344767044844589575077684820792678547636647025564239209851994501958362554931729486888671090082
116 2884060549568673536442695451208912327187209997515831417116396074996310123479822745183531806947234943281600096510968
117 27190212675674516389021751858973688098230988521757143853796959958325266773443679820825641836727491438248283093092466
118 256342629650746584939848184599216599979010244957081294077818437278556971186873469647604455621931178263269060171164032
119 2416735189241387378111311446981452575738109708958824074767341860600747437338944371062164914693890483326287098680902180
120 22784384255069585866026978556361160511211005656961853192983888035984207385045999088133789647008085849506147652029606272
121 214805564214760765539560343274243234199373604075582814042271482519252662291365351980399718778818513376288839594104510010
122 2025133964608024035406101266147990159771241494358419681554774360173604492339321994318661434971470762888055335529304013184
123 19092464339092730805277701070165682154216499604379372118671980836698026198264238065194304694667506547197632127725142642898
124 179999052363966908373463943861872422030589753254349244050291361934556885482678501057347979276495026622584225256757890748616
125 1696986741810288742451425868128836652085645930471382655575273497721876837757997144086341726791739897297126089201858435922628
126 15998773127187778708016992527745391270207506682799146608061091541578050233410306646334534302527363705580150801770167774890096
127 150832493424300682032692310061832685159974372115307985175984377475370502903899967507575655110239883731033211511231578586985202
128 1422011606248129840300547685241025168710698763343503431161681150340415417047475529601137969355806222482019696000040081238238088
129 13406375260376105398605223722161676028500873630887947589982764510422925608786660636302628674042814847273696199563057372180317210
130 126392004701164766640028667315974899916126873018327054822066154889007742163588910893397457459509389285436721606202189770583438000
131 1191592696915981451128984061634499011600822192952341703261142480092766118071131060339853773213924515035453411859906437032193011644
132 11234042522710433696835430737525437100224930135660346037066617402714067970627101023357324662623143729765842301278397451112549099680
133 105911786576655026125620663888393472663692698313221636184576903513902505083069793273284674948262804319069783219127515984552156535834
134 998510243590615141035619957839611349825395406148698981155031135701663933075564808460147096409817958347790223028811197892705044615632
135 9413708698358907383051781656213207603912438677257334922707307884532369512609467816793414372353841674277814813378613558747399776112938
136 88750127528878023962297212545929745807975039181795625748899767054424185612579021793243753567388943717355490383471952276252638600929816
137 836714348061910881854337561248507292966164560954471392342786951735721532176372967145148692186335691560153678330900031082166324042255356
138 7888336836754053903743313053252224489609487865188442497674573717630539702850829969612914943647812403524671840167726072946165618202829424
139 74369297232950861854283885742779481875074143963974755897355120187194198031617398806622637182842558834235343247747246288448847187204281922
140 701135421240308052195548458765829717897014446434754657635245554175939518163275617765675701558082457993293194031065037810827245872467249816
141 6610132100320757987116529562849853659725123952821343282835328317966474143188287874798443031208720118707080048551877118610977401120625357250
142 62318697729457930877114278635147607613285296350652159118544311244189360812477875346068792446964513036948453181196419197699618509211911955808
143 587525336521957197336765207196008709642622507780538202470744663529248294822371826309330306658804151458426453615107290009882081825668028513940
144 5539044197518111336631356302436803115843126929332362352936178637202123004198010220673055745167086233646987565144457042366110145281870054691264
145 52220744731937933705182587212443119400641232617784267546395061407326494716171668355372799843205575720697543221982769768412295931215355089062714
146 492324322232365939523812005740831310417489886832835606367838072533584082743760377320043928792487942345886506385925727821713843357572263477655968
147 4641512477575184283370195051894347856725109045040243554016813061237701399200239918128739105804431786472048292974989473279646102693641742758437058
148 43759036689066960035529101620335258350838647059309019433511751742329889781021612716537645087893703486930011640096940042006411995716144312773646312
149 412549422457970988690839619752793006251279246684308295659831330927313884617857620948236023036374382115997221075582132216079541044247303654994913652
150 3889414366677055765109056653772296870194969910185468594087475134227473166467416825774681404914387412054340545692041206032151545277844431962952533360
151 36668440899962770187925282625672903486787204261183505661193841800671016802138227070455673344288800734013542190960458966577588261696679331678665891858
152 345701031382472045759598556742820004139901150164786205563031302769908565661395912855627534663175096279204209705254652194980385201399530314197610485544
153 3259184196703227190032773225039040252576425583992334717987074709067413293775779326009443067347307750431492632400107334138857421560132557846594724132202
154 30726786048514629928327442153613486578419377431699476482122706985369087609017164362556019908114741526814703019621250054397957232863008022822251068641168
155 289684572546165855843518383727554754186100856214800689449628318526053841226918780597070720403389689853338612339298752764838004270314462006947807513147948
156 2731074816570719262596504233554134231806375472470437045016501579218484525020403674897141087012787901312756753506982060952439071251775011775252491176515296
157 25747900856950585407020055433552541874471909254916352299999937385509774274997636489186890888322284882856756142599337274745687642651161350253404985172803354
158 242744868985975636392221103639689699185234921703099577706701602488201585604865086894018486320069173747150409578104194787952110476163178260437392360785057520
159 2288538850075298144233282063744814533568831317030984660499934047976453442452806628763742797312738678514735691008250915017936246156320148738999476103954637210
160 21575780737126742526559380997768010387409594967106035012505332357528489210146530038565156231323093388634688159958693590746012759210833273527392335821820715576
161 203411147860239697982394084107368009756545291402676854300480399454057581840789956483553325737495723193279539970197327519516656479046489003707091030137733602732
162 1917710213036321959980071828724650509438814687775547128346516962233960782359870482802842450345388311619758990279306793101168325551694375147455282032975436895600
163 18079699661842720839213726585993929309896415950508665616163002113598136255406220510935992865322884274763297919753605422487841625069914126496574939984909532075746
164 170450956375151077869233346961319700588303803988970481305772573237140799575725515123317234120516570631510084863536684954737191008557924535052372002830094273791800
165 1606969643999189056453590229080456609892263894552878716425898573128325947977660957227615392458743064003073668808599864627486119592575922551641235058547595804524306
166 15150114095290253344110552785536132100995537673527886094073170495541323890802935777312151357931969396306169479199188514440292597061757925634371456213608294309904192
167 142831545049663825450722920024758122503542470811094955432530379687356184371493246060757585054739889178411293037815005560299686552482836606450800897755481018544164868
168 1346580635166054656004172358487875357319544313173722888812462439634101366662790092482679608513710922801454738439566476285046855312348726555336965910688367286358108672
169 12695230639518192390507874766983958590677264328285933928281562523900899915123673781153350392877297364877776583408996040411295581624697173381016384137728061699109135674
170 119687508331565175169044670008346307602066440848821801326906357544104977486287592924475133080525443880134158057944134516505804271425734850392945844656688658654610864064
171 1128384356092497693312137674047669475679986338818174286650031155574881119425654609816169055707640542476986642802994645725211483757775599666638596249732500152713482900914
172 10638129850168216794734267881019544518909948853767061598503777765402868623824830923835690977039960705730460914565160967001218584122221850651033273507071028190314842693896
173 100293668640477955817778178266700741926610872890177768197808347484519022247149483922911637794305265156790204766004508934504592612097595004798842580082910250945425012999460
174 945544011122117949293004022186581378859655417745501982138331440020573240675311235651909877873140635357207177922779411947417010986037596096318723597395948259957943872880240
175 8914356101318932108352321263151097152335487092007224648394955275318614267895459301921649819699509701192357167912101009593413741136655481200186335960671483285250268559312690
176 84042354207094640487724127044513379673180933381267157193139771207327633869441524070585930923807673106856212972021258525115181092810144116162744619855319806508750623279737032
177 792330620450054482554268210706910593555321910622667326453526496024492438248839892577325280705868747640141397661466106770225470191024814302937972314688605695718522935330874042
178 7469897982103076949878646082169150551308429294988285288317792034978142189688323092614101348586114589017718836687969550675329322540684057935758602741690199743941727376268763760
179 70424358749801721139378517721864341198451268883812559313062044338432364756424727115020180755610765598662894612859840323743680874925716048887668926114535555672377110439189026716
180 663943512642785777619634649476174264777959334419674460814767639799747762952973126610488601430232103264217474054264807872599077157342299324833767734195946091725774756033126911264
181 6259495944387028777169431646894499108160723540841443225158569821339664592566468550863839802734040438006574661979836707810852806697760446038190732873707776573972385843414097091866
182 59012986393735485300144453664982904147433663742501664412842398186810749087312004146922242301942923352706840941962601828116815844641637242271909818032444518216679699880869745050128
183 556359904063847449172971312620959313807484983318904449751090113478412416521467948107192974070542072573367652917635853834645154768764476452474577257990537805797463710056179942070026
184 5245224174636793526774722976715153361126813787526869898531350071028672089269288872361731087087169799369423184560683430739673995456470263911326459298583128487074928015891555473933400
185 49450681907941611798269377624120312558153385028378323997832603611905142006898239088590531616865764058422030300196550034955538512941408678469639512269050920743486124279903012358600284
186 466208852042010944292703163650414613939651610335903757978462898894571111823450113580395800603059986266412915012750407810259368735234685434814332801215073291073437353784457679263835248
187 4395302255426003902554636947431885793230851038333490470984129673939631832448160290646720249406806467889103352589741278183689802433769364628336368747905952045057701398021273664158106498
188 41437827342695060187641519204515262814691396343282809358354487211235572363865155017955924249962552142532110335279815091061334975345845943633852720623649567890347559172185026361520957912
189 390665632326708159253749726525107409337590589214985886923599020937388024308163649102445859285054895800029888951630704441019097133639360815246127184515424408900132985952731458487303876706
190 3683099382094692337790249282870473331693667219503692477867338484644243772927842393482258832734954333881871327586436770039976075753574872426607040916743279831000009693470235297720629585696
191 34723354029365709414513910832160702626102477913741032085956341120067173355233117799761783650878776603786401626176400011857125364974448224133895429416584703827939970080385862100737584675444
192 327363231334513323785002378936532503445643456100232090338151391731522381424871076079978834882361933290519622693755717263673893873760431603339893850587860103683790383264054226424659729211968
193 3086299933443719148616010429280831035382955710235474538239658295257130413756769942898895486949209961140000313430539097505256268927798113400177295183228819113793433735615663350789262761293882
194 29096875786399519668162880828655255372697578507393675712842909043824411808516311727446663909697588488162222019605121203858620304588308688534856651979902763918971649902014830877525012879270880
195 274318179952292548896294646131819819012428660971838526927115368106286291908987231418458326970405404147127751724908086485620570816568285464625256865206489489946812352750320596619010157058363298
196 2586204251093925958022531044976378912804955574305502567560408093242264366135613239555852671889332532205020103227447876093870483308839923396110168984635629303918487904927767481158606518782274600
197 24382096839296258518518866954819561676868145913171623510318980438736024822245768913735289935355612636182167284714906670322511324206605450701226381395632551289810822414912439699755102699615881684
198 229868405030020960063507077649338240499533277551039334553311644223476643729643976567354219417841977593109139017386539104709951920456104598825476300779986427018671211352781390481775527773217870704
199 2167142718664178418587938746435582289862329601432443301975185387962145514347277655679344576059437156484758852078453778669230315639488600993465643328695223022811308304968831143250594998851784082514
200 20431287903380194824247183881955997996857666863830307435415030466464270291227637809414535136551863483206732451234174839319779889957428785180848241367543493971726562323443469283712286186711169001576
201 192621151249382121040627822431232953185827657356572910713909681034509766974350070991383225722570446153384467229544080596499601779906122783382090982781848423269522483447993489024014255477734120754186
202 1815984781972504096943904897281986999960000655561022486661564318407098676572846621331240655537326355823744067224686452675788873242485518252949027677403620315196881580307808603954058030353186820168528
203 17120657347157776033236918470628877649612582888445863921818928158977914257699962437378351664630034440853343579325904656233611645241323295833018433950992384973177411541514391301051023631322697384393740
204 161409341591732365532023293358827664309281612840286984964664876933439372889168699759671622289502249271146438048432332414578570307838480260235275640827274580922098156512005967952665522073580375614880608
205 1521727526274079314717227598415176983561281914215732426729683604415809109608169853738914531847925623363087082768024655961565188791014734983508197676865160087405073978002013199536471820339675745268275738
206 14346472399828190246497231248335903142740354884157592901212018066136871306699500083441631540279097953249552795619126090777612767354106815054746463540422347773486085368522664900086243291367510465681130288
207 135255009037643860059585406688372088702547291564207269183169599220392850524928321613765479229901075033839149876811415729556792482743329731232612783409328088632293934705479147387986551453587331747122311546
208 1275150919329284432935150173639782456242985707543844282384041800884904804539220557960713509534148746033387032728443510024351195979692212846233084448507266414974816555581280092820585114105581871456858851448
209 12021808867823682337445202397632221331840468873448647382779394076816394416914271262377249353614665962397754711355961364769466264167743147915505761354692332471820655893991996481066705873195453795792868606476
210 113338653694812945222783193961070120232103772309080915467957840299772498487743620221646990749757418061548611520185489166950370445472481310140811552470256357058409173920766929019816247192984313457801117101936
