1 208
2 1770
3 15434
4 137142
5 1226262
6 11005062
7 98896922
8 889370642
9 8000222410
10 71974995478
11 647568014134
12 5826408486934
13 52422934994538
14 471676295256450
15 4243925427421722
16 38184920729995814
17 343570793183657030
18 3091296567466283654
19 27814108512644892698
20 250258959998533626738
21 2251718696931234014762
22 20259962445296591802678
23 182290123673533195670614
24 1640165391812370889249654
25 14757478135324440316674378
26 132781219547082124930956002
27 1194706311282379020269524922
28 10749435614286702179000511430
29 96718636988605251225809667302
30 870231245314652868454040138470
31 7829953397867925745886588009210
32 70450435494036832091684706863570
33 633881660477875135866651002193098
34 5703385034779462604308117988861398
35 51316519917030796339945426614511094
36 461723204787470968837709614570722518
37 4154379879693862389909811631461380394
38 37379261007143235083211185746555550786
39 336321952710571936361838098658468782426
40 3026075230685717759344639756904065416038
41 27227277993506341044148271965481196422022
42 244978928289132074031260531850420125988166
43 2204211354510176607496236224150319346165722
44 19832512654383778979212493299159249750971954
45 178444121241585228082454825259739827056554346
46 1605560775913239907973083246492443365376092278
47 14446121212708125705014015150581632317283723670
48 129979768578709191389582211472392301878918213686
49 1169500102554355070547407638112011744977782145802
50 10522641368194300451059832055943615930750357519266
51 94678043312516757720440889466441994579619964459258
52 851870891711766285924440722456032053841961154349318
53 7664755108535940341415371055422747936377045147321382
54 68964054817951873702244107811599607101761919467995558
55 620507868755891873814755377256655771438702655160665786
56 5583053609657430720273372449920323593075828331208536210
57 50233831314347688354280828328026471540875729661075004426
58 451981654654606376377423432549732988413108458062627526934
59 4066729747646536584526638538950610700179647010536730156854
60 36590624132812273964756986126430549629237195518949240358294
61 329226149144423888390104944929995253663388105330591094822634
62 2962230348600939235480670389383757072513673478769468530088194
63 26652830162415612427534713760046395151099899013631691638070938
64 239810302396665615874022775569615325777320942321958384641062054
65 2157706359329759978191641258051543809332965500340679778221532870
66 19414081407525139294224281822580738050459785351826562650215069702
67 174679263129710720598224061153368489462314512492114800604206036890
68 1571686258393433806772311038291328429187781223095489531600268671218
69 14141333381905034921297469817813093816709637268924638383073180329130
70 127237423340837143350503664621396190827847808720215735404812751673270
71 1144825700745517375155060925750016597514027781213339139415332986037974
72 10300632083507592638500954743541535224664914799772377084317969167529206
73 92680502587154572007691172970073058134901898140941322858808388246260938
74 833897909387575286259251357999546384570666228542820365193109152271021154
75 7503042213512429864730515952489971956701932256692321498629938543876166202
76 67509034168335670858402629685471620078027731121122534386919174445183180358
77 607416240592894937124644300042080841697949165310523651673096640359398394726
78 5465260966643475537835849039045319885927817853482021563674131188880698128486
79 49173985543030211982365238006410494408942148565032194012928185881713117977210
80 442445634150792233114894179580048345234902859272647066439366257040409743544146
81 3980928879718250065521586216435968123771242896943481637492901417014086688041802
82 35818626113900427547332116334023451678941765147086463037261318592449186911388758
83 322280054593236548439575277124048661628003771720658581351757676147074944187867254
84 2899732481595993119809216040617298466715284519889223831591972344386741189901426262
85 26090502173445140110507715259914047866814687355007149829777144853807311040729646250
86 234750725448950738132723382659298242853235164997405997195513185566987426552057621954
87 2112182538015590941422235814844351007079057089890501053436734907753945582032131986394
88 19004478326386036507397126085448268521052723338546518858586962861461723824431767168486
89 170993836923487837421397347269437611406003283573197815060282432701654473519546299306502
90 1538526433804854187600485573815841556960216923064749260100937525563541478910073543008966
91 13842976039981127551741547432495753459800510035326028211790373606981706687924993202360154
92 124552936779633884364245881669700449114397636520455329954744583027483987130616593769616306
93 1120671885555949068543391537262270211553623958089081233089714868125025063065772498160521194
94 10083306805503473274327347383100199952307822713823110492482088657714742437262605112777080566
95 90725106469030514294214753421131198270572030193203446765736067762330613042047761202627718166
96 816304125480384523739718706560918136758662051908737797775166057034203782837115572688543408566
97 7344741177060599193192740282686813079514555722478385830588977645718399928399025447285530435210
98 66084711903499744355494740676588519903169077737965747026766832466183285008013870078256655246626
99 594600822832034898646494487578955803646670342154407526251796018096089518870129309042488584946554
100 5349953541884314158865205975967190458049766282169801229525207363859917097370415297131927489620870
101 48136500659377274735107608347433674507638067880420351982616808201562252166384236406708516070103718
102 433110806961159513066903629694500208927322168942399820410853195612813899886692343159342934405338918
103 3896938259678087319274680075509289712636227614119583161363574577090476801685820176914770081309701690
104 35062915899728959298741256878489436745653155378584986725771404351356232047905194508157349685269882386
105 315480510459260658702655895844093016543855668740473043222037149397948761285373287206496343858407617162
106 2838553210014260032618180359613790901669776841874991024209833718790404420954688595112191958457245001622
107 25540038319174534746920230118320583092013546115912906233897330948182661604740329799905702753102546282934
108 229797896704436507113113178434182371500783314126905492648850253199851398517218710394683329649952614735638
109 2067619189519274718697634051708455357168365444760635670343889644232548145225651666430913395531927664278122
110 18603517152147232122942370370375488315077705016164698025216632679874394171723352541010962105743218771884674
111 167386166748966488287193177804198129886649588209265208466395016948792371600532017262496857215095192837259546
112 1506066223379644136839246817850561147676795161701447854801318914775671229745742316057694980656201988504882982
113 13550913514894916962952466069386415251501877979202075952628347955284924198377254574376662283300109285410145606
114 121925088178458914997260120548880247761271355820197692558369439890221998063832914015722352464302527601713264006
115 1097027673520670452183698910304123390070231674634010257913827211222595897664202631292863368672601120011827769114
116 9870566709852890103639353316471094073032496837391940522973323512551306670790955514842388932816591852975361238642
117 88810965780819334259942164073491077026181460641005395684128286544746314785663043238379426696697302502418552910634
118 799081539568401898244654609147657333266888793924742821550523836414379595127508036177097518641742929580177647705654
119 7189780014946219803118413997015404080600624887075259552713104635318959958252045839127466957808201502792282959706454
120 64690440341345309902367361735341481370540825101057240481309533689846744390726265731765243752633054276524330418108022
121 582055787918075789753898989139042134196649679311490652898276318314791072013496817101855097090917962434571147389368394
122 5237078901631828471778850399165968037756789898755428605985940030334600526660857606223299148819891969075513331600264674
123 47120904887862023695960785034997707049712053926648244506178035230638263506818167878436080730208149397106029690096774330
124 423972928259508952662111149488400993399413168082389988340919024384389089551318696119559099003596169059405565606658519238
125 3814719694469316151229143465152087595488986914614243657401350623107061962759141128655485286612344559355153225004140229094
126 34323149846173452134159083487680499935612119442162784197904481214272588314982804090657778294755727999659830938434853543398
127 308824424785623680074719669994213641654616417276217227029812895088904493911709846221547054976180633485008077941528411134458
128 2778664713804057558178044149017179572010100619047495503423399885752814946888975041673237289833591437519143072973505419228370
129 25001188287161703083128249544825692577202748509700399579042476866000709679460882369152432657332267998538730638338644509651402
130 224949563963185196180712164654205364139359791316471701615273885832338484548190763932944922419534885655032828453568300868797142
131 2023996049548245277135187333847367119374658670065979684454371457816666253385073361340658883289712412093430830268450633186278134
132 18211015555724028502422927278248408400295710938876825833716665084055872589655777216464567525698707366116953850313606896425043926
133 163854612090198813154911015109248351528260408138865239423019151770361871395822737240046755892674964479891777457114354289633785898
134 1474290866485512617786317678876501801705207108125587123383478262763979215645929978104773832148780566328628053151676394460894723906
135 13265012997047133240764907717909315790362427680713727852789445028719994043272753472138039859709115746038783712673217578865346455130
136 119352682575652703497487526896723657405325573602078709427531445954955078306924996057322376624973015955072305812358361057692611637350
137 1073882312906556807930767798887979672377585904579559498705142044485550568355043921497899947923982690228175558953869284045162804297862
138 9662315057246876126279807966860000965829673976912173248625976449976984775255459767694861833559265335558486843001877336712059725967430
139 86937210105278448230878089072199308519024813637326627615906758696441763703290733255861590825100628035022202412659663694551869126678234
140 782222320024708869257708484501951834921406717874281602971375961051849849422045104855409604755535702711945560771712580964470835992113458
141 7038088261676203404388804333126719338913028486723334010668360083606550872703724916564051890624852999056678711863633857175399681887555178
142 63325585464730358236895545444681493545166756949861441777509683047291073519478733704798385884030534898890486681154096115271529217787458934
143 569775431246980313316357351686651475787165775614261431531468376323999091871966518114671417060030397403198418280995543318450779885380636310
144 5126585718398059371333114977251151036564190205874239592915501709981981093668236801356611149872285582932863477560652197028822194247848686390
145 46126736406594110742169965700337897621049880896473813008335735398461346920539553407815638473846814115848651744532400171505900568339045603850
146 415027842778032108943366875716727843600411757234783453938439232022198228392638080641681271351256450711254842829295475259230079661508920700578
147 3734235796841741757965194364590452949822778490015959881905534975046527212943822685968443339194568779541341195856457576174937475859721311309306
148 33598991559398040969364369301078507391737174640358532456353421637698983434169112937839527953756362620830184614135827556976311679141919301348870
149 302308770850322298339654789888952862638578367848211323843068600547468980752153137269875309001975419207014595860144869444288250175977519258816806
150 2720039759868019962961552098562227511937956609315205580653730969635607752527297442001284258954264122845544526666619928519863478339794201364860070
151 24473707046118234939492676679448258578453924187396364695914540727861051556190330659503206155942392031517338574731901682413488726252208361825322426
152 220203522542729231914128597433194775975403111456054741643957858358750691803034232000203456456665944125869106701344871713848664438953380947720813458
153 1981293281350982586367642522403710198852806478555899472374692110720826210357824641359330095649552081977825758101414924809591064460533105910499125514
154 17826795054855757728285390725090683241138984712336484063357108624065775405539359101695984100376702375990704039533915339311944322397579564926134441494
155 160397567043247316834188868685365365335589376724071927172236355337041468442646677201273006843724965232147499876982438119800640666065672962534752326710
156 1443185913913631752107660672596977929287189729964899334430923838926575423363495418441416167788205835706247159905747655453833855554392914824850702342294
157 12985144478888210698614238352468998925917807044512985337520333716889256104115747340603926625863066889621651137096534617673227498603080440395485426761194
158 116834550221151740244536310740562820789984874625464716958667632349488855952713861126811175087018858990270652477296244273422570027702765908803931347745794
159 1051225278823202525785417575535823963106529802644163623549437199810760584839410023806723304431613196040107559614044279197141311148627506742696806434702234
160 9458457149406281224999305773724602853940873175623794710283640113192639372771449668991568835116090387505340323200917137343543958654144830806277419352246694
161 85102987389443084857486940149556721746507043358593676295670476649623362352971403519570362366422866327616117077970441221271493917138909991317715247438005190
162 765718800455984552998779547897722542398283507472818675065947076857867763396510467437408173012273380659754699281873930978175067553092953346008686087759024902
163 6889596938455826521723743848447313703153395524422111823430146600187576283351593322276305301867451842223298778672844691002833229990451278872287173468061337242
164 61989526633163024426765006418748983808805333915496615164389049122129621816434237974828803959394889360590467930444695485300163152478244870387273817486856123378
165 557754168571855108447790741103158841528705017455534566152592814197433149251499197720158474027021142575521936020245042901111947410327730638122784833732850262442
166 5018423747615056887024156438280278169253729790097656373969226394863151131665237463612394217185163743584077277737385121336458634697512901472010781901376559056054
167 45153543137315412902450310006479387457481694281405631302761244346564989369291341607732138423684262651127997493765423352026618783564543296419929416906445109390294
168 406271482917786326064208895990992885216917183304806409265121227201989040995288425279816695957355613441075564106125927479010814210407839257409307271170546286974966
169 3655449968350601519639394093744589379908404672137306265885793240338491269094642928276426682818966030702975433615025512632248954466132706359291707021728462847525834
170 32890111742887035401787034193407465428182708706119108980753583660668265633994285842047521375928698247255192594916136421604673826021699631651414518693512609716127586
171 295930585789881052599007776499530183315858043659967788761014153662669073574188661616839418580740377235907891088673131580172214219520485108423514450961754462429243194
172 2662651689679391155673218584254046679124548518258493849542209328655146467151729756179418703579953292243599883211606065274141447165859624914325228038326824381248807750
173 23957354734486319359614724269111476714470900297445045519981090686039289099375281426115814656201326220638378587420499944147634924998122278667721480411939001326514649190
174 215557614275535880992214010140453695188047067402908191705210667105904155966358328112633506824430572466105955898151572107801802728441590349139257035401069516011126694758
175 1939491466696646108274680592435080468593457825217058871239690822848204925379636572548902005919210826216054242245055708108441699951073475610072484899928186480679397521786
176 17450680932944538787454388838372236316360018079224819702485466113140861385560876261948722203926934511961006490083574721016300430388636080948659729056800159631354284079698
177 157013459585932131692678507804686828463300824683523933028101015962587113401455405102458157951547832977947626877076284083338604562469518426093768263890608139053016023029834
178 1412737221308147731477435363394401429781116524899651702091878926924923977442782242553239881784578137920048794877539663676025774529452683999244207722098732693890910344274262
179 12711180695799951641877002731136321317389455130530024810192626849514397029307665557976261113158000827585035603584121735940438830650641003707021368309206798618816492990592374
180 114369546044568062382935690284964264213892192747935587662556280994142820278829509199193027868646032784378239463794926631813406989098748321467004224193827002481658360260038998
181 1029046268436937428939196374595013903241295627988565788341945408880889318146899562339770283766072958903840556757293071853811709027791729851412914194151614087208762766749666218
182 9258900286019621340850659525728302995518290655222075408779859350595429419879720171910701327732498930163638398549890959367316647095900529902053654680430115083831364426786205890
183 83307463557172219329900438172003190810726807482318904809157359445975822576709741766462635640838056993212826615800574604514078587479761182283195100868701747801783139621307816154
184 749563476216366497641312489517209663001877834060710341470484648857976225799570278317633809006132078004803419463429565468511300096054995649092431867213668962306606164125480164070
185 6744238521822001460745224261610213432596278896567939641689999678901627965723122689070386616524183299154327877981010709228825859584423263271324390678854894408707935272916930318086
186 60681656300577721623936520742606970566070077811528908814252854202117850723035222995096823262416362537746027433989828930454154420658981067298613862852749600771271404623668213079494
187 545986533463626022307997121508603412174414197299248090288196652639516043564227579199533924919471629641832097284276762620208760418740146798114030178500092649335282337236463595339354
188 4912543804787166554111281986393285394071033425929683408121612243293310335059182372304489086046256417252247384977459804265172959976111031467411968434927582263220809089911374220717746
189 44200882539826474837993301918289900329155589614134896494941421671656871057674172057996508231376093158717731695856976276276576604120579730096135876264822823790101013823317601651158250
190 397699866899035367297747942605269473354167277491294658016966936655398057451789557846295588024119192265707875390187362134213504055450414147934029801944266613062623678618130427768228854
191 3578326382714153306149985863576800165132889666218463300649907790133731843386061502790653975457920416789420838186687543567605650212944021306881421360318606392252619138666864789467533590
192 32196188047703906970472062498367486208355877398992162460443085356187013438359062486639814711536303146922984287803122219991835446633221564677949374484208162052867509578932171567112758454
193 289686969252049353654347660537188373344396277442873471229401826797243922946365551109133138613948757099229757446072127447981116308253570817265899402672575604585901157529205225288337700234
194 2606474407159592154839742725626426640790395159059370059991898106968794402359427190156141885086834212627760297444651034732312935532781401449508752315971564051092760531344691124924150356002
195 23451896551366492483065268696028283657704028471515938360593140048520283994613732964280045129302745394872492694574521408020452848311104864958991129367463930789965732876927633391628919748730
196 211009726527623674553723570403457236921469739266436843455853324272771804572944583576576512137544401437611363167462898600248350709008725422251595729614952145647157585182900677545744777416838
197 1898571597045022205671134198383238991260799351559139358293865910397792229381646359203942412017877018697110509946970858825411576368486392002421592348919927971054549770122011084629383014426534
198 17082502159606394687331132672952242922270158795253817439173095618373650355027003932248192974731110212005967325855260085329030839198837633516794466391926375241476958450821715282233283934544422
199 153700750862985332849307889122077348525130487388579800853118853421973394041268891416540558908706461035908442222955017613551907435426928209102825747609040686965849282246931599302462234508195130
200 1382930942734317529671226823279537426466177691468166182690157577177736080465571166501623618638201542518518450520177868957192223028846463360674926662834111459854499915964934536899671698806632722
201 12442997068224483381149666093586852030229412353748642693033943247514981037141221840479487647311598131641125425764366516182772898012554279775479526946132820334267178949653280917890669429767339914
202 111956549134491367928345483025511929505491853944787598468889029372579363867953919747739716835533202050354715290133818878475500987176871881426137937962774612672596347314176406311163303795560948886
203 1007335196285818963625291755048834373250424226638989548690545118683271293306515444744915852253161180037147127504689726329982383556547915434026876315371409053072278412987129380324782728099010977462
204 9063553722589463534880731917689646543867825456650043913986642395735777897087842368618810483580166205564684345970600908696450260115755910979038881801672656942030484053156892468335915650895565713942
205 81549822129869109100864241979514301962838832311442301500866882758572686224734712503172198750630224756243290101811320551703934035844779262008341373648143788931773412531980157633496534079535096619370
206 733749000994862884310541730075335276462844881066680084685615827135729899430800444968751266992713290282655375030786587590857982444618437676077456944825663932849597952379376610426509718177597547994498
207 6601946912938330264843516543485576266282888736617510583372918731028507477309848724700768983626618177244967070390671772515457725930916207135138037132417507656495120248587291918771943436969520452363802
208 59401379739065703605030297164113698150024113380411483152697640509507460425465291034558711282667266439365411530314303329271349173241691912050496617369330370851121132742363499382950558896791598192419878
209 534467174825288681752168114876675116898843637315119057290428838734819619924505121968646383776221875366740968895955052572392883413610207115431296492745227791349168860077218242345757081748427764827038278
210 4808897743125362485844755496411349396084136032479363616307029669999643315699966469453465354976692205594728071754533512237445762234508262223399306453479427576689302643911500137210763092896206799345324166
