1 6496
2 78420
3 974864
4 12987512
5 163330432
6 2059810392
7 26060799904
8 355097523776
9 4532945330880
10 57916057781984
11 741681895667456
12 10266004050839616
13 132424817292716928
14 1707035661218555456
15 22037483633602737408
16 308047029565418597888
17 4000488346004358858240
18 51859595750380595113216
19 672867840433681323874304
20 9458811264057933992949248
21 123352640015889693897446400
22 1604567017711368387768583680
23 20882071050320905000444344320
24 294425361759744661361846898688
25 3849513930827398361374043344896
26 50179141790634405088728758351872
27 654225756759795032984450241150976
28 9237097436160175944315427406057472
29 120968413223588504865590764905357312
30 1578897156905769697955904325957390336
31 20608233599901182636501193909157969920
32 291112096750771644469130298928543006720
33 3816501098568187132309357674995778945024
34 49855813210963687150797856139277321715712
35 651195521913336755323802543342861900185600
36 9198590403761450183850847033150676131741696
37 120687215161063160375648090273277261017579520
38 1577502377775239026785898521362858208584368128
39 20614692234637929843099902112712859844926636032
40 291108489620013886742867946792638916941543899136
41 3821683819817915676287322991469173488112747413504
42 49975861054184691848722913703700118404505707347968
43 653317130615930006428688150506532667012282957430784
44 9221538817345415007584747169964193867403999448399872
45 121121507840340777125788684589908173459539043678683136
46 1584488929113548026196985373384597399796568867897344000
47 20719518108199185820198594974447747961600804450408071168
48 292296972168996983383112836427687735397369326639582806016
49 3840932052398667466205781660529039491567178228559335391232
50 50262917287036190911085728232893493156619022096171355078656
51 657427530436714061723452456276363940031343227656032181288960
52 9269127442089959853089305574027588119392102732477106239832064
53 121851867434563487899239516320462876908103818707167687152238592
54 1595054117175257976581006899026430296424717004484012572701360128
55 20867757600402660051687264431497992180089756574080162477971079168
56 294037980262472926520974017279982177941987048584371384954768064512
57 3866962465936797944849921535745152555821359938897638130559752339456
58 50633618289522009510111227451899103498446289989185469152648228765696
59 662573300159130525225375837172377670411174676053085069516729044959232
60 9330261990431375215916551232039757529664882986591019155926087207223296
61 122752051405237388947972071089707557745412343689151013378622379540873216
62 1607754161533105750130151012152889767322949819102471504887782616894275584
63 21042913017563616304797043606178833223824734132579207078650263080926183424
64 296139611133469532330533319985849875832997672255403359144049080711166033920
65 3897594627036768781174255545964394822724886976530568025654499619221574516736
66 51063065782247062572561677005584766116848523255773770904318390832651088953344
67 668470417152152876152547337957395195377334185205738881808075763299635978829824
68 9401641199451408620824313117012209668387049496296190448368871738472983684972544
69 123784656690012568139162412388327617028630643089070921161405655793552850340020224
70 1622163222962013770718333296566702369015835031010209812198002717250484823287398400
71 21240142649464671753174710199632363077989477812820925390904482142387105963507187712
72 298545678859232193844379917152261277312464559591289522228774896464045056280410193920
73 3932195470375325182346439238307788105058339986056251404662863131290288669171583549440
74 51544094166299101315042491841879689478668569286628209196673554082672058968178025299968
75 675037941799766489102053444322171350155918629576933542352671453399145150978731437719552
76 9482329039970333661457997478424140342533556002937531401480500870578775852427173964021760
77 124939254112192722702013289522825253221508726542129545368286690385385792483598310427328512
78 1638164663515533573873516280727311976639127433646784337864882905362931930227847848435646464
79 21458146991199431575543323464610936383865846888469289423817670243265994790823659324405972992
80 301241272241316897797387091611542981282937651730965245003585258536362089873915917460494614528
81 3970602857541574418710964552066244499219760795179654164706570479296143499211681874948518838272
82 52074938722842515193072782494630673958150240140415906674464956907205223496839606673778302517248
83 682256841456062022768553297120333719513236790900152136189439630579090133741807678815719850508288
84 9572111471053629193200442309852152129077653920884416739780017954119425189256979022878128855842816
85 126213658964416237536547260167360778294349114946330355765783158628164700984454435711321074139398144
86 1655736482184606882402527497441423560037674767586646319273747316507435464830520574616608436830339072
87 21696712400945471004246663322480252971193389878023595264653660186254618481573170404073022356350566400
88 304224163889946760775608878407207754420528718632724857272762981468462989573147081300995404508537290752
89 4012799706817583098378265290994550475544495180865310856188218331358335267099501284814383239649319452672
90 52655502487708185109809337816223339060478180320910263968929892649109606365564175224372814778989367263232
91 690127254046334001224375261257873704934101335237688224701804198029229164082366046332377905718351106146304
92 9670999009106541135391842395945236366177129792270095342178894596064462719676592203106482954272268458393600
93 127608261574817658380933925132537995376210793038114309862326867938198372030354088395762601835867653179179008
94 1674886368134373420797314777661386532232342772343544257784921752687070615206566117587742350768205487795077120
95 21955967615892740273310668874870049252830447859805979219203032504244666042563016687647527959611590853823299584
96 307496156597973763781585098408505016931215796243617522990910517534847994263263826665449671369654220837410045952
97 4058815368187646351159809138801967926550198455729870886046693968326416713808460495035235894859215669539146563584
98 53286226492024171626109840033017271940796120391068067128906430039317472099949246079933837942972878955541937782784
99 698655555665194958367011929221003844420186057889706540957401949519906352539421220759848089604757822921366944350208
100 9779076209497275480140663985304058738524212049371435927374471401499840242004146483840366416226897977244262437224448
101 129124311989052220040907277675683537045638015164910037104952304152832543089975810092299496997113417289734777777160192
102 1695632053153601056624091091401478011086206668158437807034915247693641328827300548212217230299339839846581436942385152
103 22236158866174230753759474247917575195967200411071681542892204519863399781391643344155213049045680882172034051676831744
104 311060466110435161364296777770243727582855032566898224134041183420129841266622861057814029069052695000906880197597331456
105 4108695801522138871916098755459656639908746880774878912323578698094787146866342251263005879312187677222577424663209574400
106 53967748229667368532847858539819689129434212665677565707130966603980518359271881329544517387318658550650161733195167432704
107 707850452049572081006116985274671675771624202544094942914841887358367848685383772884809883331234515337684788763103116394496
108 9896456185212386805304857214064299749502432232689332434922976341157147054898308454323943803727844706154772275767440442392576
109 130763401877258084606171513718746256468719803813819701924080876631936878313932788518661250436264112573691618196792743483670528
110 1717995379905328601154187311092155473398534274364397302415067300690007447816971135487795155108321958277357523259423016559312896
111 22537582012821192667616067146055011082318817698533700250519082267874875512748892056505638816325595822599883839218423474335776768
112 314920931658000093753228189951289670460192995250511612486844084384454293161581646724165187585089136112283013179183660236902760448
113 4162494588060399102508685206359011898460841647019438600813600205126360807268771286435635288744074794926026331844127631847687454720
114 54700798800535887647513415726159313180842985013555173463143581796387278672687343529714560535239169225108883083958676764026812235776
115 717721802544166240376971978626379977616337466681302065072323991546826111607316324366527465596412999166969303209400493363273331113984
116 10023266932415659215773550415318738016630004401733387750390226446733925718437491949070134951312167804472256111063702067840942843363328
117 132527308990985456209064965071383730630634435076838652968900672854811196417675468906113489605190563584368655304258545990947350721331200
118 1742000523802964628568593252624310065682005162881014829920697925545031252728134423630904585128812749010505057361264202400882198881239040
119 22860562239844503684370502984845510410519257060293876028945242298973638862188604353054923774434445055059681815934329531328086360310415360
120 319081780052115593328102217246447171054274212023053678846335871859521741794588266770548862237311160028981559975054123003750916035044179968
121 4220270251876235067155708101775878175807805235806737375998011841272451416385441370359980850406393300145686135273164888647130546138351927296
122 55486172348162460551561655274391895757214172161024559011597818879049450403552799634227726777316255637682846795691312534513562024834626486272
123 728280271788198412759055719502811430160926033769083235278381265874044084397775459012634870883587656676928388844308862457321675506556942155776
124 10159647291858988458736769753101709190091194387208372433494595535397609433574885876880668844956328762947431176535137106257431568366199742922752
125 134417951465299531558243048675572465169809452169350217554576954121287730223054417102393084410964216031516563152677890125475471471339681949417472
126 1767673473486386355833537268377222164550903008065223769368165156153863191888841356459886498681981850365539448719987907837820457634471024321888256
127 23205448157587919820121182392699406425892889177118594525033007952430163266640340420133799821801651605975282793764792968446728144074845779478446080
128 323547557567721945049808324088921680950428773929782316958940069663702432667787460455261004697680704224400832181779917134353837152815595744017776640
129 4282085494292292294381616068299261254798158126650103970756448653426537101862441163868460533597352012359808377372775559139322505858587956209038393344
130 56324717418624929813702347674639126201555727474883511670305113692159873731327983575611462859664545991160032155303147673467759981752484143979531599872
131 739537232443106829771055014255905973952470375994571407865569616437517907672103249381901609899687262329037144626490447659073775647215430279785716121600
132 10305745833745775740524314283263196767066251885327785909729970554058462066820020768013771768570180501798338520262600467424128480465122783936667919056896
133 136437375458632153205840733615119964132246387864153728178149657580386208190736193750422743074368026017336139758686188199798939296640825035323436129320960
134 1795041893420021845675690247852774794509875694018783052137544569305394721335373560570950610005472145031710093381646569475089161692044839280026923248386048
135 23572610283288166258090216126587110010364977284967615910432846336063558124868144191493863180088137291228021417037665905797611888903973417892386232002936832
136 328323112820071755082411064734593859169675697164654425589654033976134935390933679114839517156982898900020595431626531767862977582543488705714656674259664896
137 4348007010045315282715632240730398946623826466610688251269625823946631180351306125775859169925763797270011075316527030339087948545436127695469827572056981504
138 57217334990456317342533073649686356290044846944569368608631830804214729541448968699740044254206669420233209887303175084631443763115455038754383351179271733248
139 751504744374066743744471250811260187364063927405073876665284377488555110404876642120853132596198588068554400181226373361461089805419243431419224713987834773504
140 10461720633914722607892040255616330005185361922255033776490188563570084465737814200057897481701985639295808792006819366072167788952298309636156976269437521887232
141 138587752968550568530013143601430334455684457456352445232434234453648210061136768658018184589087707020436647938605705048132131718309408120096329275202786532786176
142 1824135103271356477189292076048507981974460993076573154509077619535289936608278883335124994486337081240438388333325895318109643864320666685941781054130106956513280
143 23962440861207473767354403755033041441231962096121317182114403746808427678493499663603484949323822768466395607746730414996639299319294168804471571218097252396433408
144 333413595278961434140791436837622900851725950695089398576861013720057479569002828216872120849002222833748677876048203936798587006723838076695921400948354394395508736
145 4418105482219283570889140444267837418894856995118161523679016135157813067832133326483075559975238993275039209714672467610699404939032014260633740977859718279690452992
146 58164978559052731944963723841614791127207582216293239091752397476361746322756771084346373558901514329549020993589300501622286049097556316344506896731887779218462867456
147 764195557436379815108121741679729403109564823374403100743510609895965208274950229529328417623274054734679075869021323957764900405031143212188391302601787528644174807040
148 10627739326215686017771557852629003237173685592057145884582796542973973878770387230029071356464766385631329565002831429681801480300074758998032482837525867720459969101824
149 140871382812603649924054133643429402709144439379778046447029517072920954802687162959776155659828012413683502923002175843242077485383221371218916401448195710312489326477312
150 1854984093757035344714951831780263238569503710037162707692787297727931058348738750002267669150111159253617373278687411090069640509330868624738841187093681136502850650636288
151 24375354102957421765963946901411117440420834701679748500484470118600958983281945459451611823503660101181065755692594147118170489484294117494819846673001161512946622024122368
152 338824458719673871945899268409518114385059592686977250261905162264568425661623507070748808242425035478605616829236918662488198865179776909427853045072016039155512400362340352
153 4492455633992319748349958587730015608564145048865608693412478507118269084853772996752108998929051784155940995192034161110411120051589002827696064094001383357855791357861298176
154 59168654878599162329203781262635248920487144120773971608683441829377048873256934994025478508879860657226785803102594763847100281677332092873716586873786579396192894508519653376
155 777623121875674728267219395589858035022357410227934629084710848997611199820917192749307353016388382730254955888340997688317443999988699480561426258049278399853227778675061030912
156 10803979244967457414594650908343947370847251419656220234098930118554987151399439762953105889151786767161976552055171849577242062273308067935002453558715171019035462478782389026816
157 143290692653362011910602856820877535507198387588123518457664375378833996390786702871804072465978065998226953120519647366947618407018493682304648134896074774483457254762665188786176
158 1887621554664111378957957569583750084531558739849209741415065984060533077566313948564077120799148907633219730455389725743968580756117121819201128945941736465668632482312827850194944
159 24811786569969521016054977436433976688890463930315032247356825505628476709597158797302611045444019539124291971664360963831279459865881233762424708384135551616780391418804041410412544
160 344561466374974953370080397658803072996786245433947958666606401595766563466533699250055191146787399825064502408797783245685262746895736591443044005035908925714754250711470225364090880
161 4571136300330194676646771594414239672467742413682272412675161474705255668245464796347128580300764808121805109026342188133527576992168915928854991344628205539793849955608916298873962496
162 60229424939310131262085590565939886361748777897918209580099890715226388465795490278420184250923910712729717216283174370555830687039982018818139368033163354098820519597247495743612125184
163 791801601510411341939926893423125330956466006549937920383568994364903734828139485364372439447953201538935007391275443820559807475162026115383753593176306227390296622264576049818961444864
164 10990627601283155845011547109975112828917775669782326664324324380056153027215093636024844124877448540837293115808191161964984507034548992118018069709659900212556726469116312539563917574144
165 145848241427335103217342724117574837665371991165594462757326795485053034214445074692726322882025257322842886807948099194473764491372771614642565446088336183046259642643548599005849671696384
166 1922081907715822175608161129072988424181857849159546746103933510178655747471360061924423832697096225924835636722104861544976622965335416831299486464806745016919157544802343586224394616176640
167 25272197614253563654777520965048538921300766887214830364842303741893091942369359370641069092873176230651404106131582708140882828119062750135742506463995266520546044643107129278407772368535552
168 350630696812823815723486504155293643473668790497027715782489168055762973950957852482705124235950487481348628468701938539783015650463622972818009420689532306042247436098015911496321321622568960
169 4654230508522844394442760353492819426619349066562495725378265223334914257504104485090043999427194825839498848392555244409795482223504065047533780198361533103629536605054895590898168125015982080
170 61348405052940936125208494761684640913682065754247658395526857858482367085507617408398286710433192976238021178941250210277321431906852464756986359976857253640629888979290125749678266758482362368
171 806745888244311054590861048338483635502538238005546169843382424298736470126418660295645516615342762724983280224902228940195011116736275335231216767142759346408242715178554181144662317487695593472
172 11187881676382597348856565710903348981325737268155931539226140612893428566914672050833536190218938983729942190534068478749652287426087175263507259024410495702359211377933828386407508783417954140160
173 148546721985790112207085488741652072663832913668794406654972738502145009072778421299054420393012714808586015235208232855179018089156998462626293573209988779418562956790532139228856488265746231590912
174 1958401342087771604362471231207989644865255915413834089243623077213529469253209323588883418592138272129734194228993792387651476959481883731683125620868395296214614062004723847595384107745476234706944
175 25757069852391265159430862854627795287961820145251107949952001758380696767624595865699618225066427277768955724483145591217518857746114354327127065371461244370388947741967168750915157398167760469491712
176 357038550248995402808680731563745540134490825345697394080305676951578537759494179654889913617777061088941085956335693357840732950377026269513633415173280222157778962202911855286128375324141955032547328
177 4741825564263228610386494177629440248050703496609447091228321711761147170448171817577716124258961732517384465353029529108926807936791846732477517391159469166873783814969396505506161164257386931255508992
178 62526768008923557222630301329188861005260619833292480097053942084687486843815515138616631240675397136517447884643416191898234865087478697989096182787744814152820209230488356372786937533649306619727577088
179 822471617479877111297626581583537091767397806660103532430470451574085654433488360379648864582503902269608954989991307099782944992539300713205469551109931077879844715366577295693670729254836820311757815808
180 11395949026926220891683428152010724587914648513187330727548172768338862794268098647890899644303243678803198221885398427649590176698236307730329590237507146153202144410480912287236151020071931493235552157696
181 151388963891324826803541999523480858713606614568547180849478852405015032422326124232732310725698476712698908407973739098247538153855503820490359239310823468227018865846330575779704241058006815935331108388864
182 1996617851936671454806663503566190256772427410795242344308341594618774422489467377634281134828614396770239308403863246043800585831278236765665914238898539931182345335139889453903425020559862213309970620874752
183 26266909665532190660705891260223304551812799607407731971966530445947906788901470345639323050192201530466567074796493380735580700432561849643207256244309707351108600437093535783590483121504020660336757655470080
184 363791755211274441316901558059934081879361198888318951800414320276627646692601378341887196100152664378873184778218633627102413408181655998493294506686548266963975207553323568365649127702172873536978886445760512
185 4834013142333065461075745497086266799633868228823091313336641639038008876485618717359860388787388904620155899447347007528446372412120615571846676354560346565695128419910650652431215394877855958988637672793178112
186 63765744290584496607026070078726041141427751933854523117335549124287738211409376432645778862555205512556198777835049950116987582713281405925000330244820119592220537404831910088330869954246762027520993913263357952
187 838995184314542592570360925481860053798786714503477778345247274844258822265995083320918056872030976881299509756645329538180538081524831306971725255178675505511837866855213629036614958174755984046414904669245538304
188 11615047701019307907638291899573653431859275696377043409323190065820888753360604183084623760183411451255028066643254621551455432074692417192741100507596054557010111866950517032509596508892861806823062523832141086720
189 154377936355259048664931012140032376455357391862827182215176860495902266771122003511228575258705071783255085123741070829082346656231904488560531691486020225961305185837091493526514716315869711598603389235432341372928
190 2036771275776159192690939655557928861984279744174577065899195826692203312524807995629058621293208988543408833646552033412272099192443479011492451763456500960170112480109563958791415714992475632220181439262846972067840
191 26802247723569554376194015275354868173834016644404603228768375656393699278803519853818408056254647170634258857438319465601160099136215216035456155700838816826316466925086729819827053336420491925436313987417140912717824
192 370897375534905219059114975128741599147117141723213751882801670992886121664018770550000182522538738692026020832375728439071822605262139694356379725247201113775392972452001270930554304030027413156112858806145838431076352
193 4930889381678926370734266248600511783328065154433120142476620346614159527051267531607361450920091045554274349851976117859013387338349949939923992283166715382677635495160458646659772129270243288453860639082125683079512064
194 65066623349145382685833911792968010162737472879743855273541595479323126189976373135620036753810955672619821084882494088102542708952660382186414496388196313699995129427174880347098841716596652864321938815003316554441949184
195 856333760495451059722857488677497609876656006046055943171704630082109696123246541318310381172449374289627639770294368406346415007305572250695122058958392500145589639176148991790800366204362997548871744254687074517986050048
196 11845406464636316550460674811017465346593464027331199366771272533868404671315538164060778088587208027518938527227187851782655615125380678927227629131145837254390374600093502697453018164892923326867807015390187507685909331968
197 157516751313478150281014810982586684364444347122780612886542005294367632194320574408455222188603694620890388401245508786101606648888431718819549579986427069443282580702491350279514481822274693838770420718734392087917554040832
198 2078903337678429944947977650749719451517495128160031970227283087744574363193026072622230326259532037142330116704223990480546347523294798761833160599981894223781432080712938434623966448366926300346682862505674701013517328187392
199 27363639533327544097790652295642044590274130267818239971750376014935444043433105419760089101876002806677745387612748221315571122846838583518539096963459865049040697451239574495006457901196376150897626278738089438961311179341824
200 378362817688282617357514821225186384373205562369445896910756490857611661016077434996708552327291463397660463756884090947094902035679645046174588086663261842411295813661291432664187192620619486249558608886424730708740489017819136
201 5032554984882772124526788682398613895920125783570844519503879961555795354073475036553718248296948764368709085473678923225141317729393557326571560798399650714177987478356999586982131706554763365071003672728083999845272992947896320
202 66430754935741728386604519462260207333317860834063344623772192924284646685032817978679260767942188548722679610843256927682404979763731390957208882675516886398140371152652596057143161142353534063371522146216902551023267674612301824
203 874505312137986287631485400766789493206877801652269332544413527729177878020944901206396213165877542688112815726260132474263209532726231839710397446950621516881223446499954458956990357433034786088377352618968911520473067136625934336
204 12087265038555541104152993710409801227453741909549371642793905177625114320021172682479532713260842931854216119522307694415117795507939267499008800919769863614602125924535220131271704675853826387798155546538702106228372378643213582336
205 160808666642261465877845834508942989186929077905924545820614553522428103752670922850979511203939905526413396219456763391813811728165048172874473229776374012268738407219137110108576545153211410432439058287433750083545061729733682659328
206 2123057690325325120508969931525902390843312715718119399753720157307971219719075207533344343365978502335791595501304852649505034691788638131420007486927697571620352358685646693075437843058618606617388857594540458210396893225012256833536
207 27951666011108950206459624759619519855949075119366031726251034273006792521015573538140482271819673699004430643377206914323333925263217091426116815501334411577206607029471256257226575688121715055833435641611015170038233146908971292950528
208 386195838433938259887921229659507527832000541892666584851725705459123136239388699925759715403726708237203916585703429643554035515389615759163519153470655634516617064535175409158589356109752299026801789275534985101215131630872948646084608
209 5139115322100798861940947248862333193891600583934662899788532688672107684057131574174218749966458714120385422151768079468710352090500808057071583170848136991450496465537340939508976308124791455176006268110183774312592539958180310102835200
210 67859550492502273492851857499627265949303681735971619171921622197514696880579527632978051723382014271441659176694344223843333565068085755003121774212031765768203901674574983405403653537876469243144511147531590520395662734985960166560628736
