1 16
2 204
3 1844
4 13948
5 105862
6 850420
7 6953993
8 56279542
9 451637564
10 3624058880
11 29149448933
12 234656231134
13 1888292962943
14 15189590878387
15 122183775722351
16 982931386549726
17 7907698617955660
18 63616689428833346
19 511782089100478490
20 4117165988604020802
21 33121758061644248456
22 266458256847492618911
23 2143605079583055158496
24 17244875974830260513078
25 138731578716642437266434
26 1116067984492219733555413
27 8978545922351267200709042
28 72230622815295847979997967
29 581081030895953467127939385
30 4674681587765684861592060949
31 37606885996506666279679356274
32 302539938419625677440985132926
33 2433873793897675668327433386944
34 19580031873811901474176942446560
35 157517472363337635182618643125440
36 1267196818968312579115144308718358
37 10194347040876908919862808643700903
38 82011499739509274233059670632918694
39 659766247137702589275422637243547708
40 5307688583166333374281129399042914628
41 42699301788105158049151189467867155785
42 343507412810108323574340043043338193702
43 2763448995982319464169418537168206239147
44 22231398999243776189275532043817262807913
45 178847195002250591677550481624421833121657
46 1438790206647470781366527438694386983903442
47 11574781805883472164331587749344613809673324
48 93116823588888368879571239795360273137572526
49 749106374590668650363224656235542060085389560
50 6026412186587080024405524727387558840824400860
51 48481290607746666561130003955201428113938433582
52 390022365915188641186837050819475056038807474081
53 3137652566736231660208719205661835101024302928076
54 25241792496810858347822743641235990622425575310762
55 203065213531533147260829939994394642539149176683174
56 1633619361692202136436213450836338904743615056634755
57 13142143710799715115178236239763216731835835332414294
58 105725939203121870297394698659178215083481544149203351
59 850544208491388298823604516997636382533951122609408783
60 6842459438533707382772142311354255465050110182927493971
61 55046228873890522144179346818153948331051440569966130986
62 442835992007877484104604007818072050199285382730725094450
63 3562527712241095416658769368871254075936319071135810154456
64 28659828761750706416166838922928205209690648766966382347224
65 230562637261889580498417086054380340387335427909566920793028
66 1854830681057789044674431818868720214257347506350126010393094
67 14921744894362272757311562214123578250787602924827333574530809
68 120042477713085345775779687080244639807776496171617936243991156
69 965717920894160720794884465886828860841287228167062837632212280
70 7769009108302337989888493177762447158342742736987566067610093280
71 62500137171524704808256171113223219396895004879514451075926183281
72 502801205662763167218413128011245474525974711428699603087661254566
73 4044935961054322440418099331047203579653445677236665583609065786695
74 32540707430213244589099009846708000225761550918964919475165024287079
75 261783536316538175203259890911915732590347339247672677713148687292497
76 2105996620797594297523771073271379753652893284018613871326662773059918
77 16942325056866805912791139472306553966648649019750965416580453829676912
78 136297644306678229304060190975858309599953033699617430923009465243444180
79 1096487511672455452391507541194108959346027048504827947986649647830843894
80 8821024525915040392765914630776812848366223179223778591270341875890084166
81 70963392522466170520580823365079556245396035887557260913502679052170920310
82 570886416141692279594009671397532909080572436932535696180322779435904996501
83 4592667973588294690471982973172210242732651335204488771731460824420282718594
84 36947102819816427150098858745507568657146216888078844788315400463134066020030
85 297232113148281992837325244281866369239763921736565027117697237120226837799404
86 2391173389627957400896619058767827079691996007757786388343657821316542530623985
87 19236515592823668103935239064596659041748961868914612499270546596846315350897714
88 154753952079787564742818489514124538709353680598705916822572571048134224031819381
89 1244964846609095197748822932012429461637678605991132043735027018687148604307470561
90 10015495232672933355473340726320613361316798780101124725758260976214355952440275663
91 80572672416340523411264884381945009631582688723450948991473438080017495749821103884
92 648191166736579759650525012198017768135374313006892887114264500615115308290871317618
93 5214569357514816033285269941166175597642216644201114150485372814165759257864655127364
94 41950176089614943396501920653389431403118724994273143981137579893470501384857995617792
95 337480845165784368613090684890476590270448920176981208382592146930162740422575402726708
96 2714966454741704956782057791929234448047707294097560116476330680144873545042324557448230
97 21841366572232522123094441847274670846358694179410065978689420540596802320782313916513525
98 175709461496098343501706714309592784572058090809887473848573758857578299084549922075980554
99 1413547763009459424703926290421619008526333665348340400509684196749599132440743805314438542
100 11371711354049169274588749731016644378766521464042790073329704329212321065973595287890346304
101 91483162086080435351224642931289146219096770629605524641278539123995382879406692038566500097
102 735963891862944837568785965403613970051399274509614538643446072811749820956677522232127509650
103 5920683520060198045100847761407032012743101173203103189421915730740519710807007199553393516103
104 47630724458477175160797459804724382003094658987506083502985155464160816946420349932862695056747
105 383179729967446245176470436215127263086787390903997355248106558919965722758785884747395222775649
106 3082604917880757536811229080654754157326060430405525987164851295150470881351071129087325202156606
107 24798945081332800916044861732930211373300283853344193345637020810871224234783989266658300415552918
108 199502593919740674517556123150354668771046496314778370412662807177931664437260941072056583216965088
109 1604958793616791146311903285181829196240432626480166916649390954165980618886170189119715598922611710
110 12911575125906081739153883924725315342387253599464596543587031296857669051800334690601184400755295096
111 103871060674546489700864394158061822379650855063566715636803523751308190441343427301214677323105416148
112 835622078673238278331983951929120458072869784835306865175820068527579124509020930184345508602480752003
113 6722413864185105536697065389374095022888288370139769771019684149614207836084080643622352892955316417652
114 54080486041177898646552743773172922900784630976245366393298522302970299276827178578717773442008920629270
115 435066782488937261592046545663577449915260359858933757645931357202935445106910918706581660587516227336292
116 3500025962805743496532729597908555550035804735572290937040131635567397300461145580553672673266102192577107
117 28157014585745271059655476146456265718962556953265832844578172058609231945198357299251285599957823371241864
118 226517596957001331471902058985699945821518904188200194302660536678776377351743669637098414726086470187425171
119 1822289134202130098070368942102626425038594603590915142094916254071251476823177968078180029300950020455994871
120 14659954605034537106958957319121498671788709587611227219883564802828647859909951618536377566495730983249572027
121 117936426765652233405241667893126441790357518239852012636441995783421636220783971257815244615480837922033486048
122 948775158790287711845764244945021276976364370796804450855735706716481008871897048762141725738719969494010196196
123 7632707948039189983782079946638652015835882707031708707829570082297827711643870304119312693462042236599978298700
124 61403621374679895097077411199834357033164006674430733868997676291671039798221675334251463149647478737959336292704
125 493979953588247344235556869461560902349053701307850165025351309034468360080591026796126985750957485398905294522870
126 3973970737948500806627442305927895100440557353089688381888362949315827578748410008790169246260319555753868165821058
127 31969806287391582517789036591941821030543812171308201830072024201797667462734816029084324546614864511985311064195851
128 257190749869730791411909531583172537569083256984270975072824668233762501866963380196383909925882360584543503618308566
129 2069048564884231319119536124090361788376668860062279566055390104779324425571746847443164954708057832560063107214782344
130 16645085276270002963710939941278578336487345725394388970877705326334194864627245096180974741669826914990253447938571050
131 133906409233947879442843949073262340640338229498110583499833414635874789225459793337599756500185851040248528688613012145
132 1077250499851308847438371836673024582426569776031250914352305948457895814427382034494809845170658886062254437576718274372
133 8666266581776829469333731418657922015745208429305365539929805304627707559444448263085576595751654409708408270848454011947
134 69718395560538946782288114111071866759034912380998171210358522244346954445519247591048576847435664827023379652901481906465
135 560870662547655579019539592219488043425687496600953371155885598905033684193662673655836519629881706211881385183837778283253
136 4512093222706032687157411886678135537098424537563796450071751799135972093830339869683529448510535111841959316782029498818180
137 36298894932233805388600189144425180382380284167887136704327299807309641337556391337377198139262977663911610024003966775804116
138 292017409274877610879209464399528584819591596377936408227081505149490380883093407085267505904044352998649430351211686463898914
139 2349222131384694235416650161427146171642646886181350687488817808833569525965982560710240568736522203299893805814235008693467906
140 18899026041946445931967108903413805883783710153636372243919091023229061213095948372740033617946352637681381285829031931545198418
141 152038915589324257019343507538171620684685099876472291306922202786375220512023892565439392907678107530728150808291776893128132984
142 1223122916613375064843789825818389160255409189684011916826834472067374771165504891442640081588383399291087779281535585884094682745
143 9839781238546641065964622768172792518380806550338299975411813782825714605491089685224049156375208937118858807855212023116330766098
144 79159088189220271957408560048538828230402031141024267880709587358498333053513494211815340030986088713838241721186910400829810460946
145 636819162035992496600983017070220319312197822810853359712927413312454939406513736027262878704063127303618987391331868870637321975230
146 5123083835514026518751445522952285566000875986080849615500500424710247896597037564034391684856781282776066016500429271888935035765751
147 41214193212706290100763872218885705357877375497896196917260148068397444030438575952218850352917217861614146869385989145533948146297432
148 331560008914797427506481091562646262567555132924935756221107902049001949266373588503787919066062619972977442913331395305063018960611303
149 2667334501593218707692452489795800995586491475384571209673035036900448061421954731388164442994583188395702641916919104718189741506517831
150 21458176957697682806198522948449167381633217287012722491073749163268917684899216510183326163429882887816962440870713868360831427971807515
151 172626777058833667626324019223785597125659692118205111742812894508597393020188294592250675767665501024595647641589487954425126353981572918
152 1388748178210456917345644108592085602492802906059590631985019394646192838821974894231056061837510243681400006189178281732523148310062169412
153 11172203613727673841718899471321870183291599161983627446169334317330349977018009243115692743959699756682137813862093178786890038982863936398
154 89878161890682396652907580954789769773517023951982258798180332051129495586519063854538021950165146483061008804725084642328309319234719519136
155 723051983667921311726347768589570092352839906839034429117285517718244994787348418878795957588784691929603903118420788912085070469500268721442
156 5816809779910671199253889957935221065311521952593304332958131543505035724448803747165958954229928862033675890103394208323900330119668735168704
157 46795080823959235791346105384514405103430576516253358395118222407923339248086265226089091956025901605361714263891655165386120499660754614450609
158 376457142690766459134151754506221898769976273663174481355656170776177604708081762198243107617960843570411456427120220386132098750246883750719960
159 3028523036770459020766483008276593783400624051795073379330167777548149241116730852922141197621078384499566548412765997978870944893933394478846746
160 24363867075789522120969433215426074587232967881432510870855619020667594951908319120217912609622554053162893830568451539039273492148649019444362314
161 196002477669689022180042275474849232640925681343672606774170200334594009779388527903527188052350302496929829523257852326805396869179480648403542791
162 1576801052688062429474189875969405645208437225120831498863074373421188826449361566378806301096981681432506285976697333677843420415472700830639089594
163 12685051685663860105559070299743596247602531039957583614873788680951499899666599046375783610922571685775383789197059622070613625737364590202046519973
164 102048724532273869513041595691539013794807144244953294962277339388733165838192395615482800182590266425029894846151952393001449446553932219796588694553
165 820961745897601436278320077399390182828681112781199607171429182347550496350597620799516053495173286592082170983895896719545909286740705444660744220653
166 6604474395111973828332681269234124932203881398814371937381637050181090121781431179093553361187115918860455504297126694515964585748293339291180613448930
167 53131686407627427947819298638156528129437288673908314466587296460748495939924362197509028693867806914579855884955565817252595912153804257519051455949018
168 427433877646307351902951669499807425218643631842285684764728283631553924972462458497564369816959864531633503035461967222111290981770457015144042196476148
169 3438620757453138390603153887330654318956080632265583565666245704448413052983865039620842121267567697248195570197529132940845338458787565943047659819768010
170 27663021889368822251066312754680065557963712869334690279804539273533580103196955169785587158727295807967157960024827715637519564217436755361300240678502608
171 222543523705849481719599791663548108407991350187489080793067482649938744884924119518363287276025895354017474018332550416310432307013479934024949701241426458
172 1790318503216352674482360690744427991354164563552396017314244023607598741372042299430881876022992709434135968383330549750000405399166799502031980927664606159
173 14402757220629884079486751889575669797110119533476257622622519939539154269708235810876883451693533810521139729477392887440366819148277275082803946142319238776
174 115867324827250616722295245955496224090645083025906111979066080428127811661346717350647696402610433310111410704788276451838809250636829278610361036644193203032
175 932129644134657817651494988118988009158599623007447827732472359572532128272921806037650540162073660682514777885623582629004209406583445550248682097804504350030
176 7498798084533465907700316397590633176605455852016543577171650770939409472441072521968287851857846070768396423280814072956056408090582481153601067652676933818577
177 60326343085897355714316496078522248835522082392523150749552024967163495471534195968761376865755525475613302457443593789176947254401470051125468072937767144218410
178 485313463450031135324210503103402152246575150817921435539104308127012544518963772746512935012954209526939810064573205561129360940901630405708709863741264269454293
179 3904250543920752977146018913727476952339648613756484987522910389300228044924773221331970043031820470452417534289461128206924098755888182929686632274783013339614637
180 31408921156531985646661328286447656078422679496768243723112915204207164305306978391867985488427562627946865919086181017123127991343945607435662008579442377783538481
181 252678540252325207553224144175555947202549983258607815699603375298562472469831030967892478277448235288957103666747430128881963380246188220410803818134255129101658864
182 2032748733579728338174631334465384944403556283198610029432639279603045595477520269142693921962886100913648812140255079490537931582061210611682031249931991119862456078
183 16353060334065963956534846160199725155609144624147149348934288982718834359518866063888263718421562779021469956466870143456260453053220961929111057613841540515779453090
184 131557126501642356382836256236019399132732834285756267627559441802223017340185314514971197157227016457971264610958990275121198985269762671418878076471867145850290442566
185 1058350986286975476426099223886459601825924887701298478237261269743534426393043108176908958482077393649450683047591109319872889763980607209112944801426020992193690609242
186 8514223744166610109396016820515832286644528247368100893851669948040907359828902307393216728818514853466195741503351436422491846605561328013527701009943908394550471034726
187 68495241092045464952717954538181403573019322285138701916165800486917598966497949481581447294143036044141998855443940714435989493060066347887607063298623458217786161452527
188 551030627480492289155212833437855808679120217684804439869444550021533787774955770323637365493159061011925895417365211346723420331791282415367586511371287864631679436415896
189 4432932092515942361530525280438845082602499515962471348879348722679821484010486869576079908807900150626436729634952538852728518489908660527817969172161451474080001851559202
190 35662059342705876199513441639072153879040896489447175859855395190437402022275070350998646272831366912090347407739137701245364851298461945328509239970047502613614366354018298
191 286894193283449604263134261956457205296532716712760530135716898000818142186041984853296531549154007531519224782704387058955270163285351296601898113608608983303556183542621113
192 2308006875003875173054990069168448354664038336693915340774716414151950022095323191192493226585062271978867636920493788374617892210885674610009185187760891151142511809667283958
193 18567457480055077316295819547820504317135115580939032176042164781589606864378218213510894085023867403015354491695667683185155216048676666669913649646752354224307486885796566649
194 149371512280731140108627235824879907836894042014215658477709833784458196135892421550507489264513838578237290159399240744159496511702678659140448557532592330968494174631752818533
195 1201664186117012148255035976985091405844324214008743860965351634871926399946346723716886888123435755176042364510360305950350444892123660042109927147374202241421144340396384174423
196 9667150008379048665787854048310656145227372284321749302905487444611001288207271272861216111604811001330127577669312896821023209300313515475614616291383967590358982715942066500288
197 77770304186633194979670463881624027635770586560383916107140438880667861046005215613257559951805280938499466502454677229978941470811236632270976373997882748481067413493958719917564
198 625646670222261241169526643536107115995033080162311404229409236461426347691965024003894378170786683777323541496194994204294782766667311371582342500099179596049071233945699351241116
199 5033203355111484297632543047213509279629631940944734239129217627405265614282683783216644873476307714546003824758887889337785720204334010267095016884725422726125105276384164569828214
200 40491122577070369680754785413273882111140968634560114237444792938579806131174448715072007453861122345774422165603063535990565497474327409495732344801406459600569045375179196305455736
201 325743049083504113779551481819903049404796608752362864266510616506062042535202349104433299965087369884614037625436838612269499045016381055720965809030846264516135753760384565511209894
202 2620538213635651157181838279958077405987646812682544846197294531948426941028573998164182030049574691972434263237668507869524558712501232547462235974178741053267556118688617047155683507
203 21081710103856491333110389898870128047839352545208535861038183298192674412919089783254983454247283134067694137466997330465263518856696554853957595838287864915686971265174586318928442744
204 169598175897784398317075203275493691581159238176405403018877388396875904012828683499884801597223678818321511328912177829808605738704190078715895334396186430618894271103235673975727826002
205 1364383682640341542073247824340217753501960883938795523127170750470319056183296540551518448119491292362116989206852615782482400526226037255620688319580366688618189105247661279180888389432
206 10976196079945805034686044246153377307855118772180007934613172092712407854052425404585443517427197253446774434507649689295795851899313854239140642168481432360835864237358188938183890377921
207 88301320162574806980377430726623887956156261047709451506134439674978425605802088194097920845716160927605381509403888035173229993532306381676930471753877851234536647839234970517618991578496
208 710366604756575962167088534568086764544703682741412238611237287605567329754163190476088688894884185591251553865903174879058731407350618142412647306317928406802477706201925266819097144606981
209 5714758422912700091609311843333038171103288897355555283329115751037304598055362308171686801810368656670201893930359187844806468709554787005538056520017624527860528209939832786365602099396179
210 45974097900397290920006409861551490722588922342095454709457225553947023883909026265797006765622274683671262911376529961213669374618755267189443486239469902484171752670946510705816689741816927
