1 9884
2 132316
3 1781008
4 19616408
5 242829762
6 2981477664
7 39928365220
8 464223535984
9 5897707478324
10 71387175302572
11 942327270324172
12 11084134008458300
13 142393156886280476
14 1709380475111268484
15 22390877592891509154
16 264900953416754435776
17 3422162891482809584618
18 40909537824093381480028
19 533754065999144398119710
20 6333429712537760940757608
21 82052141670420277813171118
22 978784804397415689747326828
23 12744648708320638777224587218
24 151454534273412571063968278840
25 1964992236221018556108819026346
26 23414616639048349040834869711004
27 304565679868128291357397719720326
28 3622182996006689608753019557441704
29 47029289900851858869296521671987346
30 560086228953623963759580298645144548
31 7281504013277152167450557425029107182
32 86632593234974936180673531130397044544
33 1125231906656259186436581054168854358910
34 13396965632844662683782757255065303707028
35 174123185133461458972658653230392365076130
36 2072067354331397374205542296046289903336192
37 26918289314321609294728669650578665425431758
38 320442190303189132853300637388137544671948076
39 4164287713654566952629284042212951751126192206
40 49560119588401071260229445022329196811409563152
41 643899583371728738236017301800155019230934032190
42 7664586176318112357405784862047063535726811835420
43 99597772452249834227873809248363387256453046451570
44 1185397046004704187098447164969165332244309932934424
45 15401788016213927326418825052193148699367198701013414
46 183326639437894768633924544139592668922202812175309524
47 2382161191669392192293963809906550221742846126781041150
48 28352859973255468715107452182064951722092869866417046872
49 368396188331139603421634904405894706894356656338628364546
50 4384916684890878000620692064234143735730851001937043411236
51 56976936630350437333045172598414371701356163235943693674870
52 678157686593750184679905412359193160593286866382586668841952
53 8811594922800182592643789319038341605380641833948012914329166
54 104880936247933556090688268066574086512213504261287898215615628
55 1362794343483465791944748328392459801271723076660893982548804722
56 16220524872961550139243096848920800651370015123714881527616514392
57 210761645914406595864400411773713961612002723062064690605379201434
58 2508600360130379395783063091058855428021768037259524211009109166964
59 32595918101723831661949312505109271974813199610197597921045251138826
60 387971050836394106033359351280331757026575907919245290060684332615648
61 5041124782483872881217053414499923866690344717034702840531400622149674
62 60002073681245289041788925562983932141308149632281845836295424909618980
63 779645118272182063043786709424143997551225278569508817221350382842801278
64 9279697997254343358857197806100816064809618151729783358959684904757591120
65 120576509303428750790941025523719493577888540115415250807427688841336503058
66 1435162128867688247532217518978413764571640847170002954225118037863355123948
67 18647952017367881224804624337301806516339989019699436783873347262209405045138
68 221956780525279229236771099810725067318809989531684282854942558566496698370176
69 2884015943427689796136358734635137762455760539242700240833450797607925614124858
70 34326982905604830277975936606242576193105125507279249851931787592789298580958756
71 446031512275949210722363404021377585465308716441820503152202695658675048716344318
72 5308881332604584555626130786531330124764443185765104597420934532622263001835113464
73 68981470714319605541676467199462625294037045563876299801597412507888232161617741618
74 821051280306931703922672393919836677316131258424359496813212618285275994902091017348
75 10668418776330563004819699571057714035378579413143033057291360292949074179130786406018
76 126980675361734178259355574696542044275491978110711621301081195035648032480845608797608
77 1649936240320733252397354115395002251140902056575954953424969490351826194702480148952854
78 19638346649292485543347503265938209669222954995103338635699627792876716611233128634841820
79 255172944206982938632988036730403785509680454744024673656096088436674306567089857111687018
80 3037192049341963451513826802249990871524295714060543869261992425530708723266972387736842104
81 39464066403557515183700640543335074748807613362730245800064296318736660831767253375598501746
82 469720544802742149634547218039522759581055933890297285179906179288931780165271448530374894108
83 6103363318864662366271802194735385989184921552674930183576974133315511403853365428783333540706
84 72645192615198723151439508232458535146720294794204640000300532772225436843723699148752399461688
85 943922816145248648321709500390084984706494394128288000683189682949810585108852905398974973258634
86 11235028735437319682709270701109701670390333228684588140998526195941714166465320314096643360266276
87 145983521853276878885748595083250070441394424952282072797631812402808103932857256242229408402557098
88 1737566787467368353033634534577730831625299900199266040959827900653281377241853157958783513698992728
89 22577254253595241812205273051387965418560557466190499998109613792781738793710784102715038424253578058
90 268725461781911242739176837921501025354755384845596531940665051775769026920543450220308137841643395244
91 3491712341357425253120344930696229008375759994396983264166536506612685906986487499367383879147984007990
92 41560057020058050744265502718088946044878689071079632884581059765845658975449281452662052979233899298504
93 540014919195935545344434790848386146097467821616882961079539588476522597978424639668538913657398276334630
94 6427520160467225279447679178707462414737000549583736379301807718599840246664700451009541685411290767693908
95 83516653306522056049505747962729023895476027885946837529733080104961835988744171461334841707358967703324150
96 994055799084744452580172388019272668268438283143847004213035025877072960664103950939439787708208062238331264
97 12916367412521461626530520092474037762270453402783990613770920095058589308764414157098583177909152118744416454
98 153736884876364558035495293457876082993041477599523025531572312823261744139132304110062560230557651186326292868
99 1997596230499758944145997620718866988046266013626465872283445788798102986958705746719882410502822904267150569338
100 23776361321200294499156572428963161108879676378748215475526606838613281187389711025078344343241871967101443126936
101 308940624908677178583226050357614530981914370328801658199243444103931511498565549255538142468405186429350583500182
102 3677161513636316345249768025360896170452700414934869046989346641980986366800869513371591436409636632823294463576316
103 47779581093371446429615732933476807103096053859463459852207811768546261273765109675625175488536784064586962595091222
104 568695799929428851213589207382722654371381362172993904235930681577650256292353955485191146037862200865920911238686368
105 7389408067580317883853544876958373491507686294341682487944733290135268354505103474681829386373648882581817116030613182
106 87952327156443619988386849810183018727996584532221263397088275451215875609515034228351997356783510375602831193267474180
107 1142817721260920173967474794287878266253550646936517731903461662734523454637085415019387006423567145347444482566718860230
108 13602372059145009047507817821698231343703282811174995801916865147020256814475405326207809010397308105789983383013770648216
109 176743837297508847093257769192518777031892141127887295607858658829379817370466388312436198368882810773752057461704673784522
110 2103691073334086720929561938033546854353328316937946288678533307767121435527982786855855431290148533393625249148929645909052
111 27334528995914345949969056889638500336944437139126913986723397668516243592758605222975839251671697645229995479538242864955402
112 325348852008140330608164536162288514944810030378043935059101676058505106875879238674171816496477512901390891656509152934753640
113 4227454178144661955041324980822920523763047423415146664821708739615853016658631811304146659781193860890907776918736875209626082
114 50317214732971795022925069675049512086492752919548829510772340205629227321676774323395312676571829981792901176638107777667286908
115 653801968376749613212570206300573875256836833616786975642402502681457239831021094264811527757682459801146864253886058894854357678
116 7781868856893885210738623480721761002955602691200298282147335316120061950610001884666773656387709854479216628022285453057104336520
117 101114523129552490670873070574837828086124740565154974930505217352628116662888192662525673336343618389382469538482655130794962006014
118 1203514209148728551905722777546563187764378457491783879619582664143575639020775125903051376780237058839493102196936509631513398902484
119 15637987176716241151467691822253123701964607613119141054965220367402309350875850309206586293460920481532761614950152249287969601776822
120 186130925415175491022419366019609324592151251119133689817464022055421012960665739606045755291766545625272837384966325884599981665413728
121 2418511557012505082331940077857544600899609508917672174928382666633149102908608982018751444475799515362774846591052202003694584082991394
122 28786300261055644598519537214368836171492144771308069755455550998793328364562330892226752101813310487284242529551595374369237835972908780
123 374037789402261089933187936941250192800054525943371401660428225441156089178781533811584732573276233403782258648905843309034592357436477422
124 4451979599418711809435466803884314303277051566128758811211496121580769375009821650642216930980843995500284517384247623918228670818152717456
125 57847260413605884301443790228419681342458649204954688365435821898538729917915915303499397138900461513458718120951245105486079584865179867602
126 688526214659382338382125977552980173716770362196055962821047662972037774420813336162916078310119472032135913043010915554251417491372879546092
127 8946437052645429508454274799025700148205007538667333815778728706844429988027073526997130465132132794067032270967346698467231892102255582001058
128 106484842911127062159574288944709090252465437132959865140397292507669444744340407120906496725102022861725782887597279008601921154081889347392128
129 1383621892382786680678417081270286733948384922566364220599263151430194012451022654456217557367518861932838668733932941303183100253933466737960926
130 16468540381094886554106740511917022103220781334066980822258808775366512239609418005222580657533699599554654787404013292292659917708721515369805244
131 213985693976263265792116295847755070113270666305712726211499182632086617905578605163886697250824340993193953094531432550159562998277515372522965490
132 2546961754118612145136886863047903557614383590714626008206279771403600747405435174413798825671852115101501231542953613030646916855872862633970802272
133 33094212714049203083501123227182104879573942455738828664738198300325990250622315858361171232213664135643067820313975150547933902022030633776091866430
134 393903407755417651558815948528998266694033328409499002870918338886647221576956862386332425928845697426329128685539905486206579363127167380407781680972
135 5118224937763576253865989654809092523580274724454449232478796672151741949315357167362116011911210874895312646307119169027255820674334065201717295112854
136 60919601321714157774579433156825516003976370879145493143638564075537222536084844011603528416108122009153198833234544559515205272371686128672459313777568
137 791565182066054903093328830257256639739229369924373291986160427543812450668292858320138974624837049848699165364708764538212318019843498801701881609234650
138 9421593599108883674322272754415942283350521545145664889504672303067172287302825739380030023738809140145022775280687003852011734282504486521893914962965532
139 122420457306788018405525856652218505365409341787344296142716265379845172033920419561426182612561935094406658216854249027615236303438693842687894684431275154
140 1457107794884530059272078312880054495071644985723806375890329192393968745230953284971012005399242690990847724364396671418193750472679479776246472323187549392
141 18933081831280097302338221312703066456318366638283114713080385164411167808099448305342067977574796257117266551423685754805435352240782163644246411879383205650
142 225350743860142457447334603115943783084207155954242984052832991880953883164216222930501615499426502872866722031252050898974009582318021294613946460105494626612
143 2928118351475248304014477634975919836311145959215134155143470062469606035904992011101993976189587211196767833737228688877844591678003987941818181531604657771018
144 34851888059831740981387311258743197970109931498237293834018678341919352918838295015772096119826392188504803011391933040214238850617343256753805931960165571514304
145 452851635911571665600111101240157016976008610146410369220928309615899190156957098300609339996911386146392067393880176995867351360833675822594601697793362810571566
146 5390060314542830825339763089819279828469366982939399762795178440730896084491995226805636592008537981577075496083875093618995477612899682804861241140564719215470372
147 70036309852786134595151713507183270916273016277611502262251217227770478996761472320730715084134357607893868752282248621725755163288176487699266537663974302831709658
148 833606206486256081131975230988896409498887408621221763953026419581530643357465326376611869447759982471708684964182545476942742066276616168573336089152989296329336520
149 10831549030162239484841478250766590231420346595039779877811372610111331094155750905936730223339038141172360155874407326433519494150103425576214128614276901452858602306
150 128922362077654524392335707843379076187899740370947451671255508796109686356511606322056641264246907843228427435375271467887780040846164841605438198886091701341497710532
151 1675166133680231096541650085339029359490831079133742609751516037332600908222047314756936050573642248734404432358449614642356707057203756033653741633280552018080859567610
152 19938641668408396868954188358992087253984155353255080555292473373408753904073890321637785157000334193570338263840656087907898912462439604185128395456779494832268877885424
153 259074816317234444391587717872478238204058492089729780173802159336672649442850390961331526040289052223718158237265327381252803978203125174816437424130037033163608857944926
154 3083634407362021920420380737329581863520478851980085261648697258544613904348873991808319029829448645569598571575366263253908772293540314435444479416195367366381834651189548
155 40067524707236520280309528168688593818255386163575606471683129503256569632423643145508334306280545518369835319639130829056762395968439516557177859499170081749472811214916710
156 476903157015738311105846843479404042313267941499098151091818448949906761885070263187487026703279008856107607583138008769315803790581782000579290487772723467788100858637560512
157 6196690820757539011723654538213480881521251862332164892595252729853614631533928659552073126169127669234778609315040301401403146134727842756830864469631766830316055026701363682
158 73756026534319487131222787777407170161130624054158249616473872083233132338177309309845302560764688509401345912513367153325677125783460967055850740165918299846733996291607344404
159 958356609465551172458135325976137028101889925235345326599181699420878087872573206524915728413102033703087373364093656994728373318150626560077970095611221297780469287487429869610
160 11406826249951767860451225488452251226454782183749603711040988574839094362546092341231954535806484861580756355974051850950610387674856249569248653331939583542909015774944463832776
161 148215784435939074392507961032227180770395012386820351742297628902792867139057689680743930710609577437263032556201180790058871273544742899957620122753492796149103622546822193995402
162 1764136318217082918036663420412183826314690820934533850319550198448793984865270366630589126844307499951837289780826063846980394123650299024281124995299438547482782037433403956866796
163 22922488913833837556653610360567411189732405721338438952548662710058553444547028850365726945512100214605499923397554084097625228994321634144641328529620230195052809201587361017868310
164 272834606318817535728741635722241416138918142723903175878201625632432091657178203724503211361374534818943670129228165853730443068127266075792897349381165296591389126031624127146367792
165 3545104861835553687507423144895243240265220293925231285929047418559968069750188568486648815782646197296477487087414508497414164675992613314310662900757864454165840263488713350433369210
166 42195561440723350488843356767766325611330347687415345581458476747532009382169334060422189927306179574813651586605863072816477879349781172421490477353660570954060717087414731617760955020
167 548272420532356604486879220385634548613980867773238995846445009427422551762529924362282297017258064935929184886632337744400889727702702767338298799158429261961063960115748914480386949598
168 6525804879815657164130861388504546183804551547795843601775541878619755332411462515801513081976392633057320411029591151888893502832299143947767000282517863040828970557577623736934166852344
169 84793725103156061418664260164406810021911811994600550162965391141314150925635761329040450436158925772085927420771180913949867869474905187048883247345592069779479490835916220764458920016790
170 1009256136791782562502050366446302502622269719071191598125255392402859578194563379805682470394372329581180658512808880415251028421457309530689060624782398775436848732102852516551636527605212
171 13113874686400277520680003306875949160531139283427544857719290236375158862384356055963267378322544376124480657842667692323375473269244070424365423084447397550243657714712990285465021189550638
172 156087711540751063915978228584730899624719397636987977031693202882064005749276346829325914941409790571368386163922650671071716949874512094269763543443026476835638855666533249285645450440060144
173 2028141930094195003697115952364835362682939841993444454880304916068629933419946373951876593922247324158243545319171987408577761019394964834269787280482768350762889367189572301668932302382188414
174 24139931188800637614844549012938482247351674859813742770572504535769297342772931496833329063941461160923493642030875747730912433104304044935623449790233719514474484939805430499623664849593142204
175 313664709094122617834733406576131692604111876298089517572371608230950681691114497761122787939325461902739135832838929860124364942632353451008489885611555966349131164154886676996285649632215669418
176 3733389848872860121403242007156982189167783046350079940584958903444308857301296323339841640712544468945002645211745708194202555008683786432558812965275510015626260943752057615704887118067013105592
177 48510189682102659261556004581808198193690056504962781239122056267194788390167294895591898642989459136841134345878397558600939243319531684427583348405057373741728454654415208522197833377989621192982
178 577391859763595566683711865873892575000946033338276941226477427558710450843658783548736621304382953790378882644312924156685895828395438815133629029008820046317807808626572966692495011123147485755484
179 7502401241726959625350001048941106907029090742473114565153888954984884174707929183516451387862618692342763179435417272074573031316824274646936509522750698120553797300566250171424490816284571381847910
180 89297226707228461052250758831797133521261474709484766610798810465911441717708387739450582798437602713549815995090265469244159761959108194559968660279950803365376249877626355482622945162100829088049080
181 1160292811896194551994525767710172487994500501575344498068519084719009535452883386625411715902347884512378894002595470759104282662408493465636709843043762449144932975060586921612665670784011671112325830
182 13810369098149325111544948207571617035117754752672514751749302917839255105467797918973807715809652365131306494782227098137650638764351271221684362285783997592339443853316034216463437321867430084960251572
183 179446468665292001902839368585346120577279308972245115338439011213816207462628251532484902724027131521819269655546082858545931281861722602151158696597420334922869352685169776321740298717175636044037567226
184 2135859104028359378451376249479971947070631304575002814915745075937680314264756158873591890396056169532703133789604859915726845430843848919872547791383370730340758150976549301380978911411664132142222901624
185 27752507631085823767034378468224025114347384767917039924374809999875628742243801835332403086199751098010776212324703466534492240137912043389199190892061401282860588249680391982955866340962296955090856478178
186 330323837099483477214069351970210801591006259836512813896994346892809903061005684940966189323118393909582416029891269578322615187269316882065057385481666552722312353567086733625248367380622024874509683235084
187 4292097167150633257508942757493726358801642343699014374804597716655067445735942445032154348660317091149764238599301894252614179320608809335739441658685382365264372524042841496547598062039475221513608514723446
188 51086626992544095441747631835208211304521005749472984291074422880910416835938648677852088419823471134927892040825935063931287588670454740133139283343732491547022287692883744772087925824832670618504036156444800
189 663799406422921097382110104845911939476775101907282844671171308266136773884492820239287665469706671058067986852515388995326959149319978670131604002395833398395135620476233957117522523317172196999156195497797354
190 7900863226801665319738303608265058343934107674765468535446208195303170004733386641110155803205828805871965294566723935917909900506421689669327864944960251521347284800611857449329388573452886653011828383194420948
191 102660688891147030525472808044164314208765507280881080699774612512323997527243498784053253748765400079483276114235330687654957209765051927531876366035407510195041456070612732222238342220737877678779230779084910706
192 1221917425429895030553233706476886249899342182902213083816982991742625221677017796335141352005367977779643684887926027608576983729095502643682676776838165070525882625217207761616723141005115434631323705885784777488
193 15877111280346754632277769134055031456565078924759126403608928553311274445660355058433380031044968270659318443057108549936830006189090967618971380329886787434526997738437228627722438121069662838658582095462836817806
194 188977096768910201184794784430045515277144744325491897947765521773344519168106080779921582871694659209215378757140722382992385455700904644416283814217126460325195412703982869598430857965884786459507224834525569755252
195 2455493581148696482122103809748579649105264196018165524214276559687790186959315353225446562230658150019538375449319794503678232360327885517084573359588668230386773314144355941067981677613720037092834035253778785598098
196 29226478287304679406948708715669331845858993649770428576167823345414207836924993866509219320402532376734524139960887069284027028528704655385504905494322029507437038157553040789659322245795575454455265661177415886324840
197 379757288375619180648262968778987816764978004654483939784779110409322851492306916598603976195721784076697153037888620808621579073892485004906828010273324569212068009239080334293301573140708720263753908952867605772469986
198 4520055856942444565356723615321624206276264687263230739118696530769813748858226420134885464142419099576555214114358172446878835803269444041896614939002846265018573310589408768449972761554035836265014973651577052918572596
199 58731816357238591949124593776708920776738104277059439033423268226190658828915588791616073456404027338971209384458107685356715074335287172955579989609987628137286535146827096896819140329586830803820419131806713204286124530
200 699054629471195058547259403283728462178613478734702099451448417184429852365428698798567829956766800245848181424129037719823950585265907135474440447710600479187735265955495098482117940042571617291711368016089680786674112328
201 9083239106153919296140765399120415938556037087132197070072244119106932507765833246938021594346463760274189923783603545589053947392321326980497836291084738981514640486624963416477148847206140380838162083873676216078622482650
202 108113127459374282702736631682520003428713456704518851112385074983403780998988127943455472702782392749950287951523354595492272527624115424754770139200676873386681602370103954880855725080670319212524417039322711557061081897212
203 1404779177230320475035289849777193542401054454335712958855176083834554327613895052094670912973764466813726606569486235250982669270880920074481306456902717206811018825746794940202062164162406690012465908328992023029073349973326
204 16720364670052642344764954523151844203729522548325002909909449283436017225348384818191705922323932303346084823069420571273481174365603727775350195612553443245147599608118380103347654671704400302653537529755305690553059401563568
205 217257799086551428698452295974253634176880444322177052198052839853638271068566694683400547601349787884536268716551857648815509215998114532372132952387136802485291729037097916692467367291354889119348809928516813840018647129212102
206 2585907939853085423446441803685261571054289304942073476922512228869584495098818111203335527131256578292708210985045989383417233572472256502413518373858340312739449257383060415001487827104510236995597050733446498077508313352674092
207 33600264033664227946529245286032182829396495853993964571933322484370331176464857749515093605347553368112522733005821861017681596963013474937300582472073663290250373346177861637289896090152013119064265900021771638296758996228676854
208 399926676561784322907742879624534983693699451000808146096015242768624893585811857230777913624172698583199881669752374351072940566419609674648607813082960973695605332449027963483850526185194583349868659895038337963840707056537585408
209 5196488908010092078350441716017310232314518329902172106714765196886879121243226016124398579014528201012453328952021216787702265659682097911062480454701894697064943602353739823022026732260884946586500844937472492344887847842281265822
210 61851137142508205024297549723328171648797915744489094137689487121850134994288181476653184152410569318317490217940179523057004235540843578504476152811926045738555645760972436739106153087486350457485138221824483086859258198410384132380
