1 2
2 10
3 109
4 1332
5 16624
6 208015
7 2604059
8 32601488
9 408158709
10 5110007540
11 63975568178
12 800952543871
13 10027655890879
14 125542872147582
15 1571754448134085
16 19677835970041564
17 246359874423207164
18 3084342598357230239
19 38614929831067619163
20 483445907290750275740
21 6052579825954743798773
22 75776259550631419903156
23 948693231084961577324710
24 11877319519909250424448887
25 148700037436425555993466663
26 1861674353083607875355396338
27 23307535469929074446645508125
28 291802488862887039563428483556
29 3653268815848526299476135738984
30 45737694331738631044580502259343
31 572620518289911970262142006862235
32 7169015901596785533685266738944104
33 89753662950874055997373551006594421
34 1123685610922528045912796289649498644
35 14068165138680155858383384018137885946
36 176128686213835199147078461480375695247
37 2205071791638207370688409196789810525199
38 27606755667133278478826043574609881777638
39 345627276787476490888331074260997437684981
40 4327137020368738691453207414116938444749516
41 54174297141943914968803832216637140892938420
42 678243942128169042857607057914188243412789215
43 8491385570324218630750654540859253229699848283
44 106309285531789971125141395593837725365587506292
45 1330956425977972357431187154947956423347949258997
46 16663125887741363103427178929767521520309222360724
47 208616720225603933300612366833858476879622104384686
48 2611811028188003323941964610685506746738213460807495
49 32698993827471994915507141643800144051867010193709815
50 409380382343682619196393449268879962685733845788312538
51 5125304415546188187006742855136969121803152352356863437
52 64167083927251165170779605792977293924754527567491096084
53 803350264861899796018001763978337234635951637112497992544
54 10057674567000249846616668966424186561430641851491986269711
55 125918695891726706318717535242375083010411586311493352314139
56 1576459634824129842485564186334246274721917807252617867009088
57 19736743321792270008722415649603089903372118222332264727010549
58 247097374614205598002890242928851107414152992389959942545865140
59 3093575852193255046237400418593770156680095631892649227860056130
60 38730527057259287832417905603507928978690356655816615450390379295
61 484893145603525270468553091728045328991711031993815887431575864415
62 6070698761875294663123662436963569724369989277886443901052065415502
63 76003102521823529944319763830614780588183029541323503218911565334053
64 951533228632549217707637960883132973961636289951265250282939468513340
65 11912875332055059079417365885100638545039226364897945757820277274866156
66 149145184221295805886400800178435780801219811651164898419452643127001247
67 1867247440804617202095619140212403833240015823513735381000424981336606043
68 23377308649926584723599200768283782118142062475542342993559202005292615500
69 292676025561154420187840943524533207707575304969129691813710548363596841973
70 3664205200907185018324263419016337464206901227789856347186478398072424925940
71 45874614186838575515293416945035064409509305126618884809409721211082518871094
72 574334708730358020285740592443093568508407307278399164283945647025478276796311
73 7190476988186248442717026172785972281210433874412219853012398117193856739136711
74 90022348522052820424027814116918164895906999906180753866249962651752405628462274
75 1127049463719949035214536480381204404974282399012157208884458980371476110193331581
76 14110279442001596502482235037100146287283253736963625650632673350870864264113212868
77 176655943097849299767687046370054352668099697418457831007274050357239752039151225816
78 2211672870127346887808595639126656297163206934800237751205372598430189404911213160207
79 27689398945089257008135358927344181155943127153024130513749435531880955469765391659675
80 346661942774639967123515068969395792448727305037020848301751512616095228745560522661144
81 4340090689819788422921486193399074180540196460640604742422156085116512176005254680804469
82 54336472717761453850393014213698662823605695069369035987783938139815043162926445385957844
83 680274325680191743620154380619299237812462129904769152438325930392966690053071826759444746
84 8516805288105658354756180798368262087044079762404994641694542770513522670347743688334661935
85 106627531831334865414418851914855778423936460904407937449265195021155438097536252892883225775
86 1334940762391336040272754462826434837092239261399658120994133653275579673755219398636089363638
87 16713008436815955986660249957963431337159884461695553933762369242567088138558655600837171717973
88 209241232928354980531794701699793945222264223611351019035931941651669977683809725349152274991916
89 2619629716750093431906714641921341884149566801237334825058062543862306362738962541112703949685924
90 32796881173176359244211587444690216668922222084563435278622335443845534115169357916879479849683167
91 410605898921424944775764991636038063373453797667374981368202532444370102272127765059294327476081243
92 5140647470069877242377475447716820990150843523705813233384481220275043230667808755763246676834641188
93 64359173798895799774946611279118432348768976153024180442609777993537054824683367150951054059750383861
94 805755165315814130827594563293418642989559517058385114934017691089402229686633580132220709126929212884
95 10087783110171838341233028236161227292248117813956632382735027066710336721143263254191184489811922307902
96 126295644704905191235008859567823729153775707059393198121886207490283832824364448147564511988450712439911
97 1581178906923975242789499120102541456025115322534184232118186308095347674239118786397778993769064194046103
98 19795827017969962085362407080097969081593899794184387328839825712895270254954565300226179710645199596658602
99 247837082577671443494934474320755699422486614500839780716228052976041244734245355841356323602059693083034413
100 3102836746595819182564742907062318053841733555773440544953544923699879950659294713438494969242754386163647732
101 38846470334027057464635475613917031834543357590172075422737981953868345006385050640452174366617189069505655760
102 486344716352882438826349738039103158762708642383384407691069070482345579814816764244507586714250424774145287567
103 6088871938441709072474995343451223942284512090654149580330209714290632479221003076828085142707285981629684340251
104 76230624567621388706160083914557812675345920631103583903653468538885874678888266249547465267743677638598839023344
105 954381727965335730794222006452693947613010531838312925875804113105582013053494784160438372997320403270415937656821
106 11948537583686243962171084633403664856204640228494150141618636345800812764775250606636166964898136586100867071807092
107 149591663592650205404396432808019566302405803600797340990697675153406605285375070568373329972954806103256877665506130
108 1872837212059293208803036539566576103520115404050218922834100821279143970765499072618913934884772231705890292715779519
109 23447290702142834984944284577774495300646946538285363197807672997959545984800607378580034803844439009784639531743158527
110 293552177269205279487697558693132673907574040868958015735218838408257882332630089990950791108677346661371642311367023646
111 3675174325007009388086427932170993149556673013732753530664808966990369750488654752841863041233388714079020954692563405957
112 46011943923700040717144856569033470741314042577579103937379980445208698772518050384768566943684878613897969512838304710556
113 576054030752317935860462254465074802394234555589105041583203990263813984944634875036664674082007337767089676841556342650076
114 7212002320446794022685306921592045995221387779199687546379872489148622556795720679769970982571757093467031372250003502177439
115 90291838427381146775074217504907839300415461424639881177128192988874056151955659941255842453746636425979209441670555710995291
116 1130423386509841875397068954830832928985343833890435127064250802979928150291322646203720240326109425767194806883273117410781692
117 14152519818234946162106170558281408027304633356392111001078960210237800470034915735311905106710220530169110713202540137502966773
118 177184778372230786330958188258434860988619649100029606812120412486058275665523812022512814804305256049282918400489616731038970676
119 2218293709531929166079299071197392599231461031852360857198730729205962386982626443808169150534078824963654304400586354835425052102
120 27772289623046657665930148537732171630674825759234977751642417553870478666157582201008902191982525189239771389619491126236895766967
121 347699706126441279028050222379099972240774553856413400555344461212577039528391252097115620322336906384555993804953902846297781402215
122 4353083137232214741470122453281385378374734343813978840362817620939880545456342326468208695223685786137730823205509070555210547488914
123 54499133780586287692830504032141347276643962063027782308222246822390460721746549652273649533500497582414538688061095509493476662311645
124 682310787365924550252889930635025100981376696463906173056422424285052166048206133902633873170974309685496709918611287559764748780627876
125 8542301102072665986153658760103558930760253703843325673463181613252460794994093143391005043441218550083051694796452513510487741319911240
126 106946730829476757915317483562431628144832018697106961748731645791570218837135899279912405404253860787550931138920123013629156798093491599
127 1338937026270050958069093701786970197173283382467812336986755262384941923338254576519537960068825047917657904975270101010414447255515044763
128 16763040313736893097728645395152340873737869486558038819979845021894766663996490283418860395546665230642694585777276173957822614808135271880
129 209867615165415049799093599299924343953017545298379900678394347853304263516358712281898347593728425907643198190487505391263850393307070428021
130 2627471811251652816928843907083290906828611717157105160688656433357351456271814340750957498816710468492072384818818019394088151097473333410708
131 32895061553354493695225479323241968640226812261491285426447623921897831751861557313314399658817078265849455985071648700200249353521011933760282
132 411835084192018947833827638831049113838653286345386244212395205916671870918820852335419823027992667373968882103786204622251576615801805025178831
133 5156036455391628330191690372023023030412851402817686119754587675109771775355158771832285064602449016476530271795594676437400960387209918219031887
134 64551838708652346797479904523350300529017391977545805460097284815223589693154095025929164122796156287816135374507796705717507552725614851119735686
135 808167265053087426869503380508104379115880989200411142793344410893131251576163256807714204049867668082904738299994167361508069217141782466261459381
136 10117981785944743024930556944795533646007882232861831742568267681144795029996781969020193552930054683199328326717792484999059567618465681013431468428
137 126673721947875220745551059166029932083957269426443647682617587652440694510299537583617892495332059010316188333806121928978262930268753467477269991060
138 1585912306584501804352762902965128073433148249754818038094948928366461939244996720713234336775969419332994302444252355553585628725091485138698339162079
139 19855087586446042081777575072683623120959972877050197568212087960879527565037180072571256122044469443453280577025790492915691372908261015649920576191579
140 248579004922702730888662346166004614890839140278751423527182058112591478785745097716212466090074173170679404514409497135080522424191948026225944395968980
141 3112125364309280848513022798722747854095071634733073097361910785674203785906671815332662110863856339584712440293247957311853193318518810735878462568714485
142 38962760697303817116612232014567719678613845064653053687953999607253884481140117627226651750631748902705807494351081829973267323089245282613775404721229588
143 487800632508355354126456978670702782762741346236782385009399113655088803607463349540225738132175159957800791590551389192980955074146181325714085713867374542
144 6107099518028182420169664295158565501869204428075324796109406212173364696709211421413574572059328801249857962202761953031050521258837188821583593176419339143
145 76458827720895211081070932820901446885594524253905534556961177172364626799374658754813711480391717648928101224115323474791866531304930716102003411035308674615
146 957238754534171105554122404780922554045539783440875850046236359284933815526047647324017344831875863013697326404119963516676521962136689707776817679711245710202
147 11984306593438869418632541809103857515911061524591117753379606910397203042075143448150266226169617082190113980017186338735246778222875672576714666091534361804941
148 150039479539704891974182870710037803227738873026204168569331507610035753124250410267624932042358716806867093644850746032530203055438695083961541724733916612319700
149 1878443716791277470989730228015083840170728009107925550693839817747298526262255741418188832712740605742884830220899983584123018271480834298599156564846049847321152
150 23517482251855385504036630103150071105581510040969430884533703642061491035502945115797192110240211125279018638974885250016779288090311593730321927695525652941064975
151 294430951815303937957386815090001480718392142984259749797488248518161319443549330147602122269594168303470707832398446079138330259419084020724117416620290746174840603
152 3686176286155230381081346867903475647262085626386089869682802264440097247268921567877344029305458260359629121931264160687801508096592938662014370645209938575346476448
153 46149684769340527542929192508329087537030720121601772434750100760497887611735904466333109089078641983595193159758268237941522853166196111226017067233643435463457051381
154 577778499717637292670713838086532193459411204305169376363351992864726180631532209684157319122050634928175016818587759100155117061332871987842031434827349611091427501364
155 7233592090703551556153457115004232323073909386072830244192131318095223156587863030552141294935345768091306107993151231188001116012697287713907557021943121285502134322274
156 90562135074704835304025372378058359850009256607163028234122038945647562202204713209137116184161439608658392681105651660449883696211689259036390555608681573929700756601439
157 1133807409437624481560236201857412496713818493544026270346095374055875641594757075452116798625934806917327245848966532077322503156101628570591906850035221745715370655055263
158 14194886644790677376794150190411481381406479353110798587743508723891165944962450199551689805987289216496916426896503704636753670597519087915037350600449843095894680387720942
159 177715196762031578291972697862869006011183037058552146333083470488037583722217694869369260498908437105668170489860986678743687211454426107260165954842419302843969957909713637
160 2224934369008011776762468258385029805639376740423055257016225984901070248724188165945835741410073149963366517075262989589840680283847637511357096968507316875834675270219379964
161 27855428441619384177956744624862730962526916012485491855799839734042193640717923004380436435215616660894915122158827004384826764509144663395915505115783644199092448802790694348
162 348740576115116895895574243457532644322722153457667752090751729341845639663162641329916706800192995167636763518208349330469902969612339271945457438815977324981576578141028996767
163 4366114478691293267762804304740245485988828643962891276509625326767300315480259001495301990828158774306433140951577384306659773327513257528983824456919874645130850152203139535195
164 54662281783766943634364083468970467001850283184099515073354580607153135834449526255568939492309557698322928069631166129479617278825475280763453416650830712073005561193193189333164
165 684353345380801207833896471614269880586620369246204695294475237985400872389978944872066531799924127963993732404406415172519098992678165584469645974561750089612623637187646268156917
166 8567873240025939698446850690555650965368727511065035207892498990605500752079270068402775849875603982192759640194713770939856903181823160075487976166283017391739266521274675106649460
167 107266885378203615244627014486027242983467703882481849106244143728416386760068512684541458430788348212378027558343363473978768722113005913640505735317848581847437358546892932652404054
168 1342945253320045261803561505582672820570985193359091582594687556220477645623710674634205859365125888233271935074861757191692774218517218993377742653096910127265556009327624741633103319
169 16813221965530361098832533463445439261898789903999134158111711814010750815010676646650401304024507911446010346443532507239186735625276987650035985022527551647197122770814081128056465415
170 210495872533401339141786381375511452239218559100267156987147825467696674175691680293120428608949695665281853815373265920931553811105171566527423595621580345590293855085820127274277254242
171 2635337381760442598913145348549313053717714172258108735850959145968956852637812728684217416317051259288779316468834949025368248976273244873106937926159023858523686943779478319890470133821
172 32993535845231152907125176228755084527113896263987788614958628503424493438673478773699287659065129151775690230609345756980913200211030183519588398790729619734290203017123994110964449722244
173 413067949138022909829712337978862368682187297407369415897521592625848959758708521002864527745057593142253040886739554205519257685631905175984565570020646639150611578721966060843147858362552
174 5171471509009369738327608313659461789665353634823237896877863534262855599372801529726491564776022964397293689203655326157391143236698920533059520839944941783568654304621402204278166355749391
175 64745080377948528172281514566930064760436553778817497586941380735096156625204073454813787913987835269650605852295798904495024659688565925689409875057599776152959598884289874759953905152113819
176 810586585625414598690221891462257103457080357829136734331588431485208387095662564696684302986700166223705101579293415888311015279225784543787165185981982685502861398612245439768122389566698104
177 10148270864138920769255296697172141948650364478826030979067753797135560234923059121388271416622230876836625507044901442050895969059878979672520493512578273785744145786062616135059992496674159221
178 127052930998691718828694967450500690867129895354774196765098938584648822014739055492915098472147260661315906450463712187554022336761022498634384512765836888903086902193380159491761042081555490644
179 1590659876097818686643387244815613015468664562124455377192788443570307075467828927068929981263582218568782267777208774895016711140650366941336743898670981496392120602585288178805275572495886119722
180 19914525556703463179170442984773309685562102610017631369211286674323884401549840542785515233514343939914537644987009750702482786823351933115590368146348039122214123424018232293220785877453479881327
181 249323148278247585054890624054710030014150275649339828881537587138800594478785005363357177111534070665098272135306842208013334712720749574188442436279854694740082340089555917106711738870560925887983
182 3121441788325836446654472289407135996997870621960912499896243622065966383636702341291846823357478441515750530358202440753835630532042087704489193756694219758759068159268851198923129993327783350053462
183 39079399186123895308960813389596291381409851538995342390978508453520085612234910854717837340742472469398161283252413843129989035249987629160425163843095389535361402217069700953098048967630230309162005
184 489260907078303628969992441348299951940339486936638297507351570701556189318655622337450607015381173958835761272209264004713093358715425603527963187049735979739239913395849348470063356474401697910488556
185 6125381663494992914421767803532106680264909927554741470290556936586484744252995593378158755971848330093080565787750465859894355330268383376317613589148397515058251644012655531360349219246427712518778500
186 76687714020600792261228129904388950371481534757239482192097384836390508776690861431694198491000365891796427101125476176427381713290691987309279005551565279111729118618071064636169433944536307314674382047
187 960104333866094718849194534635481769904369408274327033275838278239809517052317428110521087836313349371427593654523498704337403941024837463089103883848920935308632435375688765856783369295684383598915270235
188 12020182680902865198327398487183920799777172205591445961719845523851419082666660691926488099929318495448508308873048043783581463310526781222821038975642951715677777265071562392385513607561339677280277854852
189 150488636063618076284545453652509546863986868501926996846473848414431337365730764008595181637149891320656947812015366340777950548370892109199691037121167916446503614576057510681923618229412268831507975125237
190 1884067005093722296393717932543904576607832965558818285402100404111080463963046013953345845329590704103307168670303151998247250732150922541703979986967123702194710796158845985742783120733929052308636507955796
191 23587883926213620532359607040739461186439238328451226118574505445914544708676197013866978734515654844155527489116552410671878118473171926387547846459798947664957073047430714188971677262410809092859258374177374
192 295312357051149321445066034023665538951479840252743858534012079651752684180655998885535786581050528524066616196645392365315711778371757415533937711950553249452848555084360518269421513452084813746001454819634343
193 3697211182652472330608429527756447064829758449582274766334226813491752827285289502265009377798272700326960635160333999978845092318545517030002793178843137753675185732433169891306195397863299203823057720133385175
194 46287837954450722884036191224381210874580774702219693845730961602619143520687751653957423924052088496102175393040251831455751635535011521645297342264693528720980706494376244545616828319870588664266363177685360458
195 579508131034148717148035087628652755036819441445763778458441851790488232683848317732154364653747480232656942032103913211468266147929839865080108624205119206023426580629818216123659126660322391698889071255289210349
196 7255246491857392702256124044627716992716486738858542485238369447575657364082810759458592254033689057772391225259266324165463120173582985001445344229152953814607253912346460882463412976289838303520752983611120303284
197 90833240879077786779529518675769369150173170575149368548650603672292172038702738202029690221394225632235985074584463211371053211432308716614670817964862432910725335874887441926776324869794050675913010426697481150128
198 1137201562738957757943771664830168940584971643986664285978976850669648525014062624312193568903554222888062053278774063433864983168886536491612185918686664564875223008831000135472076710657325165667580067827206038271631
199 14237380300209074495979025973283946526624949245263005034993746407516273854853217743302983082974558704653884209958679176111026103754216859898968373172793292672603070356978773496013325720012943015564189938277982712107035
200 178247203006448458190931213847308709194013613315109986653286107886296723455602776712381688499630900428737435432527256067039083300019830810556618500226697429102928391341634767383869805705821783535138822583534091120887888
201 2231594907888741209774191451436116997075121875337768320451628601498703116523173617877697987528355843858573158545715203844297485930029929386609982869388836761217749085810347432212405360368277313880551120263177367060852213
202 27938816143638433848130020735693288603124967022062511683655743803922198400482388185590113531999557045131980689351176613231392892793307417237859508647219763844342981012516569196539688475250260156759319900043611619531922932
203 349784562040660551402576077745424459810146352113681615259659905914594696168814523421878915039131750226755902220722032291860642242622316708515966490909183212674209369714237810670971079539909283135695330095033817372013939570
204 4379184830629811217646295064760545127515100859408115508512069583683387786941356693392102490507506082727523563065692302765669441060437468236021217556591764656585182587227205264109391290438976076973276335071733880591265245439
205 54825918185002676864860884274731050124217888149580082720681847453986230873239227840554930194977910949458077152783928581829549809689044191659287112559938907369232313516135889901163985291040104806652617600912040799125658286655
206 686402017974725110343692563172118174804583600598309509776403180087584813404578977190068590657870944277898938791197633782488518306112731915064975964770283362849472991224624849231247151606993585213811039288301510563311252132286
207 8593521930448119311768138387887442725073006259149284751413793678115343651364550021515801053038724889014227662952512706645925182510628243925878623493147888782718843124748111292890026846245290282060462128530573001598834116983109
208 107587998338041083603588408781387485927104429684563206144410027911955978864880190736854764632722009123911834869588185980709352064510308911292058233905025782351607194473166476060819963385098508207594548324006201747832716147818588
209 1346965479354135973445937689974151991796293659208467677349238156279109744196160688492892334802328741439760898998305370583353170966460052391193316074817531980165769765129115145979716387155504581902591745913089336712130353251568828
210 16863553840560759292707312412453829628981562971109441102639714424370205858079718117758435594179848232878223099499724489392125132180983412057820688394750336878068335839067817553046861545715524479748870464586413195821731723013230239
