1 2
2 27
3 462
4 7993
5 138882
6 2413198
7 41931738
8 728606311
9 12660271050
10 219985006177
11 3822461834214
12 66419137967410
13 1154099656091538
14 20053648044092851
15 348452404221602982
16 6054712725626870185
17 105206753478314264394
18 1828073680622200532854
19 31764627947315554222122
20 551942517047760043299583
21 9590559115954078777349730
22 166645658407668705113065489
23 2895636753849750689067068334
24 50314615396302900104009821018
25 874267298587148303779917488802
26 15191277988682262664349807713099
27 263963809812358220613437647880958
28 4586637999947416285069190003433625
29 79697471246214435179906627458403346
30 1384824118038963587782117494081419998
31 24062718777836810447755207190171784186
32 418114060434762749258379682166932329367
33 7265154413651022304406448255626923976826
34 126239401275596282367910950198195195980353
35 2193537195090718940278630262834108157152118
36 38114925907657997218424937299085835625191426
37 662285362745434082704795943346297350113302834
38 11507877590251957241824658872288360786075898083
39 199961004850301139626296625073963060596821431510
40 3474524572160201806525772801550104416162776067081
41 60373376356969495367768634344350824322179369985242
42 1049048437287098225010882638735608186891643623367878
43 18228276935640704246340450793819017587589881567786826
44 316734736197387692724143232987081505088503626579685423
45 5503586184708280683666271098422952284107127510268882450
46 95630372772361762022385106473523073676873761386058099953
47 1661674386419300228342025731816116056730186338712287570750
48 28873272020539109081374123953968129907786469185150942866218
49 501702285348751042193520318497979454740267405554847435043650
50 8717584309291589799599191236763096781979358107201710298617467
51 151476838772578481308430078553845664026216157404782932045165102
52 2632063180631093421914052572337382858427873201305796046996190201
53 45734758151607164671219494744808836714746225324822761522573592994
54 794687649817158207166414601696403887147675816167819065349482945838
55 13808501155258120359750695398328659614196415323195665516918426669594
56 239936664674020408561864903142536560278618752849112190449058513481927
57 4169142067455414034073125778242668177926230708449729948493722347517738
58 72443057430348806288504271992358950174762552213327126470031665153509409
59 1258771345506071298972519657072674845437260308223643275225478058507125510
60 21872424445787722261954429074642487267970846822035098808366394247538201810
61 380055482550214215121246914558300338369359678881847617423377899502353864914
62 6603848154761527789059770066069785712121879317701877084872339605139094172691
63 114748536604481762166602423066171259710357371700030893532552838979125021469446
64 1993871806906434522366482506573388391807502820945763529050139694244952048955497
65 34645537973867782221041127312952338152346209789776209701334468532318346472714858
66 602001240672059438037860634004655579326991036495640668763526882898993388000629782
67 10460380036357113568777954833997048830540977568083491532414498976564939257500814442
68 181759676081174089976840173224559224301571244916905350552841529299572578621335313759
69 3158258087594158206870838697534046878996696491469330344660010032443341285031789384642
70 54877926517646541954012125461156615373512417289098276569219157453485457315854724297681
71 953559441739711231815319100154220443863422723424989043975488909974002210682010927352526
72 16569059121403997325687660111561801241456321077370169308312140054752156288691883035165946
73 287904149601529738975929455132546807194267827948548739093153113658858629461099185237471714
74 5002625601758148811027186864992484423711328170055095602515013755888531431109993162339119531
75 86925676291930413042461507156088815421007019097259954060213744064452730685823302801419587422
76 1510421486699689727246979476760573866157245682608446967245348561926686475867814903990421887321
77 26245100007302308539443836197141221397256436169544757804490138160681029165103776453292032825138
78 456035140163661928279989980584691282383182941781360801772988069862796149193866562688486228048254
79 7924071503108266524956832220448910391975145638385752350611173672271983268175028813339801138105914
80 137688751712944962468210060769826513669521689123327141586461488375413921173292603664652126906924535
81 2392481231502332483093288979109172346412999330483700834087076249217368480992251198803246422626571226
82 41571779625283452325110892398955406329686148636140723263287492928769541121971494715017188661932500993
83 722351690143842828598515113379626942929139301571079469195230399018920001296219191642452770368350747286
84 12551590741530794957065756184166212102870455194115891392511803380605042085693901744708329933134017784738
85 218096575798846601781574384985142212271064473041988169416033975802722602100590151846525460945383721920114
86 3789648448128166621740071947920716207727167486497349944024926706111321222140726574588644944024445477787459
87 65848972216996043592088350311005169551150333225953647567608264652734526032343246285274778831976813113274166
88 1144192449876572182607508314725587568127327931750609004646560499308315241218552485321202292961571520861890249
89 19881500322288178406838833150734083122370609605116308379168712344759094801799668946443350398854729283884052474
90 345461163554946075087508269480650311125707419777463449012252509226147846859617002406659086489281193963094015334
91 6002736895612809031985620936361517437386230358032568268023016996227034509870522908112185518117979390002868158346
92 104303620896651756953478085146225821657107445058453402977696539145315953547552412028192099306380129006041839295119
93 1812380839164166917158004892438616120019542971154080867530986919078001188794370982627686794273324469855751245924210
94 31491948965262169247290720387882102962185688288314253935939294357633467929988536361867075509338625874897009085701297
95 547204444121164175301834074518879003505880659528454647591016834307851207452087287502317704065317074070258083462629982
96 9508230309792753113869174340497467514761939381630815329084967516067442268840947038166112564754864116286367510024550602
97 165215112185827644769498029142402461735921747708721420145915537120536467868515043504761965042351648323669739383267532418
98 2870779567304209993121356382416526909384025527951968736268278129134088380480240819415325323118976421810531101667544214747
99 49882696655386845723475286049101404533811848857510615037291215181187669415399300531163155753697802908244797118354054355598
100 866762273896895218983536589698446715980712924078961357312383190016631598258872930208597467168624451007413088037048818700473
101 15060870598899063744280007569405468548215926843175141682024820808476837682874682757975816302233060761315655296144873478403266
102 261697849604105568748632579985369896105220233462174256661236772009250035088872040185949907074418093048387309466615543310274510
103 4547264650983675917409642992308648031071181064852293114028958170178596885578410138880889174203097164320068178655441728492357722
104 79013319510903987719447841824652889777083917589186699932356210556486482145209681417769784541342815246760437291361158289398496039
105 1372936290123706878681029746108622412141541462661073742000110867513204234696368322603406941458794525864849175793245928398298496650
106 23856155752050389387694780986428970308460877693324149926585133127019595669322330534256617568766086255742877597310036325211578714593
107 414524819075768845881777815287668078646039324014960203734718703679062773097878501095015973349348880012089737275776042507911499002406
108 7202787717171505126453570996729315913084902790124493921423668020634506532524110698310956937862415334574424495354859476872448414850162
109 125155716886408670988369273239645245625060093651710022045659558070841068451838097608759045714008707191409961833242051913983636629914130
110 2174707083482119947182086662216717612427755247035874756898624101104042395702963502820114608481989588027737657133888997990023958639901299
111 37787733685706639409163893276709964426701695641694671794681670660953406265375199276917780499271180062824993522993260392842120120576844134
112 656600067175726531226185096766053517940552389909451153783767514916704103627811704935444598550658663915551949715628257596283650021653532457
113 11409089833250381680983190611306641456816273198393734285194343976714768823171564673778213809956906174840523696488276676398637527464131042698
114 198244467721536814012120939139073377482780491179599910712413476803046011027799128640839341881573219884295961510842253471600454215433849725110
115 3444698004538269855972106433795636258380190372810325944830768418693494703234305041455545344562301363598691448689124377993231761150890908586154
116 59855109596992046856423659226164707959394929872112850883201827471187306715458320265558994604083682364295744622648773390159958823470495219820479
117 1040043028488399710147406772661535212960164518126885106153392570827117734884320685376333359755943257545097735828673766405073575422185183968872738
118 18071798855442766330644313036611833748178424887068121835371686916937935921977217597966751918113270863754832518568285567357119605031221481030002577
119 314015771391928668772350664633607915319057821717446642349026163686961632435386487323366806843337506271510888309138931973476604207936210781544622574
120 5456341422988471121189642157433134189118217773914209265594862183369107930407810548332822901525073118305066308932755043344767877191989910818723546778
121 94809447284293607883144115450244264608486623623393566273840590046535411986900372617556635096258423934896657727756104064350413595923943073628969482530
122 1647409976304234173078818696640131191872040174077990406206161937812071488285893291728958039384282221485019170823994482731374860652145491288321758709771
123 28625413476873199409609605002027110844385415752442169216186842828734810825658158859968429501601436915857398279858305536225096581362480986788785581282238
124 497395492626681219319325352998416421615773406447896729829929632037908580297591391974943834591968289120921240418460224003857978115560429733576319636363801
125 8642749432605332806608857926515144514759275395002748578195803478245177699302977422717554478564160501089483425807535188111408272724243774351016958753825362
126 150176507149942174287945958038290705952276838154172719212068583094607070803189929952350172557494251017966964204570867478202279459470037006457250315001061406
127 2609468604362639590352987094160759417279754251410846127307757851344809182011124702909620808249333612729164224331494322997160455387050076713776102073266897018
128 45342154551214863633826218544366056669035010087072395254594173487673969765171543229401722546359057133766763365178157716020193536320746818063989319694853728343
129 787865765431735944869951985306907349081731294685687214695114908030718445276060723494884003271647849292564879326965141731863758735608232592962797263199450609466
130 13689964018763279671224535550319491460071788764665808885791622466723382144927014564251748348774654997950375834467983541073953070146186640690750449216249028521409
131 237876962114648060374460828613139527881610368435401298010241047620287737624864377969829752585769237460938872998787318003553621630211438021953680476135539884206518
132 4133352653618260559023042631111065424462041986257112516366426587437579156641520996650296551299604170135162272269777739748025133068438477744682037501894161418413890
133 71821180190366468739912668960240329256341362593049175841432110215426239978463058543179349974076744259616951396303310195491237629671397459506998057124353584915180466
134 1247965599891803125436352994641026444268139783403840042802666103594839940904738968039183123366700353056272130963716113441558527353142368711089050943410213636027604387
135 21684663693708112173345092501947344298977815948565242208500339955543220043191313914608922646389217070588073352946256335657936250724792141465943853330111511564697731478
136 376792949701490623168327282923657714845932621953757736473504729899175962851789806820638333059151074338300695076388826950890058235220161085142089540192785338629388495241
137 6547158348872342834877561548602287741973578091030842433355100530578979397470672103288992318725835491145523734736602424626755613547825562696748434768941243669823352388378
138 113763493927283650425416487450967279877527657951768496455429190379060214382084555441443685181713381473023203762026077363310934570680154739810892374055326852100254428429830
139 1976755694746898359515853657854881731254480970618678818431537977079941141803595044110288882732973694165585490645329108999219981838157579790873417967053018700003003495104458
140 34348128224788553925819524017757362658049086943430500503736471102565324893078021051748411735890946992644237294697680500002637417248308343600452662954014152550711479610131695
141 596833445671482242059788169256295040370508929915528911460503410618935247525435276097190302469772621281275818125339411152422988560961918653038184133875542620530243511980300498
142 10370584374813832067952072812833273568953388672382764771941771764347096242068398200728011867816298704768062692410698160963001078913766275660019768529105655439862072349774779505
143 180199385699861562890548961964944108520656899671215138566854643033589642071670399424632063833403070122345955093388614576213070117881784442335975368336033624023309792392203807102
144 3131146465137398873743940241111974190282690807028839079449121454005131941124639352148033949029774694094102097965770797062331301985126276489240815572120095082341838724849095732842
145 54406834674076029026008925219514115683158368363112368541425134592797802643222692753261575694713731699010324024649042897026147101549399299063975689150684704940673298797398102983106
146 945373744796172732140432192012404698629655669536498896094119668901167122833653525915051090144105725947136071997802701380405208408436833657143877693839289727161773567489193119712059
147 16426824363222653126143791809557497937118629220488388411990011470401836749636270559010831099403433425228084775235513570327133696662578461745097480989228757948730877016620977991416558
148 285432676912710629652703146645255468215998043079220480008798058608305361142026116338578581890701589421958370987175108333780870922557188825141316160137729717649162588079699366685914489
149 4959681265720462075252983818302686224217380690247916104954257133098968777418250174525804164139280220671451793514991268282410234416663264012442344308547551444219847250979948587835973602
150 86179475046793877958005390511655559755613832956608290851205885957336601162245450640924379039099487025629552009311410205174408141081042748133176788927230654365979842308369345248047753838
151 1497455485833948804477605548229788585611828060155320400465124931337329464504525933820759596544060779018250753030130455134728117178361547025372808246613953046241171713504543705917370201754
152 26019802636725510100514260452128958009530347657741414516978161708199805436795495672237140957023504903513893946199356815696486909103187691139418691943658149650121123101044932361852475393415
153 452120370627980680963588782565658096096668302926252376421758686969557331892523221339555866313875409165256049623172264223645262114503715677920780652431473242602363363170852330150564514463210
154 7856048425527456932080699069740789953302553087358150606259117469254915826707148465694069267393593916203813278814617534044556940186071440121474735966973895674285162640642227009827243860071329
155 136506781984870120139305236331539042134227789741308791390277844764289101736476767621504194941978490818961837992698095646772056756425559011290661372816370404662179709551401843487021948328878406
156 2371943312787530791440681749795367553141357055632689654692044623684347022836155144777042494798376851082857388973239639295330135591280484894540478194492725364332706148731145106091174170719669266
157 41214912528676141579190563883687258005444806224964340099870616863862117995439196504161041064702995526596451572815036135317922075279978761783101862468307042502032688571903751421371630352500581202
158 716150763632767124577748433003426122358733019122712014854171551198931808409955747053556709415254545087160529901373992163787272973119319129183155468257031767480060328511797904950575007968509427923
159 12443843375743041383471463733500502417120731725372290435381470641952031798342825636701430591386193914594167252058080252383111354671683040221309455862640935794341558980095195999655503258422456586182
160 216224356411394771563713343325770712345502856492060626445555372718043594388567744171549134914071402876679322720885337037168823394049684075778654028222785687007369731235294034727639198106766448391657
161 3757116743903905173690243471243094619272616878607892126951562528365133515031667418294903234194489729813655552625542345514318309779789126082315702604630429724163505308828712700469342525094992196798634
162 65283700974305176448165117699408483832260569820836919130647764645884337883091770917965114441984993679813988711102105537650604819924137031502393219913730359036028706087695566557835407813027497951810902
163 1134370290680406326150245576048233310792355020312399953426543066764259471320468820717331856762332140560344266937600476484892330901964555659616623995728313872256828120134547234447978980784162632272202986
164 19710830378394384413373264141614015142196123021866032243309658790374962658891084180494649336509593294669681227288589299808285075995570098148429541726512898407198387740634347605132834497414456109149319711
165 342495600773182042691640333622852897963945999558481839340951017606836120044310928290016185246101026203699060682269946476049875923057922479249005130753521685884564472049249758023235215959002395004886120066
166 5951207244802958268423290826027004287348015393644815888139585809583858681377429516285041538014681308149337521447308711449621935829630829017930213627434993540025418624414649708992752383729931333176517387089
167 103408241129643191200757883975482851739443185451956590370073638646963543997046981174271522131752270785958718756515274803285871492615600598080492060724627625369105411639455965015168994628295738939576188799246
168 1796822710696992168763490947285669240604077053548449352127185607201171710476628115510684863902258764765985912664632383328841825381186164860914289801617311662885498090906763824897856606010235831140994357817402
169 31221610757587662307272085553583630709662200010969176896703881438328727875704902391379338654325434515125669929393910211608641992740048837499598975805594489527070724409802902285817531137153395976698333112957026
170 542507044515365947902299097505611079918785859066793225388698327655869509689367357192003717103949990442785274514682628921344602059846600275928277167484352520829704576989001811712158381209592233409496030196276843
171 9426608243691313400894722751702210385673691068864865105386088219035219349487814607178901800764956289961824878318663179375327284301691120441708282512214039970771408541338829957221090403427403752797074953830764574
172 163796846286872749446139308718974217802528749554603448975027959156414651373987338882574552365323047739101132384535053200147490492867336056921510439255404749367296495413343752318703038255411058217384399966379172569
173 2846135763781294057674351577555512907535203466067561252597724756557832394393003489076256731441250257231220004048387849430961453019281599923103583855801457203751013067755218496900466246238811588600592825482068127090
174 49454485660168241663004917299489667508068969977472497854555929531997897463005878129908111113766909638635449020586134482370826338913215526752990108584501594555980677792742066808351399835813179088123620226193721028286
175 859321675035781955101621111387089953761871395566186156971037414993763100540597456678319957832155415698249358229966165931675433937748477991000097393975988797485035210885651578087359721096968628733770832140020486236858
176 14931582673016317239896583571373697943612275397461593543200959709921754294516515095126694205040330211097534082659097000895388575124354139912434219671546847304317281611695366399122949452436816211708115161038795261137591
177 259451341212634294508743108315393291781866497493211634407468486640659597246926950120925553593716135083800413872313007865917950417831346227955076533471703886483668278852772422215915180660052600421675250428425931316007578
178 4508229296997659592440050339292040060155905419408750011752064667919503904504657510820743153968608311244030832692600607611667999055311597463913527219779439257800776963052101474400527937081178940263127162097399641910721409
179 78335040779963807894064455868401068131836061043550317499531481365972335012255098180725646280229454399040554267496697788395447783922327746137270685677779454110978664351326456119595769780426727699602601120542737693966653654
180 1361150511595590306363873292252931973728454933554727088015057178609159328391823963074274148078608217335533258234011555485705694907743753753437481268568210092280120387510458431491458415161822111202800977725560408815308720866
181 23651365937513120342361350785917360556190144705090005128137417732392216504412188043175503167704362853456422043169084106589779016963698490234114350491357166393796396234125266890765032143312128346779067448797042929883289823474
182 410966389054522629776127289709841860886677313227742910264198985889029393930921789563106625692804509490830989444671034009345045033007650113400343820921583810279265320015775934716936461777322755803526007771102824847604027401219
183 7140956398828268130168768735049811012319755048881193914747425991462933111870900949223986136749665992562458836473479953881020858665674064114275424402189485346649409628251974631089230332249481102982860630226250259194194040474614
184 124081335233478538578004905348688120865408547319747122376109839954812420375319777157040779458490820799509267326137651003472696553475909581432437770350218251086069570171343691928115761191076446651239557706159616647809880522011721
185 2156038616318842352133048497040820677512807297487491360393298880763383654203910196411277800484470620060259829880513385312949826764282753261410429552115936012556662593245696167784510948020505375898513888547911475878480731713291834
186 37463350199376723731618614114939682703909263879050600360910657193555739441183553693125234174617815949414697219692972424833185878139577262250353962705112238047519635274580715658219632033517411351087742266851706232275193509453162150
187 650963576226403380882663613782603612230519380703932455426452237307342875553981804259682582806948593259820042542666486485845181360056899023717146133084199555681306309063276451321615816318828241392498545891710035897763268967144978442
188 11311150105857816644387472683423499912116908970420273595651364020096644263570173884973632306565884487130755291681072905953173512428240661507733404642976245451121438301766130353637026945063196527901497349866313468657703154319277092687
189 196542665964384730211349560455499708129101422518099281561381280328627549864633319668796855731641649947763446855634141719991557023567747566631272227167328303604339767371383791290601421506816386745253991499895718704501351358961414267442
190 3415127478892046995607313123998255801652405069493103244914054212907899261257528391296766414004903697627794465175611906406706627691238070475176503867843133668831500222528869509721870237250667114493029120108549502078253714145039506002993
191 59341291825139916518110645287929868954986617415484848794359108604084305535644780824952624222409137507425939821288977247955643921456678848832686160192920675639816187055901954424443259265427543405906144507853233230099898926914330898991262
192 1031114925355244532163463257123819455017499732793381500152858331660825669145968763572534670784255698421632897812835089896660488914629347242214270501964972269666279151956268402561725337669573759191675168907298491548688895000708640465701898
193 17916664039321234748910652808325544013748118410172464199873446899117651707130240654257965178524070402811712671408520594361794853406461802936454136491222622087053333746431301605071562216924424008876319526855045985775377622909043035051597058
194 311320147157516824459543117469566186148772559323911372558825694294262538782092909639349547283701933492233655007136790332569201506718440978945376096958851786507550857807204774517714943271598550136497330202100874236122578863844929878688553371
195 5409502227282357025980019420050535358681631703040336184129107377536555614335157200130199089945651582215255919078814819033135242780092088190423144638609109357649560642916614870529373317867534072884809565961075900353030296225974742072147841870
196 93995568915643926899197363101538438138690159637279890296173839976230485483202767415342557992019476262221948963872884312565935663410008453566827119232094559867552915355882601441378629926382677072477171636043768538540848993266905088298431029817
197 1633268017012021118772907124619301904388520924191333439266670439292036065580286758302613876075317709723602031180054460620650507719909284831513004943587882738165928709182237209923821888539203801511516403212881028971761450789910746628247790701314
198 28379682640022938634481738925177395684981773727038049456641231206385412138978111789875638522909097432449849410015282201909351588568057903277215008364490802425140473769845227221280831694320788042978666488169545054614461610689467281671428320619790
199 493125670961137439375316316093150455915958865015484369227367521649240386811168474167242835826148097956612379290010595329563890445564122711521625380714416561162198569217500481150569694725645034726193867510388751580699389660762341573477550099963098
200 8568556965395136548137047804357849204067910086336333848422372093816832592173179902417195905765265367232476942726557984827272143145885496809624919182114953689019805778060410220060970210624028548409994964166841318425685059741886785715830901759758311
201 148887338041275191429578771182979382526896043591434911822178995210211855561484843293851782535681349322940183482043621793732917566776872271922371054785711600945472382005948232467908093831161215384435670329438504192741129268533428294804806024004826442
202 2587067988057042186202903999600580399325404423008505027232730795262663409169844167252000204112781216286201926378335694514628216790844722574266192058672037653897820944205154945407201850282731804809060815945489978771399453548051632223373834589191529825
203 44952921201224457004437010510441998032537548993049798661378109014627891368664027451491791982872716386191427509687906496837381627272593943965114344233588264854435606115216267016792801557901497210507587213124053076000093820012620808689675512587482468454
204 781102442553565966622870843590440644003776104276062680587457487761001463556948241659295093167698404381293044022106351824805632811430856888547687245876168380949164079542587912116988677326212536852934794341477720757268915442522687153596833531985488110514
205 13572444447648664628042225601797683922155250863753255563144673909860202359847890243158100087956039624711622057869281067632182352792810491942299357587632558685393543340298526739122636116566557641498030756380971644986253238213391326029691427729245400759442
206 235834940782273048007585581830397171527012963191889996327319765907321771270807454677386171413052958609834038815648398371633885022725693268634940379387089563619973751154811639230394511133737305245082024048036448249856074368304725956213772715456238048544563
207 4097870468971689405316930866453461025338870895775496826119873170343596843771203246188346707078951131026988871109809369352821493626697371733745693288067381698547766146986433014019621589030339601557129715858742439708581498170633632652037498629857408857585190
208 71204641368105938101718073822935514014897467873183029067968210330504407852568127108911513262534614808910523678269756449485937472577168290626052734484444417468664185630734071380584939373088460073995585811883221064656255502572610756172473713098709456089113769
209 1237252614681318478199781732437846262470551628614982325264540996864109002972534158647800187742205258047601287679773816505957829958762795297146435891068214710936095844611084124862910672432709501244874849970628138957689319961063449552077972499346187745489302474
210 21498514747402886194120391640751095774444634608319451366289567040742595409999624547891680427841137853960772404703294838273228783925608708964290351293448462413995576906520718676767925488916167369150137040415046020515483377945630598807220232887195389183126778358
