1 14
2 326
3 7376
4 169982
5 3910194
6 90008909
7 2071815945
8 47690157718
9 1097756412666
10 25268747760871
11 581649645222695
12 13388725521741539
13 308188912773527912
14 7094058807175007496
15 163294876256510271215
16 3758809637748583453554
17 86522309928008142341110
18 1991617250352348964409834
19 45844121304742626489442100
20 1055264739162575343215375878
21 24290653589312940571973057611
22 559135380818511805632036979493
23 12870480118353473773860755968392
24 296259661183379621330851547289738
25 6819464855808296067574949569832261
26 156974124434776194168969034504596987
27 3613315159337964293547412277760314635
28 83173239460408097781367592650220653470
29 1914526537897090508926370185664312528816
30 44069605657923412487559344630406820185169
31 1014417979798861627562161202792888930549692
32 23350420825791723896550271217827559444662530
33 537492595359634929556925867830182886962392854
34 12372294795960740753151067979251616425195396560
35 284792162421765119190420802629146826875083434090
36 6555499777078089633866723790999747007480271674605
37 150898033716346995911460259012035915620760228255029
38 3473452422205544091843898851211398186178487118394702
39 79953803453825633469224139874609232587583976724714086
40 1840419821462201785886691671938198310707853219468624423
41 42363777242780992593365144159058870822342590893996205259
42 975152300223597507318789945474372628540064761532439141171
43 22446582210593964218671779728992320120764242375728225050440
44 516687550059025004784310456194206957033783210112609263176468
45 11893393028895031067948371568171473884207227157903792953033039
46 273768542949428008772765093979995925402483267171543583709925494
47 6301752151515003674077131493781992010720704797447692156276214450
48 145057133852152640939689934766262929855262067881477550175903998866
49 3339003435154574462330841710707902432431554880195580732953603932452
50 76858984069942029608796635436165925058957920477182203114346241287502
51 1769181597739246524589387766266061305310352947268163034313454041820587
52 40723977341814399659730670111037040791261190952293716549786309262658537
53 937406500641798230921511248073635147001082275100722109013435318818018680
54 21577729013792616036755959609823682217896569130632101597578387024624155118
55 496687818010536836852695659790177267912643061086594321954931258041269612045
56 11433028397120790153183929602016098357326260463014786744150790731026573572183
57 263171621266937107916597134472525052135557769145122736520742130215481229991379
58 6057826486087442722632192615251290401360231177171318206571324914037242592492110
59 139442321170033010299542303153865818312773700118094132817942489470556260347214084
60 3209758644943460699771406281689481453061049956014376355492018140975019563144354729
61 73883957699087418870497425429412180793450612895711814882940361759350100799410818008
62 1700700834276184499202126434894560363592672396092925524755154999993431078327458403566
63 39147650150087119373810609210326485679345198473847888835806578857444164120698138677046
64 901121750155348133819788948230327367640774909365849637324037236000980486679248022749776
65 20742507034007265700822989910389468095538061443250704146461030485348966985682980905449042
66 477462227475552586372583964023222015003574860156523404333192738300939863723575513791746685
67 10990483372726355347475379335748412946144129437242842411200556961671141712373987747370866113
68 252984880929370081211865864276497837284614467699433971234829505837312493077394774177668787078
69 5823342596347612377847904967951027421625661969918770179932041758121292494976511260123864343042
70 134044844379076264333045946023057080083841239878402777155946595822677727312441468738293391769879
71 3085516609632460272888104772921393591957185702654318531037083417774876161385179915654677502724063
72 71024087441917918822092099963890646904631941955336254732673586397930523698803111958663000707046675
73 1634870796420079096002436792268010092996636035181493537771650510684388692409913143379655873533387608
74 37632338791723135688590024116107898417473514248085854271942024232829649311457314037672764259117153568
75 866241495068665947326056552085142142035399468557328152234626530392966803734508189138373163552690722623
76 19939614487735083164061857104801045574680556838988561841263655670396604998482139931901275900742698146602
77 458980813298465309185485900881388346646614993136702713691432559963865856830007524973310807295235148309662
78 10565068201579341088663880223838162980051145662258300318779591326683514436197531718632944273734161634269690
79 243192444803653316109730277818359816543437556632412057745851022521427504229056299867824595915538334197553380
80 5597935013873068610540390430962559401790877872013501979673863288697560091433937311332935394762061990558320982
81 128856290929788457366003608829143382400609640771623247924112839519814178478990173093625858449750927043380438123
82 2966083684614701779362419772887349431678878060080544136805410431646217359785617780633649226674418539558818781229
83 68274915882308088941240225673625701428795690336972472697367185590315791007143058220449067097195626155890859859864
84 1571588880959633386212550252859411548312095838085086769930674534458978894279934115987602832935773718638752885878178
85 36175681490600996223847561938893606115572198607864363703562016257394648087740228274945793687789654584962671199559333
86 832711370743673042276247316310262798470002098206321329801458706773477053864228310366452050767618893931456675538532387
87 19167799980380884343008929807675864665175576245119010550769560070438034140381528712027717052789500741425061987755015531
88 441214770202753325862316386880756794807695568946697089972151691649725867985521159998343313649314092142183635170620591790
89 10156119828270459502517831718690274347666926485413077616556446527249038525523163300359752333179491777156490201177013269048
90 233779050322338274955459828785106966010485481375729392858927847717438124566352679515387601327320556292030216276841233425585
91 5381252416644779336077927866350756985829905769494389669374220624002845562015799825282977408462764760431185862121007327049188
92 123868573902228173755052346596183847885673225664622020086958737639856414293957994256166349888646382269118946772848979404149514
93 2851273720800187835717844305797559070105927095516546596204082761787894113635642211379123889834820506713442724427705346838610550
94 65632158139987334127831346306961700137928904689250705273073431402919729682061232212370629631598952908980691741881593912762997952
95 1510756456207023415331949839777451616515098866144857037464592404298454953837816469381520183202734372708392126780578673103981832410
96 34775407889271098093828767100005664204965258791793625598591629853387296969339653637979812302828924746801565050508300567799415896813
97 800479116866643798229176271770163756811745073405196924182611000875845553260450422978901224401205081393370888084433117586125968216397
98 18425860555823738595976063010863615515793650993769782484196819265354143857707599095627501111251438227891738733879616512393819912058958
99 424136407894851195002142145357115027524427455356081968767967612359538487808184788101521549651321238674294766056463646879902552578914030
100 9763000862670179394145506672495575343337403855581188127774007807696458699027034982040882001812139895674978759884991823258838770500469463
101 224730025695244631531175795739186794743536732120945775419816489059614039070410586973232519602709055992687492051029751457783720024770630627
102 5172957081473880862471655234963754398168291750177970835283032931153652491283546757794376356938473119273714239041051442438656136818322630467
103 119073919401669928475217769384820011840716877554852635176007917783534966530320564410270238692385213088245511672370703524428560183269661361432
104 2740907774482369125459115637712328366705219527487971945365231259171578083259767946343633504985655644175245045402037395612872520084362786366252
105 63091695192092039507507705193534791452940722314183830459119842921401427616498844269019478722041875443680947811953174767522565206118703915095039
106 1452278708269779004807776106814352555435183503254777246273389282204255097485126930128573001170751643833516056377230981787823754008659733659578702
107 33429335510358829884071554138114668186287851479758680522872860124148383453925898675197673308117655286213156160081195773360707311793377451783111226
108 769494495994872349210848318433776701437504135574045610215892050846657590065400457522983751340317997870651222707969271479243651846698794202701883682
109 17712639821480160596436540489363327301915540677339390143866926928541281883677422720983814643104251927242661638866849481206374283647470272040674249396
110 407719107905841832880985440116870447121162467720282575929653018332140268984817653456437618259994721893518404686836097249747712812871924506257408819806
111 9385098586487490777087094329074540300661875784048630103432841526706277207224537926054146373493312154641703218420115555397870106138500931309888296419403
112 216031267041893473255506522519972137666062423151285522156611129173881982333083887930757113516868156104501712443821962715730989342103323906953322531746801
113 4972724357623677279211966316671883461067824995689243728005134075488447507530592135072613193104880031834741213636128223832230789918514330389369636767145448
114 114464854442151114753268275693889155265816132708115501520667647934248559771066718001296412089956309050094966433851142285688400774852807464722202774712518758
115 2634813828435085381123880383394796748326927362907365382427190749259405799939270104571783944646647686531799360469416431030351632459262676552879684934971579789
116 60649567453224355508585307260491116352282911494982039775794239281864499552990127663150825807007367162038579818858294965288310486052140058065266644234546048223
117 1396064493273110218466105477288830860452688165501364673707600293115139336381701883480578997097875685132057919007992499037911708178815243692812564221066867489235
118 32135366354938285069329749150464194171546744839475135307203454847534220487234133448196417219711452774057188501375032106511501258024518896138698398932370178076350
119 739709215256201904442868163703921393374820527496023073780947544575716251152233405254414126914048702199514783229055898102087585647712490542108396447616804560711116
120 17027026145941595444357733800925684542041930674376193876312273271580867437748244633479123666629212554504606274276001024520135283616241154857060927547488769285336105
121 391937282103702903615903041757244281234733913103016196331451299185564353580253590340604419806402452535795342845005330391732366320021971316649374858481518508246264480
122 9021823998282389669263313344956622343846474021595027414633868535889821363706078824371597665042412534118903310148526199782335385051053191191647946190510304705537997654
123 207669216409089000777200785728485352747482481922161569288269080626517073814747726597598389836452351580675848540975426266460421779303118319684521795783034656292678263766
124 4780242160806465922792044475490556059577889969144178739844570706670900235930225062212922062156386712036410935953522964370739861746287714270877020866501012678636614333664
125 110034195299017700360170589979281844291941897371632875593525781333425240985270838740648459770548312535995582231691503076679927233698320354397020583188314736719815224726338
126 2532826523805172813542994669913611661080549899429342529836016030084655999750590079281592543254132597436261363383786456960720859404556169705575968255988453114146354579290365
127 58301968604011462679273397585412870019515141168445672998626913490403197254697479839916070847477187774434307512513985334546954919582806243061763232810364362813766029139279193
128 1342026195302352057227819689939039652083002222526569267367765964814826151688056801280554322508757199706766553375370331432622582670724700903868487315612511042063992997843904422
129 30891483632574745567265534533320365089742117452228010268303122102857645718024033341651528074323076362741491840240047064947391158768908987632560505780195916652428637785788305002
130 711076851079376918735104401699902763745512597781195016524564020492883849341315120341498427349261578606459837384100265076420402334936463201863827974966867087409407866939013307495
131 16367950926377020718893634562044713237113836434710204487331983576567035187533818379104064505361389209441642887023305725103306350081203970669169996291493214296765347042594796411223
132 376766332811444342946719455137285778596876963331187483760639175998038732184026513378579333935850772701588593285213670840154543347519838833358385770989268378807824825039449602575299
133 8672610895443632153783750709418474670507802432444385804476727633926020746733962863476571543006389721594724602054321793420571360099102748408591673557337704176482216130837456616574088
134 199630840639386756062967184140690736125608257991270735017826825075593316194568390135177278350511210702202758727258003359715422546490872124745557114080078980990914905223044517946651832
135 4595210486766528417960572536937255185270327997822289167185587302337532111333539846746024237067996347725357031851010592423769524448557611551647070296104988194631572141542359787550774991
136 105775036312314859289641000395383450294227318370752164015311437029886349605673693903094683641933007500270715125598654050226876467775459218738291144377046567633590328542255016871495601314
137 2434786902382863711670972701629200460932172024480031222501478679998631516882679899664168734433796051679584486299208984926770146561058656011875566045753134684099424146430156903203464204806
138 56045239658546460501215212238553362163704037688746787721274608647693218447702190778279553818440514519100363263591469349557154171007504126700432626077658991126520134791837702161360306923530
139 1290079589844115366591572559268569722220143473160100881128397426695227846557139092606003941335778006360610801278883585338116529453837031066737681426847270361268934076127865959782524186614996
140 29695748617939354096371971710037889438475184101518098411085164682733558203221516928366462194372403782019037996142422074539533234613285290349237982051902215790243248274092919004546560648781222
141 683552776837902251394422818182460054531653881178812316683133933756477733628384986621593813936121437937115432996488337499209752279242441206184157316314911661439336919373330052021682982524172555
142 15734386923000225632152262979197942752321290642217310696803667595532373850949239372909103025101292607155020945811101144237910160119582767680968325122967466901711470923408461359274503845004559669
143 362182614468976833204606873362871417260621752835474407681757472209339228344043092340004552023608477695956166887456385945391231806382085362440445485133089113988440368125103962338069442717754453352
144 8336914991700921060083904711811702384145972935612078671769693198459893185543312168900931923343014912666139736125332168085977238229715020247446085057371134141897987762877846132244771595501268751098
145 191903611057512608470633773514752874375733165811875610360385955213073663695065826338456604020720459472707244012413459988497443207541755081874475120350330012717910766285353591259272024612450276612677
146 4417340943691153944428084389827351987060711894887251856911027066399611971652023316161992899777427119852791760932453671810718588905051638238638842564038586359197684312023985901623038606301810519272715
147 101680739123571415988286563342212094431133726434511760605619465123299994903334485419005290030127280155468815029585878270795276357816240510212127271601849388845689380235054567884617470849797442041420555
148 2340542158848278844301212697988644189239181312791663876336092525803615385054372196948408383201966765039780451534074730533954290397602584864689819387155483233014108411507889202365669740981832498390442622
149 53875863261464347220786167084527994707204631359100071977979255791945705207936842961518480110455742850496864616589281336337969669334408243469963618452122266000405654461416414785137978891022937171176309312
150 1240143712513302267827990147212131185187454904332904979009585238011328376000024998718331645335480326697926935062532135691934006200140965129982713045626762449754525641749664743242350647821512741524750243537
151 28546297629096670408896952781334524359689809964662996069274084493989736933770518036904728746442028922505740038111098191157252439892294015355836049473389754409972886116763597861766028226412691466648232047564
152 657094093294634467255255999334147535192592054786761247997685707845904376437795187437694356061136113493503369891584310428291038017715147159685051010825151685199672654373970256978694850393874298481818615979986
153 15125346658005854973422661003011301385001068639649434109616038393004675503982484859575789698645582552475644162822229429179097514291201398411977359588034846967699067582572617008215003894549244313556877130750294
154 348163396778957118157557292220019505912325398853780735333301796971376557536041183674669274077521077619138949097049144569974871877475847852396156442447887742407871191439614757143240369212729701423872060448697968
155 8014213068796072865153215207252030752526495851899003517025321833659218400333885667483162079396270362313768957771693190018250577387597787212788178534722791769048549142799801236592467063332830010205699480042476490
156 184475483943071592740323996033356149062613462102287711057603300380232763368713174418462417000044551478021129396196226742107601517687623697898075242916580045078770323260724007611029067321965143847831692468616430957
157 4246356302720906896871226098712023381452965260280516962926790465121020420231818944247421246327894252890472492743406292014212605132287133682301015755970511415214685378256124295340402148919843980809381404115890952549
158 97744922329202470284944387839014129564785832272291610337812335092921690607535379050570947570698059435532276936829838609104143117865005689566559389625060409938258337830380157081880167292065688597197980082928699409038
159 2249945402607862111159452354842218263536052342552775548966684892048358586726877751851389704440172960746013213866537799441011178607956897143540600547125477607423764092163813256866631366182359516263102176330385138622390
160 51790458205764468766460420418706181552036675966217886681662791287846473822760023395416610386191855555351260218054885594858383834337249879236708645290644379756479697613384893703252610341155609384472620283583316148433351
161 1192140732861383013571491116250283167553202444778560928594939280756879584107574549202723017821191851100388631692130211625219886734351034785425885449558042885473064439348945119111902508594576698818394223691531958716652475
162 27441339122755446776911798740083017307021081474654914715350017028441945444297712476614573176694170361902421053185971017640273380337094815949417065791067928254046799344030576012420100699244378931884268176821874119986701459
163 631659561738695676435089518916014097367303599857011380756170035037304120416170998257195393301681065594808696589448592119253652845820248881938378654524936020138722801488884988668366501417370729499989802668804719784485696424
164 14539880876478787053708103087959460452215771290346218572522285292298201141694920134829659044345943922964191910667731363370252243428905470544637660164591118103238307454391562342853763332739900299209135874198502449895939630404
165 334686829279168984318931010155657533031085499454810852304106814606704278246988552270490963522240134171303357466304945170841407928628961999098546269678320634216100476089082933343330912620770008846326922731738065681044299546351
166 7704002160990952868052994983835254023174567594957353104736529796758332535868704621413852916220177066928176658530641638696717987634628032894388869379216326726956634273052117548229621940998004070137211141674722514950414167174630
167 177334881759111210342400782006897071465989732760962978934452675530225814604407642724597697063655481941894942366896287169365763383120460728014472488301407303322348651133938722332204222659850794717994754188374303540276491077663362
168 4081990065858560729790174266437526871369523525926099394445652816654573251778200967132659534455931858915900079871624666305555771280176291962940681884108980605870854896484914564660938042492483891216981789629288566614844504758933170
169 93961451534403915518076902680093365299155214898064463780942962469190606405696182320990973014662082263801386591230100416539170815904107766442923528149911688097289046884399879132034366911848556655408025809047153298381858578257415044
170 2162855428849553849779807498226547352254611242482280012599999353403060986496874185499616131058856854355327623920025608009715253487903117913603371117255450360354131131067551498857023109977254138037859863663873954208390723662098840942
171 49785774162834871991846799828214463523993254795969826423863387155092078129757309674924913293287005788231260529723900881036080946281485189783024779926817541844954692412710614013284192250707881810806438541806682809327178539552966373995
172 1145995833069250862249321399029876030589839428246426233218820476424716745612495543670875590547005182737419745476462480419958726229740711727684534221636848205333160423869020811095000822812694884650345542837132627303380578820091197943801
173 26379150901955257896965905781441834702766425470406883685470271395743448380304963354041748837819204923765093416206148895941847225209332999936682861516793829104362624391651878045949473259616904117042262871342897526686308498881899890475544
174 607209539710496584360458267138738508073110710228480745546854084304065286565485771203792824982585807086636148683608298310099291961321240307041454081145191837594019468072188573705806253098908590499616754117111604588289759629226517564130846
175 13977077066878006982949100990785582594477210823663670743327441993323707347582512993189497391541574873120951415445921178998911968383802387682309277435938449480297294338499577635316280203161335704438418042069190000777419421193166847657240909
176 321731907286222144939765004648374993337459756066497093733675894989485653149175266288954665814668049357745248708667874921032866104682743958803833524464517434644656759712611137842040972217272245103937907846688980920155935931355957936582033959
177 7405798771141146334489797172323646299188836670130544284650073616368743194675751121165268925514132195917720758729760079224131161509315384969419350767030566269861534352423344396393727474966011362474482930180465391557825854451150782144697291539
178 170470675107281886292599775059826041969119644913956548561797808594001438002635947666220301536675507010596636857766823295226287129215469374189577100141235919677913238674817239996277850777783961374576991520480385144045976931102135465243068364782
179 3923986050603237475816519551368987022473605337677449154251786178506040612902922571027993929938425971042127857734899311327233552412970542257833835412346455289937264746095399052179390023405160227961603814773420148827018546530235035471452707320340
180 90324429792036772153645576125778960718171961501069741537714930559941575429216413114283394426696586098206811295802514962790248759730795815204125822973330898042006589735717223016831443776097989411805716722999641527258972909189027294768570636319081
181 2079136498459867602657658475880938228750560482102775199186026133814098998607839024018085211065734931485298422375814807164740975085855146535532213118253918264271356876982764258131717170482554880710761021800265960033467760168046566714874076780585000
182 47858686616464737029895527355320146583144313659646272299563410682427629202682810462796716176939116566545993843829648066337413057216047386241308824747709031376597423225583419930496020861981379384161773498888494056038513790617403050594444075060668542
183 1101637091335584707248117399597429471077478906758061406559507419306146243820661976736716773840011450579243833833393855576597108802827891824803554445310802159873117871142727261517399307968567270575732516804963857257486076404504658229891272255337689078
184 25358077431836863779866034681249958054856716061880754783668166438269466138475403045341773859132085118045367453062313270687945752103101919787456217966392039929620960476896129083601977684250387708490437747508084851976329921367328454669742706785924107568
185 583705919214689270843668488679177262524071819849409427372277202564815403131549186440075743936886305149005950655345444410700766979804314477431707857547233974336561888799021808182307201175321207829430373153700216264524822597785260768307612810453267926962
186 13436058038788989886168549303157785344661253814152835097867280268963395246853753905903378091788250275117040068523524830167664020684186668650666480901212934327302990043978426418357186703310088856254321931486351091599321140021946908548571634176536879708925
187 309278439157488609702011040974501786239125821639500732378092851073197802017168848520084578303963135851499077777017986756182963763703593147734125677645892798601897207699398533634604440934952991343985844309253977331382278541488245570432529211118666048731889
188 7119138117113531910898667111907384076054353531748635537753921056758701413359971994273451225591068118606704588682434754064725627489111299086903389565758240542591757163648592548283795643388885931830970501499236386350515104744116788434184336723770013207011078
189 163872165381469753547793519963202204384431834703523112957525954577867109695815837831863286955608342991436617188541925916879832856647733380392689436589726455189292099291874871647748628336388497672211798232112895560480700464113743953320249065142511360477704210
190 3772097990662360462296529243611872446380384733624303013947593762936217422825018170122059919599554341006804235117758820975671308368636907834208968153563276571406683749572267799929312798942359374177975700908959159919837347110396817128547749810619131683759378935
191 86828188411599307320025764041522079785910076245072635886026852058265599793681816743982593543649772917256446001683899231897251829372454474629660915285294074425268837018725452645788500480830877723350217765410680530728294369895036789210193201601055469923444133263
192 1998658126459847381140084507218105246844993134510516277301333380481899511104620868116016335953654633973583760428483482188684607210338404300871808637864358353261877810284389433338589066075025239686334018749476413509885625531358786299982457982358904101223230167987
193 46006191992949000957528139129799180452017532834771418153033466951225068797205839657414336795144964667354498574887452074938230170069796518663405586123623292205986359203086349272111758812389549844514382781321250753523737484118266217963470358985994372059829115925112
194 1058995369778967651788302762407068267540731879400455825500056781406231340820413968890035729863500648185570270661186442379793827499621850271229629032942659776579806744088789849386708243513487916606629909591675103528115526030118508676222033140131094654709550283027536
195 24376527259312644342749072999887305968297672246520757528658827765737163793114419934858443545230723066822380347819764644433514728194469155693173410599400105085582499683144325057313245721194829055041100083837827008168999886941325430782763324021367698287608906838627231
196 561112067324747923703005960412677880738544172837406389944981723893292369743669299220940359613909237153429209330097714322885076339884590927320273357647019768753198925907149016354411221933699972983402213678433336904343423039385327078936318324360003132638379907739374810
197 12915980555727867811769988479388515294241732010872545307936850083801689083751801533271393719821931784649200733707265023801474244478452384338149319972024086966510989114771766899825310912410587740801244812690873745429445358771869744695265403830221697865306980830014029358
198 297307014820250738373761769587626487624254685433637075408490595962966586024109345370953332410413500876288964212318612991217002677481585254096028886163469437203904097157255833401718070945678948218693792375633713899360549608605105856321276805595007339934272278261303659034
199 6843573407373217850628445848656500040538816469461381883016162885820118887520548969002724421553361792044094242081190792815690414960020993942297484363074731211796632969059416368976566815895068482578020248289865079119824134882546367125241321875325784260458426297425686076676
200 157529068092865581522381315325532384524471505053130434496493699301075591154409109959834668589182015624059062586967479969868856148919712297678968591522843489637802980236202949464064678051226453780703438653570021545921368666249200606934469108127022034346287232324371231519990
201 3626089152119086756232774422777260922398004864676888220151783327663002635376521361685022209868528996574301980052420923202341967229385267656471963079115594557535010899962036899604321931633072913205149122991471575962129377927182988291818787808926373867526437793270719049201707
202 83467278123961732400950929665142317919393172237828596158230663142526642668378256765569081591403133166622334857465933483358691154701894224739441721979543291354591739547373886825280297719056492946922974507318035179187955073631182252080458585272639183067501233278207755865018941
203 1921294878630160056210157055198029700754676972620123472066497010045461093372685402192669325075061803636455967236314730920318602230647738979654547513863220383078078323212650096046539564299887387333650061840028901822543955540628974458644647344184415257700880709300101491037032184
204 44225402979694915791281421053316686016496593673028692318774859495487025746700166710903750490613833884245547258174554014127997291476341192225791358334258764606899867402506182141484971166446438735303247337668231603198865280301901783455686229356546058703415608364226946562117813906
205 1018004206679044895757132517543035466907894323055043643909819336771069208583158618255242256199664701863888600307641235649147532380303693988700785965248431099674409145688190503621751826777375991124559248004616093712259325880032571681943702914147493890120886096646729363661876490277
206 23432970532615383884087236122999220341180683760637796677994337290063162031826159683243600979343384512703699171272576252952962566068930532619704747720510050658791091390771698451989559389388379776853052559895477598788661508302709915806317119547667160221098294024516779973256182916275
207 539392769086603362433635054692970246060152284584312721306176414969627900034155806330161165081553330192903687993130477509702066076023251451148934497700513395848275924493521563610599045908241356999126897086453066050106906719102283098241938789020239551003839096841979832352413125537259
208 12416034020866458225372297386131784035804072339061744459256863630759054010580634131589636444585680032598172186332788710552839726055298826194657439728026800046713489487029650853552466744063132314159655216143044356884565428524461754059275585415901008096877654060224955190434091507087118
209 285798975519010262718184223258608482596241150183010732210870764180897839669610577822653767446346934130366255067553111083246335847659616962456892928720468686910622448704475433853888916661349856422413360226958227687891714059146820369461798320611875982579583564826066521275911456650822600
210 6578675144610765191584655231109022624760275228787599266550365214066373086109317252851818697498489305247139323565001730374826667074398228920921228983871499066069082910485351319300734951752990921232648823033735159828986512970961821583460098260692119898279620386928721375550023467161911473
