1 1
2 36
3 44
4 476
5 1424
6 7696
7 28238
8 126482
9 491943
10 2059700
11 8161068
12 33268124
13 132637221
14 534771362
15 2136620867
16 8574987528
17 34285733053
18 137334914170
19 549255340746
20 2198311980408
21 8792729559738
22 35179581032056
23 140715004320059
24 562918087144318
25 2251650202693126
26 9006989642819110
27 36027805461130785
28 144113822976884130
29 576454203542473809
30 2305834200737665176
31 9223328917186350551
32 36893431806449911876
33 147573669430791952444
34 590295453068209028572
35 2361181386336900781762
36 9444730719415892551062
37 37778919734298573101651
38 151115713454469449310144
39 604462830651556753453200
40 2417851552834486074721568
41 9671406041118597815813061
42 38685625699966099699424130
43 154742501554065311443161399
44 618970016457439379440471984
45 2475880056751905721748682841
46 9903520295321720815952041006
47 39614081115436659299499304270
48 158456324917542330576888132152
49 633825299194619449949787196778
50 2535301199820538339071287293644
51 10141204795862568232145215669395
52 40564819203761591386820678584282
53 162259276790556322995350973596106
54 649037107297904190308696409492234
55 2596148429016890943435512286504865
56 10384593716974377513828064243417282
57 41538374866655307364187678361673925
58 166153499472685512673119717694487504
59 664613997881939457086431694534375267
60 2658455991568338279390557263345461912
61 10633823966211162895740033736414957280
62 42535295865116387585783779866651579276
63 170141183460027391927841967600355550450
64 680564733841930458752834269936750204986
65 2722258935364642653873109302080914050043
66 10889035741470781230864413157061967515308
67 43556142965861536314415722788999170926036
68 174224571863528088909478548122599324143236
69 696898287453961318853222667551776811298549
70 2787593149816395603680661040300441351975522
71 11150372599264527818924624235633255082423643
72 44601490397061810060716254667758784176453304
73 178405961588239889946561237824232969708246293
74 713623846352984438436788223099785204556846370
75 2854495385411886608703181412869521851683663378
76 11417981541647713899263550425727585200261297240
77 45671926166590500259476582266516383170689091674
78 182687704666363129124126182417574115066775927296
79 730750818665450051186247955168253474933265351691
80 2923003274661807809408079289821870390171862998038
81 11692013098647214155411629319517787623921035842382
82 46768052394588907922957192017889845957933389621678
83 187072209578355513468100832916719321651483664161665
84 748288838313422400193821987626887530629574009470306
85 2993155353253688783451711800691139104061124025562201
86 11972621413014757473308162418789623496484148376537512
87 47890485652059024248407716866305082039186344904749455
88 191561942608236112807937379721836861201938059162512876
89 766247770432944412281623613811671732870828755268729476
90 3064991081731777756093340503928598307483471866135554716
91 12259964326927110755838188805460424473881905265250226338
92 49039857307708443747303854198331250809752864112267052606
93 196159429230833773139279108501170090752196728844811716035
94 784637716923335097459629954081642908769993728052153676024
95 3138550867693340377103412064331847831801018053812577576536
96 12554203470773361541631095398691290535296585024441724974120
97 50216813883093446078912401490141285485756169317117139745925
98 200867255532373784540834831305613808811326632801287291893442
99 803469022129495137560970948053074317669654859554784456906271
100 3213876088517980551771196864720541315887569800542251479045984
101 12855504354071922202945557361494751183742766679417693006561009
102 51422017416287688822146035148734646005510025621464682351751574
103 205688069665150755260155573404091161845745961172934379166526550
104 822752278660603021110978458458157122675209796147500881388237272
105 3291009114642412084248755952603832767659575059325252548969386186
106 13164036458569648337472845330082876216309729638481542921807624468
107 52656145834278593348552231247824211922119778291959603240249885091
108 210624583337114373397455303610719352173884572565942177626197274418
109 842498333348457493580635785292468840956896399355285998998510085778
110 3369993333393829974344607543584250969530014136459351981129490158866
111 13479973333575319897315449032821708437397685470448231222010444242113
112 53919893334301279589411811139380501583495113613685722603097252050818
113 215679573337205118357215551355840741760583184774554677975763248598541
114 862718293348820473429882480319921378522927433820282758467690824084000
115 3450873173395281893716571873244173788070747611537257261093235582411099
116 13803492693581127574873228627764028900097144426184017597451167603351872
117 55213970774324510299472651155447149053240616651846267390230782747093544
118 220855883097298041197937839826955294616292626330082615044762533329741068
119 883423532389192164791612586751388148341409281333827073955864845994303954
120 3533694129556768659166771872109723471799415554754455269271879019143495842
121 14134776518227074636666137340887942884142043562595876925849780094697544107
122 56539106072908298546666738485018434627512678887052535658754273680188524964
123 226156424291633194186660449915113362923858861126167728443520138373220351260
124 904625697166532776746656707794542837740415971659931825659382239641056818444
125 3618502788666131106986582318389782860579510385928201883994796185596189923445
126 14474011154664524427946430820809996044912246290075397981604709136039062321314
127 57896044618658097711785418699990215728690097503153389733359822321429081881219
128 231584178474632390847142366627593216210393644572210884757367163495945919596968
129 926336713898529563388567382727617083951463028486986006433984851725209340671725
130 3705346855594118253554274245091936077526171262990675600693285610387765333144714
131 14821387422376473014217082726584748482570484274748547724527683546270860471437082
132 59285549689505892056868363034623581860400595707712343821460189324121843831623864
133 237142198758023568227473354651941233978156526636067719941976444983848522159247034
134 948568795032094272909893637603770255737706236622270197683720273571840592371729672
135 3794275180128377091639573883759832115921507368832428986261289595692015497662632795
136 15177100720513508366558297027995918905726177874291643466324156381555054503398759470
137 60708402882054033466233183553665424987450376111567530049048204981866558856314210966
138 242833611528216133864932744393911181629560043636624223571816788652635669278888235062
139 971334446112864535459730946411221352787157833181150775536402749827993491952824490849
140 3885337784451458141838923855057357099589150245630527603172725074423556363529162510114
141 15541351137805832567355695207185740437525231405046232262432720991574590785521025031393
142 62165404551223330269422781302121233835801352392204646991728133145678195659724399728952
143 248661618204893321077691123752231170295951741042901421318207716764613012917289510963143
144 994646472819573284310764498237599952763203340560336033327073763350884417478798568659860
145 3978585891278293137243057982997086857382797938457734936557820484143144831839016595656908
146 15914343565113172548972231954011632535199621016365550471229445498424748881880519194483932
147 63657374260452690195888927748022307422669170530278192243057887930211995039250745393209474
148 254629497041810760783555711142326687828614894890482628135195661653652812605857066833172582
149 1018517988167243043134222844104440822049323303498760253205887253682768047691597068377137587
150 4074071952668972172536891377442729840383208625500229885716542255030749486420076849544768432
151 16296287810675888690147565506594318233238763857340627834314345943612067771898846120439127328
152 65185151242703554760590262033370436281948479557414197534982963880623961584320624399863539760
153 260740604970814219042361048111776188937634732595830344913282449469303277707945993511544178373
154 1042962419883256876169444192494821142582692532665271727835147993628861847139848919181316212738
155 4171849679533027504677776769830979962565603031033952802506582843991230967757302851969740298631
156 16687398718132110018711107079649523234098085024048702391700098530479227675674482994528120962448
157 66749594872528440074844428317584844574535659692082788700465016872437936545721936103845121252873
158 266998379490113760299377713272561334614893474188028415199464730244607207035483572789149476737278
159 1067993517960455041197510853083322939967404379550601868197290895561636402926364440811036311498078
160 4271974071841820164790043412348455464281388806994803666002979280889294786495556412487318444068600
161 17087896287367280659160173649346530864629708093490295575381369093237135528757456543274356600637994
162 68351585149469122636640694597489612982360005882234840575901171845324270795802714666245400095395548
163 273406340597876490546562778389635392075046793571284080950358643015632010478321462509594241868924723
164 1093625362391505962186251113559247897238343741249322847018936621688471459855798259000016330962439690
165 4374501449566023848745004454234784744395763324774536989206698652867043249261546368730820888919230042
166 17498005798264095394980017816943959959777021197410163490871037498957271480697296672890154624608491034
167 69992023193056381579920071267760765231476675914392770124435562809804873737488909731495392954413580129
168 279968092772225526319680285071075967334434922440227007114084633020768676890678750730689281858777293890
169 1119872371088902105278721140284200900209345422443526334928298731863832930859699037233224887158228844501
170 4479489484355608421114884561137028216741593191587849684714240385934063082938227855716662869558654716656
171 17917957937422433684459538244547409542174306940518158186667673622344123664045262894824174671812835083731
172 71671831749689734737838152978191171423466841194916216370829246020974551171531631320424802143901124574184
173 286687326998758938951352611912759881796536817561140674170915531307200559810534215848061155710303451302256
174 1146749307995035755805410447651049993669551077014668460938444628894102351576053150278935872114950973809676
175 4586997231980143023221641790604167163535708846877439904110481519758725994300404073762011943956151078761650
176 18347988927920572092886567162416740103583647042642299819166270854495741347451747066892979036328434592792202
177 73391955711682288371546268649666736315447307157046940217141049920897861508046185183889787969594756927377371
178 293567822846729153486185074598667433023249430900770699873015465216907544986336394760953870298459442514065948
179 1174271291386916613944740298394668201535841521940957242165859237587709489309745532385010678134475585983762788
180 4697085165547666455778961193578676136002300606365134578651792992725425531260544300858958936481617375167560852
181 18788340662190665823115844774314694090751996185093138519809695914186859970432171340464247201768811714411946869
182 75153362648762663292463379097258799095815283854511698733894004817867711201179774527016258946782612091414361314
183 300613450595050653169853516389035124991742720489098857519044365512010978376378774332201729510674605266181282347
184 1202453802380202612679414065556140655165796729052837338797415458075941896274575376137715692128475163984888232728
185 4809815209520810450717656262224562133095281720727898680109013528899090924671238686768430126099015215824724587845
186 19239260838083241802870625048898249591954959799209883235186002588337932591526134082143234096651928401547734360562
187 76957043352332967211482500195592995038023528117758780044449538078261756945666158093058340650661154491137796101666
