1 2450
2 24714
3 263824
4 3014066
5 36988354
6 486098916
7 6775415354
8 98891100062
9 1492601141148
10 23056819353022
11 361731238517094
12 5733012694088616
13 91461483262635158
14 1465335021701616410
15 23540870449834141696
16 378854665237611218914
17 6104019741343347338914
18 98418769109396442509444
19 1587619037972811278235002
20 25618196157980970801161246
21 413464092155179087765043676
22 6673961208826539701750979902
23 107737393449072168277523336806
24 1739295335423739575715388905896
25 28079924105982128055535804610134
26 453344978673130034608415226211290
27 7319280934327431422647416076372288
28 118171412776357521266763387652926946
29 1907916319342228642190870707346762530
30 30804070442071906902421838286064586628
31 497345430357737875089496525525190757818
32 8029878399982002097798427321801620260062
33 129646363107603243890832145043069137164956
34 2093206418067467030800392815621935519704382
35 33795899241155886535869230099137451996624742
36 545652445925514480521048558687497638910511784
37 8809845758435362387827981215309964627890797078
38 142239615126161406873998653576868831701499942554
39 2296533975120329865367517406776618598075121999488
40 37078760616424287463076758110496729990214594415586
41 598656306448989246707928826412932752581406480976802
42 9665624667200664594938414635090802676761165966215812
43 156056657071385962831063114876216839309101640857969146
44 2519617856906461999217947904219589594542503180528300446
45 40680572775611912481407686771299443838908340705986365276
46 656809525869678331267613402664651568454772468454222375230
47 10604539840908489206545501140077879553371727875780997948518
48 171215947791984080415740063880148155217938873550900444170152
49 2764372736724070394732840977516324109708183707423501901050326
50 44632271313124465956576575376278578990798781551771253913101658
51 720611810911301176764273345100474128386736607470881095380051904
52 11634661803353794777270415918706086403808498155822107302204145122
53 187847816627891394539918106930184100734208803708831052761173501986
54 3032903131583360769300334120979603395667043380486249870917532424580
55 48967837751844222448202540205137564757143946782108692732878364176954
56 790611842927086007576597869792344596101542543839008881601335212898910
57 12764849642264184585084715427080736921408570009513490689489517064396828
58 206095301825903542736447920917324806299686083805501460034723290736494910
59 3327518507937055889329227986348854928001600833378227786108134961350595942
60 53724560059021802254486660195148121802661172853582777815733048093340848296
61 867411660274451129081612525494909030421717671025435264670147603362178866582
62 14004823632959142155405904666958624357893931914328998135062553391112434210842
63 226115342891591316100371465997317207914368394310878098815967336814885631501568
64 3650752742847751839502481219466758287344991251995844259922970656489790919181282
65 58943349084563683035776529025392317090265824528753566953460850780155719136051362
66 951671791006809179680891922829656114868181081793191248704616782212404069487819908
67 15365248359055544668528404532622653468301218161654172096094487866606201822623956602
68 248080125277028353805119852296840911203355620613153188777505467942476790952605540126
69 4005385862911642339584484798137580834092636635769497057302527705269524781903445075164
70 64669089847084404376234264792785951962593745209620690062360581566220308823107974972734
71 1044116927753574478518822577174801081729606301345391931439398861797713193090226198202982
72 16857824370182034636831383704773288978350898999938688731117399114396372254080668387288488
73 272178560601781192065777350401126407428571892046577967355115645260071442652841626281426262
74 4394467947020183554365414351359859686155335683506280781340607016920852141071696527900487386
75 70951027497137689980775846033496639024696835028021165126787141914434356010197459926482818624
76 1145542159731347695785874486032277691690090638824125596082153654152839536770782079294978678242
77 18495388805678906182542556185929087006503766153646931556625548383962609308684899308563333829922
78 298617911324590415070252672918821097007690197106807575988915868778404932353439495356456813032324
79 4821345358064679031348395809600990382624018367380046002305490001754325224724379262055201209321146
80 77843190847533443982963646605398105440932146511732207873715617691858319889726762808800290914787294
81 1256819810924699737660525443667463880061670808605769873139579171947937201408296313029006744809526684
82 20292025801288846354582832597331591278342048786962933378472990943875214477293428423436143284032789822
83 327625573324800937364538183405410974648331670758091780786612848240361340445597664305570766062166442854
84 5289689523733356883040598678025209190686094339038709337025039870070693403264931086312043122368160171688
85 85404857055388843759739579756368591283543525030603917728478281106001173838599621283010793126841758978326
86 1378906942633459507710973511958119432435961872087556885146507978533157196093135091133940102548466848344474
87 22263187621865849310132915736392588376309632276899761784563342598112921092421188992742331702438806369794944
88 359451031655407504696162812350151916904406532939318337209302779680916901705601099830949635603320665674157026
89 5803528513196272884634900916372160383525016743481227438709947875307960213124408423422440084076160325195474338
90 93701061444638796207037059629043229872717089892160672526732856691700181810828800364545660347353433788623535748
91 1512853584829978298453901019748722801166774084897302848971206899222825132471567118121462361531385548996568255226
92 24425827561037391405474448433971729643502503843960613063573701878376216752177310673953854766366274136192393051294
93 394368006279064321789903279266861566148734367498995568222450852689532478703582408938139747032938773020444573413980
94 6367281681158267976776422592545036430851782948915699688972462019879362665418128425104434506763803806058515319771454
95 102803156852751808608315670544408588815445084283239189800447711030225824532816945167027809705448620095560132789829734
96 1659811767110165664478167520967289431631731834979207007835342760445863576737563057193609079962286757474525477490062248
97 26798545750724447338133976936775295859266205394645742522385748211881573470872843606720931106013851071423096546371246294
98 432676806240526674328571636847938128949944107843277505835487096415604869185857991088671496007355912112977540753153312858
99 6985797677228116760147352603068689574453937255108229755471119703806319464603314716266446991162159138565011667328474862784
100 112789427312257837057637458556527123576627918731606412223517096111674622309672780028575034716872067012148917663120137522658
101 1821045426908902325752938317646730662151538364941570137750010680219777718698654823266350606292224303906851985529386066571810
102 29401749134561165326163002865043604901836770839567404022893009037916686316979289997363179007834145406883501651396366355570052
103 474706912522788444494889432854970055194104538875765641518284868382156160819595822483609992521069302227036284396829700768172858
104 7664396147507695661613941623992160692830690459088514962035359079846149779063348157123298756694904725133736585684041901503886686
105 123745761345134896360223466766446644318382681200056625985770323255600858752716841297275521630798714813108442699640136983423269660
106 1997941280196817545266304523857551218490137234687613602598925415894598906706346825016203486547446085025748637887661429665995301182
107 32257826981089044536519948544849761235044235389463196493108808988570859717345018930828737741483419028519437311789455059590671876454
108 520819811801160574656126777586467963096163701163811688301189176328091688621787907101699638768338573697866817914625672402218362432680
109 8408913487062129394011549562570881037148551212017727072538360042620846798110080073593945345826523288769244400675695973301037647647894
110 135766390660828186137553000311638531290226306327666826836769001222227685999408596068215203509946477194177233281567186264842945774619418
111 2192020748153574861532289267109728620302938016939591871754002038639331686425275944724996522555884718516257429362588577262866234313318912
112 35391343446254708364805191302287241188814741629756524192278194456087856803411077682503867070306385880898545320530480385268219470584931298
113 571412105467444034603960385856651311384891076390756501507225567251570737606062789028571851432002722991155901314940615741270602059881659042
114 9225753036772344409599644322871562366143780837224845360359880491581118737209413507944042362656310619407784692377302699371299896440035512452
115 148954700611192247376740954848306688930866171374344044358053907130539622127918673663208069583827815479227384816057623476515675675896220944250
116 2404953042394930203570006657785733969655023951558398194252192054840909696714786297553724316871509152591062284815346363487949730021002308946462
117 38829248841375902135050196369529712824372288730943429381395692473048411682772466747255854088854432898081395547323712707071854907827362828677084
118 626918920663858276450152709113498186815574907833712117928046046809214375005885833702472886592153169817907323469964047909951835094403894586395966
119 10121940156296112082587478732518314695461195617435451253963299523193886487374088145931440993284148354203695260219605897291940364412207047522731622
120 163424119372803914863079993069272168430772292626754181709926316290951124982561598362217881853624232828275943816218114012932556162721297803391103400
121 2638569521295157469164916624064693504978504871446035470311514342761287712943465563159524341321550415780589015321528726531174159986666943432964523094
122 42601111423619761590467178430546717910553433893971531894106351656413734040611538842622290158306028383531788588904785246929429522310362463235944804826
123 687817652663869921381029616548887842010873015737007124028755197838747022050071652890893239715663835643893680992379462050010852754799204941097271780160
124 11105182646801422157736207557675784941591412372822188414480695998375953658209783197138367574058618621401116716285380374065591363671833395763663763607010
125 179299093504201263338245434860536375492538173714969899409184054135666929298282941671092638265098873723714230821855022500126993558050668197377281244331810
126 2894879440878696839969777718775172161545151437195631238678040649864249398462630115549398832649017688753190079830262117323227391937664949615613229220239236
127 46739371702544564309404274917100141971543391230978378950670870526408197027119562778420923193085419479882811356955975450448865530246746204252938461239246778
128 754632070786868674644986654950085308877342425130105622436346751270015214277938450039465847678484310705522799404194126744509994480936311441398620567402019550
129 12183937043147603175892687353768984494958505441783169072653208496082954119570309725333072652272787353932801355590898623921161072919560945438683161607653675164
130 196716158268485166176270050686620322367109425893988931052777622517428510215021277326444456827841277896395688311823515689139171278175432754679484936148715787582
131 3176087235749097612072285943144731463369548493543763470105782015409434378605383278247671400164237655059038556077699557158215474777813607189834922630736178646886
132 51279621449909194882047302229006444342245382140967579374754047362684098903222041854620685328756654470818778023172822409000988230841444448849876237933223626244776
133 827936823160268676050790273398701476709177999696363729651213374841217836025135988340743296333436498015926792713441514126265463859740247390708778390312698018490390
134 13367481345670734113771925741133160606694347946492761251350160821304945415758125239776210417023376891412165833243836595683534808571086979373902171154946458648378522
135 215825111926764798073290178234031240906131624663371599601061446285156003042265834997983956110401241656542636062274581662395312795396710472621841346226141995720644736
136 3484611478682658666318878570991049429920955358275164196185764563085651851198150480738361744731076694010057458985103289741570099417008088523803721729038576997684874210
137 56260909812418973856855041220689792057778652695762204149152936943772412309077664796155449220597154643650799449497835212805992636160781574799179926720657938533963349922
138 908362379072964795491670223666897754688410922468176226982115942157315722294181864407801812933970782216459006623170899527461110358509905707991669639884360106499546329732
139 14665994817114741809932986493992137185329546309095271716244921681411849777245768587346000600642852544562951020997978071279697520089859086903444668350082948758632141583354
140 236790304102146345005477628351726402963986871098992999886079436938481419594624813949389980270151210738577205209182225683117954062748983858297271723626659262790661628102558
141 3823105681951794877522593277746320372469868193890567404870238649977044075748883628670303469548235381253652973474724260695317979401124354725991773021785003670678523532402012
142 61726079160179654953191964942879532262508326093194616806475117018845577123999630517107306733741272626237926404279049173002487714961106687659750360104448014049482802112477502
143 996600451427648068910109606883360762009593808720863759279976163666008080170894986376229615535498103123455802490621204146567473024899726466715701397382790749701499454064630886
144 16090645531014498243781998171432267365682917678811026433512166880305543239276629379034306736430886772177952799104341481878887285752550458370250689538128100408166646983588847528
145 259792049295046200982313239116060506003636397408301978284447755795940856302680915423879097126414721232664960918775956963121393044453904045498224189227273259331439083175949778902
146 4194481119283249884859317532069840240299618332048370169062846539148350516137041113591695216752300839301598851722336690795467719413336997489324415735516903525943385466196707158874
147 67722133559378126002507314810780890646383993094311146580199791569871472700637937754140189878207669276311779532714218749631049105647199390174101525655252605940385896561939424330176
148 1093409945928651768590946433897059265734026470208898046239045459588755027161604091265627444456495591519408362789362499826981822160519129827948485900592350168944474242126973117357538
149 17653686424504838840875441213045389984577672775741865979422103459832862404243632820969882837123625582934622247292033707009761229766225794782307034750899654358281780582178622899420194
150 285028177706993985346769159417603187883578986635066376766317129295091743192502553313716978530743071185165573558327088640548416550541916959370707294934609739217505761166250744661008772
151 4601931864735069972950627369414923298369696746104363370257647517188422579139055067521141291949546211041899641764615651383862764300132150559422463519843007346489542537075276853050041402
152 74300643038298247343624525987755056503913206024187506579689993566706303914359827157040520127535153864538190722876124323735226694586437125220070928192297152206366550507814531185734332510
153 1199623488172273078937901065310815285175788332409448925172871318943307449172016284075905572834545424076420639764629584594009413554409511649793867231902105391542604465075091110602778711580
154 19368560681673103152565302504856217055566839871287233631780551270323792091625037972549372729654988793178376655056953351413487563123689167622903129894213357018208213905316123277892520114494
155 312715736711034420389721540606104433014058044256088591326165587524050339197452418509698756068261566900352759018086528614094125134384229052889131905442460131293659413261397627255467411336550
156 5048962263843219454537236510829276558583053661809156927059213010965863272312293980219429343747058517846016555692090160178207852743201985652416209026628034307897659057312034890642608441510056
157 81518187123626585416904733764238741256703471425908162648010362651805231368371868986384121445918947120628312507285300602347473889763549649883461516881055568760123349838940639943377084187659158
158 1316154584776858349157903621384288789562827642093593039125873719232169468282981746251192900607593854899419214041732535359501820276452065087616653477443081793850869135185285338296246996083047962
159 21250017353821636462870122890812386679114209022441358301006643405385834398787057780084836020324954871572175512134798862959595468621875926861832539605135806547742878796079760350001378617640836864
160 343092857602497362750838229442643687365840763948595765557821200142981369998795296840014105912297946444033031545577186615799177787750297603327198841865429486256346377558965478676810579808392741858
161 5539417073307843399709292557694297590422430286631337892788100196062393912842251558122958472105473105712813529081654284961417999764423354635628999105791282213248651969447718994047093517952709309602
162 89436841461753230799391604002182455986763766487055851020804346830788904785223756697292043495455676722351316892421354000349352836845141660853705848987647649798918113574864117532739892380891919361156
163 1444005480143100650311499711575914673494021687989739068737670438273365159601550949564246297558847783028155303021601991321407007612274481966658828855972822280316653224409089587511885013008641531039866
164 23314238211050878115471961195685999883497985563574142493411779530120008269647929146134681367756576376661130661396897432614388457804066821477335939636736914581131841296765123781670811045320345691321630
165 376420803685425617450233603985882022346697052499196641100504328687765071728933237912353266073291773233564433639541275658070443355459921730509194705031879873364856441546107900113016882937222395953543900
166 6077514528440387119566231352638107034732420870765201815661819188552849427557522349657364398137839177147503561544498457181224714707364996925479111058668995800566386855733528588816357256088011930503386430
167 98124711710332305696794713341509226675542127239193920885872460941185247132708389925573782622330779487286791269860518576078719216249502410931484398987591965859510176535190014631785483147082554797968982630
168 1584275776417877660352674744554111068414316900448795632171136485696617423974203713700910563697287022332209463771921774820252131133634228494245546985520993328953459022781222623976456082871200700143780691368
169 25578976916170437793215853953899581552391679512873979906183155261792686852487542227166947010420233867084336410729180785854132886471728594116969643828372521217891859426010621989457988496364288602357452639062
170 412986217309556594246237376345737151625225059942037400980835925501595032569951877173943406455620592015288654980310737639420919950782902121722195108268924282417931395524785695844477983351644444782859207374042
171 6667882622773458994058404794927328261304431440283986775593088420601144834901092862010584615748463590815172036434274534017571093676027770886833523125652534996905207182267426168269569879178015729007088758943808
172 107656519291922221691988627477431940090923464747556844980887830500305439987692142190768216903257854715537944714983445734900975674852783661123119535895938445496227289369399408458711705013024958322731365398674914
173 1738171890799012450773185725404687364401743362737054122790778089795211090323822831032125676560923032299832153496348817302284137463990549405557671607692395885787938218817391754491932114108572555072403379646294306
174 28063711717925720693290947224154415138651260014874748354595553574208804476398561865473170861758034211770277138292682129945108923373451775596987645625024469574201605508547771884581349949719747024879768515737549700
175 453103585183860037784836724732482318869034593488111788864772338247190931023454884480395498962377928873057155336729271179261859003035825329657488613699555583577774760634077033944414218162898423799898963459301292218
176 7315598911862044490455347837893510184278488871028225674695619576135163387232630989251679794065285696659156038100551953636147925964691046775682395253106466112100546456703050152721623313160898258860393405340870202846
177 118114244047573889797067361973512736093043560277726165048790870739712537901957270128499398358698200614714034933203750747397908525606265703240120625117415206698893381044989937908226501950475587315840229966254230997916
178 1907017431520024757035094759699799801875451087891127327139491474053169877224626807132477671380332373587809708502110943681515764753245844700073283530713537583620374426764023392718237406788772710107448991179638267317566
179 30789812976802705897813903025428261319302468915177308927348001140884285913067275471218325004850630069847690543580885904217991648894415073818225261181672665186489728904226635885624082106245184958582711165255018364984166
180 497117943169956618974788009857759906808903529480013923808124646423467961295775456600299256921625771971620444480465135267574977502010836607312352196432253412683351194115570433215067938515106158329662008529459274378395304
181 8026234183615052600910110224207447951543447298437646934700718820088486874412706943855042595466976439459539846078635798750273432637872769735521118015918040499786199010469050650929237991984809570280767842442199470981709590
182 129587829317612220200650801820833564189379314013578062936158521430739771407387971016458530820273213524455921878620837511590659521281779322685106662393467981813934191875665341182017791671023424639418071258085138757861937050
183 2092264581755195029975547544602809437630771802191605617851998879881161340007639860179571266448007229909729152778772738788028255457938621032811774005220850513462959120555664629782775062514063462661557586443383088477672863104
184 33780726964243451415449742619104194339994903426888626987628176026751332584094960913935391521488280887327062160668701413659128793162271584127636164123469470312559216065812668342942820033975899516599310087020069450867002854370
185 545407843818427329159723256591515164883182413236840029411438447899105608768723928965738421595746772353085501288224433110205134201214495825307075936175403478897588863073074827167538836567875051091687004365093033523877477685666
186 8805900370750890666319820978705441200661467864126619450585593599238003676976434505966354268259425131221762179225585053255481799106174765882219759960164181616046061003684511876324474410679829455277876005569218760892069433042564
187 142175955513771345146290537728319078506337365872971505430680506298563209420270053108338578028585432345937528061697033584700017699767191588917444763185610346253624200858746800771717932727278776159210275042635556312485804850748666
188 2295506589354043996202553123056689218259205163027478990405422337485289696366185667663773444852445354477786850365421165829764123197961684133516573258281923065082046986863216372025301901848814830527909126139665454762431029846430366
189 37062177516066980361079431525796108751481726361001642866802155594863602163926400589281271145513165950799996810928429121291621055553862146732764694444435266069298679281421601679134776799640128316911284185383332399171376399058782300
190 598388612170786023731941909507564647204439090999567066376550823197218776127019763878422574722481611998528108098812179399002351868558716576463818292946743802574070160970359888210637378609603578217528456639665436616897761063179706686
191 9661303117455832160926893214236186214253074767045061403388769494579348575762260994826424341184425924392335729749877370131834696276904175646041876306758346450256044246796332363729315859899230640486517768112978672398940086607851157606
192 155986888835914879584956268979004877772761736720053040941605888086645966050288351031895422567565935174028536509918040675784328361656892650609470537657400892935822315938726622029712758550171185008482449595525391429692682709930847374248
193 2518491469825193839686402663555734314960659867319329678882221330127218348231164313276373058660256938061698662862555866681968826145128864063909935015737770115090804560153758005389751088792299227625657943496252563042622313609318711994070
194 40662387274448161890163928226807251061329486161048617212035018400580552843519382730832642111606390432554553878323567078246371781002843194990464803548451890472701008845894928443037608883686265650228244637320777051741872855538807214952026
195 656515917829162567120094688438806667324852743298221274829160608988558043390850968695425630541197811078233200971029415653739126188876093967962774789468886805566379821187937739065810382548927127063085937228700575245161137070394196028157632
196 10599799452353160176618887075987752736698700435615845200802007516417674681111915092877598100275819110352750075282472490907839967043368501590212500430329696564293024798883008033741523419525920311608660848492754055000978054431319479759531490
197 171139412432865599279981260700265957693068819456572406778080508452214874388858573145369021445548088424964544290508948096422958785895146194749014324981272664506133565640225178739360145568502057213639973569406409080415299654835064145991484962
198 2763137040424323161407810454929014710533463626523206242457862104073130290706939434327206379926874016664897233358959911159643816407828326999440902205801812224656014716649673241061682197082941994100648931134197172121712171703199601398589056388
199 44612320421281737687535258831810380088147491923277594219612513739566073578967911219243885228095010790401842816285189328475822141441745960327390381231477757143706022909058987462276840386353105518135635453031593534056701364318350940338419006778
200 720289694015855240074808710254965829100434773995806812138313692848247323083296235399101271946647513842891793129666036964126197314762275753576337944685406894945130065926937760279888140965868887727914765623935748922999281774712678972342564481886
201 11629461063808714783560789314201634033525435955844477794562843262570631364014496612705636482330790029545984456112010749513351644768018465242143445753663902639404046724409194833439034753597623185262857911818104555285701333178038744859696998986012
202 187763848015942712148504926987489239343915013533547492016877288316126501970469953089528463242022982122846627300275016997275536670138531210368234877497348567035558507678251330189827186041091744066715638905212609165060709690755445621583945131856190
203 3031547414649302287283564572085733202336224954759075832709929035099641553347919160739765306117894872295584156554609271821675657715533978157161203452130783074099333369958633907902223581164106468453568281716713595616133960041105413770181644667935078
204 48945948990598752325669331135666723615806786185755554566003180830300151998345047475676626647527713680751423988620119716858465844893362047518238681765172776007902473408832399428446802714323781537325491775230145047897564394674665963891886559622784168
205 790258437329253135929032470780272728559518452529353425005480050902595143798674203718551456953144446363315197246431453361395196113555925029092441144864985095528037865489561070952987776790132577630334639825125891955441499527048632822083175371761844886
206 12759143721782265913416356401599992023601727738424347599642321496323650839576492065855789505999013015074446344764929955650543085381668932662110223785982506664376971174576512984986307411380782627556886424934694225924492150044687282328228092867827282202
207 206003176711757928795843121347644380155918452581440151302601026412482747923634900877794479297345188258238633453823409780832573627504734201933886238205926163032394000071276761683743609888758871419347490152233873043640698814247961701677665615704650505216
208 3326031099006061858368124081602084151807725924747431262711476344521181085094526490901582736905122154000978202420998049515759349518256292371166332138994274658356178740545280333490502674022783276775132223837981815250847084371550531998009721217211113628642
209 53700545050498070668337139518539116930934664415831823221494200795284671064815058173755641984597968972982811617019186053828583100686771331862658858208823842811991309669290446794362144987493354267595364517098952249598317857300039437512594535753780500623010
210 867023925176869507975185417523031845397189835253719672803331718114362761342203944043251309279527281280249108890090624950009655565724794593118194149953192489485545655425119115818349008125795596215492068781497294835860951601976743858079167886448090582022276
