1 1223
2 26633
3 618813
4 14434472
5 337561156
6 7891330499
7 184506926190
8 4313788353029
9 100857947002791
10 2358088130470091
11 55132839599212279
12 1289022728657810183
13 30137749824993417503
14 704629890796131084465
15 16474464388394185286907
16 385178062888325122876282
17 9005582015414059742009614
18 210553287526281676118793719
19 4922800859976597461403031649
20 115096603769059550268529722411
21 2690994126315848116290276727742
22 62916273380132843106797553345906
23 1471001893810960911295128896587539
24 34392478373942149249903053169562438
25 804106761302453376329859255305967442
26 18800264306110917508755314247075548863
27 439555983097477941534634445946847605032
28 10276954575260337250855896780955463225197
29 240278370453991875854306091193473502998746
30 5617782474879065551193784170634930406798075
31 131345488465851397711931725208867011664158253
32 3070898066537273651033306328818003510401811330
33 71798544778446543666669701759449405902938553965
34 1678672141050704327879289391680769131678187590565
35 39247872861981501893138435022310444671417369835228
36 917627383287667468711349745477110851316177003957017
37 21454411491814535629270777458001158136204274189919104
38 501610763631501730760076002226722649128856943364777343
39 11727814500387293640897902106768297369141662232661113728
40 274199923382299394091915951413047164933805877644291097137
41 6410878853888417605801905070034058262209350978351206798309
42 149888326635056912248264512177971295824888752183914554216690
43 3504435347086741981488748138163746798270723336462089610843981
44 81934780230167659636768945448183998693181880413088377902677319
45 1915660454956512850217429364465877029950384921196236425567188195
46 44788732799127256975022253133053652698211094892200329185754726563
47 1047174399075412537888528653138212719643175344554468516387151960309
48 24483260711951175231769977151112307790744848353215636173765850581355
49 572426193400669505754629241369912097183276384012767180909450733341951
50 13383501109034554447745772794660637111925559398898399527851020844847287
51 312910387401080192350620989391853190638614499859840669220942414781363285
52 7315941452524542638879937886739049302676593857937474096448565696813890744
53 171048969582983389914771531521386591631228551019207072739522436660085990689
54 3999177711476119353700297366326019679897323269696728772406337187066812630304
55 93502009436006906949368032899990565081523067796904893262586367685373959183501
56 2186105844579777756103872502558296274562412803048197278113267624318642733510648
57 51111829494709068031942776717856414771091358937934489752417531219508865030487724
58 1195010351751006711308171873752689253069697740425969054500874612746911112916513298
59 27939710922300128165605081200155440888582000161297702812209249083028966447685329767
60 653239066320949512479566153957297803893784186504542276602675598897568346534258821209
61 15272931024754359799662583192443747804898924346105930724455255237951804228315435167636
62 357085842095515046887456584290569157167631414520041417318377750329145550172137448927763
63 8348777220193980493735508284698107652043132639657805810249237034532025356983258956790002
64 195196988666343368297778209521878183565705408047442875143369191045135400829607429383634966
65 4563765852111610162443597798127682011542544398929756266826352150187369861372559908684992977
66 106702254451793444496337935880352335780018756326203245239486742913835301363604352862678984403
67 2494731647949767897076320792222509515899365148557361943391668897614733702728577768249806163542
68 58327596049940417768403988926077764051979794537910467682349607063499701418565024648164357809939
69 1363717201311396282347755747305674344486117375459580946412459654503110246052726096699071522809431
70 31884129144638167576153259879107058874192895256876020391803411347712041539322652702652479756987621
71 745460781996714941644083143692183627186196136860698206398076436630983458323435729027378467785334983
72 17429103205994437215063410503123401855250743478166368684338025729543386589127750661891455286367090048
73 407497813300853463042481885611904957712232246391134452221481075441455717434979899288292502255475724828
74 9527424669094028689723849387666314020751196506154145580260234405143693797147050149176555947536881606117
75 222754129868778242250614618825110534459030437642814803623326347800416447439161731080519325747751961481898
76 5208060320283264572955496303381499068065908772465277223983527371315098684999168748683961415135741766191265
77 121766058010629821011135655493901111862405544315280665603566248238552175488581204595464746184894887434162405
78 2846928025334705215611759505573201498907198452883905237499903038373074650092013866013197129664311516013445635
79 66562056075828792944667423431221384327605056376563461635666388016066659864733574684849556692723418974219487518
80 1556241418685284328870840747572566823915584180928559059406508886664438793609143520122938082903371019319372938321
81 36385404778850657958589899548190381046174432234928729784883899014058780016365775090814771867286812352722069145814
82 850701995863366458276753760111010658082229016820745941781915946845019214238875407437481513367566170637634981930801
83 19889675274041989170144678872704495876723625943307054723400314243185928499272067139464632889953062124601528632478501
84 465026747827655888732794378521514732742377855392386221958794540813590223471205080918941765264812825878410405239418628
85 10872468917448538073269573435855578581444141411138870284472464904873567034832899668360897099314618763437961360218718577
86 254201679608964661025193668655681873878347430519888581825377316376711800152616393260418439638987697695087480925778869379
87 5943313741032322828496610868229673161752490335172968053726049428077475502537653428109677911812081524455816379931388246723
88 138956509959653022266940973287254004451134611858146921435070844156811081728793550193584322929854582673293953775383372062418
89 3248846098576194562148141692172984143113008382313703365844605002116402393123619487207250727654887564541109606299200686866811
90 75959024699875360948331022779521428185822410437517603237195039555672658225806715757129692738295417132517767238331404829665661
91 1775945445949217462674559448259442120687746123445290352120220522399961595280156545770803104939938290537808579867560149267971220
92 41522152758669374620693247101403810898140786381916749905552100550197788301853620722146017066828330053416056751549420191065611131
93 970800749339895253944007454717021881724894178496767789158004977033298912529493987010788642793101399507004560274216961203674251673
94 22697621204674363954176033166236050818647027466732960486234848882567846156504879394293165101207867679286324791828265738058614926706
95 530677390495615077427842921263791974397464023156267077263354560590899831489974561126085301616900176794490852804359427340772871882516
96 12407401209305529459446948746705536113444204517104163256820719258776461501039009277839247782666784646391194137024285912697158842409618
97 290088870424466165543194583596181083565611281332897141627924254944375117041959767062123538763403527543903423150470024361922067314226536
98 6782367340634491751457421257139923609948379933877851264257256686130071750170226621226855659992220215732578833253297998421651512262686013
99 158573842133261290375648370919009508907045819367849140169118703807361125465388899309786009045185361003057680398727246624791139129843479893
100 3707505380643698966140708697106504805517893069191590237231513816500985225336051013617196140039033991122255323694102940036723036501911964621
101 86682620302221985174150616265525035580599553905814831905251551826000390633974392458038454464955887766876992882184772899594030448704671455762
102 2026666421494073193793549404374433438796578825373378591405226549597711280344969420637104705191339155224220154068764042859384355221526374580866
103 47384086564193371599808752022674217893867519363115412454413882216598059789995535423749242511200339019189912188643008725495617907607222264238455
104 1107854571285468371141950611191546320952313569140330640818320077765024738514866284729159048379832746138203914330857950917690418012184281309854129
105 25901981870123704366701275313458406800035227392035015090770121768022587298398441417220137674360049121941766123814977678381327519399768921004170339
106 605596332036381041344389826455577152897885705044190995258546922475721826519748236862306689514397625608648251444662552916783315755914167331601844610
107 14159029189922259050955201338418461822006579686490414361923632562402057937074011776223806617654909912258897668843761105349934144246542202373352213658
108 331042473336887571269537439068378180935485437325453223980680052609911691179332553786978504159325886633456720270885260103950388683417119314214471144110
109 7739875219058406630106961587168495976765154395823117551628771093501831006471765810644673617067165215761510439335766976799221544063117483062048612067831
110 180960671912425620271097618158484813489308869955492568011439990702838749900430445729247176431844474835758292307432731655539473395928813604896965976120220
111 4230916371669923329895087948144746123836309432618121193518869996710778194950657903157440620635904883182661247373889210936275544467540518561039136138596117
112 98920130848803755054416302245189236709351473164551519031767620161496920046835029011329299529355510128691234958259948605479669483229900236785718788309569684
113 2312783195778999927098341418443134431332987036461140043311446919074215537921148863696070309846913640904590703819660685596592821512406592896629655070531847036
114 54073585070903787214673280312912908838204321116194234604733237473184896208320998859449685176562976866847676112052900773328916959138638309959009087645527148580
115 1264257111413079398889395780847796420834816285488892193847254937617784082030979396929238245194921371107068561776009334469931829684526586076187487256147316351759
116 29558721539596794880463943749965305942034505475556940339787381889203825791914280012972017357409311571742942244858210361127851812936642807816843406448795049948669
117 691092034340115832477971688584338094130688985427940996619728506447746638514805157008169679808102053715271007181654720928535290751034886020063149847022681652751154
118 16157945102211440475841446250130825937777245067292717140161437591829088852132517906492563741847170516515455049893277840597451825408777173426277784505008112458931662
119 377777744429319359753740140717356912157820843249479308531545708921540050856599472577272073346222220059737937075456777525176838989492588676867546310057194836538379589
120 8832560284325477330210313137666896772547727382825043155374740292119858354786469313548841146303353004613545412553449091128559662004815942329317236869186602357632687174
121 206507986049029612982754673300111279105011686646411508662755015308869625075411786623331073625325458947982460972561245094473747887377619894508511101227852704933811665848
122 4828220462611080092054391939003191913889025724319426140974587987767105375249570996505760169958742228313625868018796911039560806448330822843815715262621245056072649225178
123 112885284882114101020340564723551185854826103943453954218446641250465165932420180943938807940098803084433381125387266938028917573841124230158610679716988015066735224254768
124 2639292808105256547865046784522225433138135875084309693417994821354016958152181196390302640791480548487529113814398298361594501503924207604734775468703272270014772495588255
125 61707480600244508289021451141326617420889420914530714215037917179533948620903565202955500640282206160098694740806611017532514854040341529428947824760192975393194647838526899
126 1442739945464093620519638912747649103788744704327623461632364649969205536204312303394343252423230770481040014192206554035651868549490636017304985508281718591922953747596713957
127 33731705297161137911602043779376996315419008019944758523597113870217223780717272460167238860045771298288939816672234306793221917485657718348497511191666626304418694319573949723
128 788657682787397816136754955904062501895819222345784721954973889768041243178118737514967283707253520666801777318533220225444561496088044267759975798153718448645837659341269456888
129 18439060081315656051432572835106911718368676796950505886594599418225606573557050919421788315718791139099750687653700631116257256937920690436449066564529073597991291968699956140017
130 431110916818423552666480694528864501805756033203440006363473892491472430618200946658933834454892529731356182235037668012822231036553363500254684256317550107572230084163329372793553
131 10079506318673513868080141184171191257724325318867896074840225835677270415825463335554528888035367474708237107313630364431829549895490570499090623059671536695577349681694575373594483
132 235661969262935540210379976573008224620031149955350240884846455791299571900167969729361314227594500733961208878279172427619266895649506490881374314126635532483894156131689695476779807
133 5509849589954274108862050159342566511007389155109677977065523116207022020988977458121544140055960999319692833863641976193963858407474682463901295452923052040736713297860720282479955202
134 128821984297548682972581825703302921685094838767186770068585605234636888152616466976312065402128137751003789275407100483829818654003522247087117655592696590753651156589880974347876235804
135 3011897760079436424663139088516638917878221044699449989011517990501465296930523883411438420419744301947249203016726213286683119540290971133291837137766547819084849014302615943676644567717
136 70419099400133568012676119403760058046337414139884303829472214960342550012542006727825615192622593678750077308730079838652377772107419397133121052894483675358721165770198364880175015101716
137 1646420282272498551745665676651640420117921980880998409705755305583630739588187634788711465790953347636748215975608511563167565268169254779154146632123479736179320681544781808619418483468771
138 38493814447634248878189183606144738212388034429377849032041380186877045288424406415479987511224734510961657084412139762209261680687790737752304215129161243767827541745284662191915846206679019
139 899997264783237942304074587462403093431546478093751855884419976036253230098702861638959798666123061377694629800014450529482308503496099718876815600161678729584170203322449139836134312526433056
140 21042213878783071548054646618879396675738630760798372390967492805237651227723454152040085533324674597475681144268381164055181746111829951400082213813269988993029591212175765028933240279205239969
141 491973456193883095381251386417663212294894029554084194038664868578700134048292340406936405134154861696371944960400103471552885899156518811073742027803283932508087678764089713131343408679716672034
142 11502491277469722113231394366338189679275853902001854791602619048205773494533516746693318738069126741639836310173208586286995749622159350952155598393840955947195217512172405333029297980864003341012
143 268931796873459186231113794143180517578572153736679054807507648047198822132793740402988514201688909318343465991043205521753627208653814176325847892550714776892034334646614443459679476578223764726399
144 6287708429846961095291095377021645686267002678123581826794326139611012040189575838692560733902985421235546735691090364335515389385996885967062078862797393703735417069916891277757036210126968314678439
145 147008564098395253014717083485363153727949981447162211487900519969304661819643476422188785609317427149502959662128888483532860296611907957265917478268185477122171036578381117763442553544637470403213828
146 3437105610000112010255115005905814765657738140950387935500374825946054019704942395935717302697451504420219906721771874492748155010022865129260255018871261804647360090084495308331193375688635105254014350
147 80360590192467572690204821159876241244444228285875684332790190808117511018494088532583807711977916507270706916256746421737626189796788643166630360501124846730107768109333092544505859248751308190765934920
148 1878855405924377453294464826836217517325318640503359300464260968791950779503989031656671361953219668332656754418864117871896271035601740163217298295156996770710967215605325705574883316617529425006890842087
149 43928219391078380781123073509055998349837650278594168057782573949139885567085686865241439230688079837874540363192670284445047130045487503890913168508050709505869893605839204318352781359551867610869063042115
150 1027055329955701341946786646585420000081527758811064939259599456948707340634047847536450432097700534600909253485706434425998735142711339692057049544653991733974379664624141557599449126129678773394412479411939
151 24012870665198149203794036521466745120289647750488190881892118213452415193277310053877019428659233435199084595122010124853378020559643668781076358397384266520038202793091913597587426727591529498667868432355874
152 561428328898701422633644957308681760905679523971511396355521238629597085022912307926538876775152107244024440500966506726424794791939323954822158392034400670499380620583319986083968148355725228206564816942538433
153 13126367641950045861855781191889356611960503612377393681244550067221381697917779556533778228801573198952798386561777391513037720254121625696430665994799500333481865827137582756533415310584301554946961167727477564
154 306898527563830131623099917001707685071560279413661026115460436445395118631554252272227266904078836593035382100774319472589231205900175948925932958780102092056702712797640731760744646074308290691390695198026475427
155 7175382313675215520367664315775644151182086058061930497345405916228471579755898320883201328666533297049575711931001199848270481180418730706512667650106979883059731878541153397890495259047156087449637356046410941326
156 167762653526236865760309550554381777451142110112229204245838127044758042826126512085717592254984828226797794488758332690410101810538042916949600654923787228599464776425978170869339472403213174138837004179652100150112
157 3922342627587287427549702109583399564877909279623578147812528771744418691731889751519270782117106340683387863536157592705053598287463468789172442690083014600628821108042158816742679497307541676032487755384938512534403
158 91705581455781391309342748089226763210587908883850455408092203200934092312581988142217801039785641907540647676246321218889828159524220473469104494877621436228733633426025574909824171253991341251425320065263796191767400
159 2144104803846793063728899431701100551246091911186283634362005843385654225496139228029684926726466409861018347219358410672861769604113196584212854085479455218871756637606759638651314904097055013315979306336944017941508169
160 50129832196697497562103926014654842714847596816099985064107864364691039730721709543228544616392164135253681562282453898763578407263330408147737673182426598576234294050797603208113523610732791705844359673484350365308873779
161 1172050951782026504607102219919773530052575265608574814453776407411683770275846396819866267610457888596709006684387222346336230669444741524769395175640797421903576323316949198822978013229094624579150616631709168953637285211
162 27402913063484230168101308220426322632964281445160950202665322331485639138242256549581855378690190298044313176535109916126643386572225555901056827506960839744073420086659709481833056285414998636092678892969129897674460073503
163 640688566672934030177831037475574007617219409346528141764539452998915613696739559695546293453410532970373086751636749407951079433910649376285787708052548420051427820659533743448845605895090940511156380007498564840877335885511
164 14979496468658526648197297261512766699584787316489143164516745138377757718680625858435112703056941808318812724724054220845065888321582035898548924033314558983347195326082440112502909446521162268549536837697105972726794210184546
165 350225251591074563054895544289664135087913137867628144380904873547961214574353629595208141334553972895457327602774991055294260036908393977451408556479431855854786710710583093464097211184739146875433099115901907347466656869807393
166 8188374496343531762388212110459143415247485075888541747750213247804866491329454797292324098659570301519084180663068333917752108661773395937461267707751651243433500615733400570251978694729475944138589165240971210554752612325678133
167 191446723466578082453084152364297164922604159070080228419123482223566225070913908237955964971868079083610918235761246806245081981956623507773109195527005100555783396294264175291841022100894136797200350255919647051541736894864323620
168 4476083494038417046152260856363288465646162733248108886534125615596520739136886026451150995672638217554642981556348996334734745093105556508747123688262084645689217724512087395124700388378264975823041874157918822728045157529096030371
169 104652213852596132369044646230468316896101243304650252069672288579485697457406632155322149054217716718460127416216815313260686109459816908824123804915140122729271539197355698595749377737962209184340957393354521146704269252603947131197
170 2446801065895290234898637562481862647544720179622560298328377410357818348064893848151440858413441900104046200091340568560440746514655812979065502135876199033191655436133118786869988680974494042049338653556993770392202322390485703342316
171 57206964245389554887638740160256201256125420373813793157689056949728855678768393904804854383966338445077826656384261753950293323435992859572057392248099942009748603023968557973098561376046919754379484781033696104010535824180026348557448
172 1337516483783210008589443992265176837186151954656346375607720398922859035652189998342804117128081189617325587857457450589282039308040576003983701267001451873935694482389544449180461333171238531092383345102220803654567902209906851340877934
173 31271548280696919498189104265377662796064445015877946110023275763074952271405117226865591836477194064573320198386314990454993682852619415383786873639560289673096241362600418783029020298619117011877831970351180082348525783865507917587872833
174 731138452294739689102162437812411707690733511757875619574952493962375707980814214032249841641972097010891337492415176257997066589941261962245878527881473731265106730504146399585304267160104264524349035079050043670091769460480376330608670330
175 17094242716275064878154953469595700347003495781519834868344821249992175070926297801717162429576600949068814701239446326508472540419207108185491636467380146245461676869800279903072250050408768224431623534848428350138460631006055540815269769857
176 399668671680155167383875981807266868575427167833162327780197352384503069751185239784137023041787506694018096650924829402794617737824235208103034872198088866462395179070119330376381881781676496269441828923027114338263294896874725722656035036345
177 9344376921154823926132450369903439581253387668679767704105398954661943019591376355943047411856122738971660869341181422065611497395816496891320771475175516664133309493432095833219259074812260263609835242472023237681300284201509139270117952651380
178 218474417015324182893516775031145805081213174737811198866711544485875291804671418153090191046900704707469139538107361931097013280592380401093442291288839939174713576779705598060646044553509554903786437502968049185866161450021003634820301299736610
179 5107999312626928262507420828953493806656732997120134211507652426694179755181018146405082942905530412231190584575662462190471558558602360909416131025611401198464973891543956999872594406355524832614346892574925154727235217523461310742051180915139644
180 119426600762903313018447467197082401602897699154397629162704964697454303072011219291376214965986527351119751815444664611067921374355426179000476388379006319136197543114330897030382374675849914557305768694887098354461266913284716149808480844322585639
181 2792230792695018629966349376289852750837151557844443622979706546195077548512448885122841140935638227654340498726688222631124354463198971118426112549271130829250695566003502205784939180484707262711894469254466820327774000714853212355982557129940380362
182 65283217891738263415203427810137190680470496502456388485571283317854037608149511292143414456866030918316515840613330030075567430370579864899775275254153327916835546871634947330860182996650699793171983852743933164775266787759112902285044553966763268939
183 1526341787165327891311667753831406106824715988666508662065846844258872183488868076745924532507962347801006927091421535767445398092407369118834485905017688889986826619359382937329100172708329706531240125516556448852130716593766062839247899452723704245372
184 35686342163931203302278358947429619983819227500755360757322959224299549159986293827290640630624788428249874286464229638560319917719332288986958001794448006389075527490357114239101221274409767345220363553319481845628354880892186945705195779441905583505228
185 834357696126700748845068812027456072641120370637011727008152616950457905346616402367108458062604837327129347597534579820255661143109328153183778771871924793187061125860012894173394293295627272830134922115022036087365134071643686606191722682650801557562699
186 19507540500731661374507778654194708747668632983900546531260713195585465046720362392099427775057441574530175956078229851612580818589002350751561847623699122738312541884115511001890881556506646910192338301232703582289314396697044086883702929346989144719215976
187 456092318863082482371075526714910618887872444503601376635723907340382992762841219735161124733667200493901125558203270459002418800509749524388600006379090990622671018523532264210060039882404976114917658830191620123720418913725673372545291234729819583252632083
188 10663579210208564003362368873474412868251849982856623352217715021594024717526190214913753700248189983121338301429137607773328939674556643601851659140373583956063562678445361491878688043121690799150835647049058565645127201467025361147556140334828176790156575839
189 249317773769674626609477678786648843926119657275386713357299079958497806620323687943314280881540187461287809350437211756092363019041820338827627853758417009355294999739009453352788156502884500086243164212449436622486139709988116074010473450821114867742723851500
190 5829126514853441156378721673940243754807118106864735692071845673307477259139215277241256839388278832402754716448732576660035599209558875690296534802187023802715644053936990031734847901428857169397744462414065237235251750627536873800199656718647687196357589240306
191 136286777362121514956338563840902801224349160730602819368685053347536828002741008726557562865132029044605892904313222141588233060676862024848716963130076421780497957314893859640453641417037233619586611992083866624832827482936279935247079135833444762822370941930881
192 3186426926302435295187264937836817833830293159462649296994989076720484630475795520822069908296202955282881130579049812396081673149747053564541260964679431669539598763067960415130546089171943942863121930492126665591680252946755445582407147592143457390094018167582254
193 74499645183386067119988695417463162123797394687189953116955375998915207940423378562997291401204234526792913918707815411783205947725935652524154961082588467385097571932779914766764996598752901322293316850328080335852243502629522308953193034854222515598919428750557735
194 1741824702344870143236722495249064873574462615439331467941615722675223202207543549085744258682271704915026561019252135338005898578691677190440808877557374302710011017882250313709324813177980491491158235162541903902255125767140219319551277590333703808560111376686422524
195 40724399240164272736936617879918005435014886690023198956722809736762100571658343336193620591046894406134418921880020854009306200836795296618027719352914092430489842770340402335066783283855460892110890497252958840907438461441173635278862147348870588319034082757835170368
196 952149025811625344449946037637681714446574821624194164240261521742122798490927038928048188650307296224666420451484853852104994176321706899492161312877127174758493815255713291166822615212545907031540680157354611332318350869748825107531569893986331916757445960748560074524
197 22261538150817181278200547082183238173565411962816187869918411312031083033309258170917330923124969483535017729161667577946355225544313473954822236493423342107716910736659314937353761888265688331832178326453912763425892650875294753200782120746172628602482922895212722444390
198 520481634078082221806011947166590388308984464531029567665638711959842224776553752569563087063952891390469654560097444072598346759671756649825205475530244346482465851620486079019787149679552911542454134202631405488132328654816312070330349376173687524800191265644559075029446
199 12169021276844986761551427304763567585465001707316488136352302870440647980703018060470580632424414392218880312568336617071464120098501037508626299625451098283556071611313279541559279264681511710969525505872972325422580058544271224835288307132113766737785870491986442049412256
200 284515474015919631058251043966215900810396745438971322718618707390102912610074740501390503787589515541125207233892926954331300157738495934071802768459235947372937334975418271990789041868399346953535204042633418347651889733024056885216021833145472396417419815656652265106007089
201 6652059612101424058999536866368708497589753335039163840500015103995336631303635970021374997772047561805258142783538659634654788463408660622652774024097454033076475486067293698520681510062501604845398097765457483192669054737832607302620159432389257095838179947326195505232541569
202 155527207214307832546043505074069805536659945310721745349690898812255997314455031791821051973430903601262693483115502646715134523252045122523262109975857574866174208188323462130807280199805236141557678622847586477152477220430317622095921239554142275484778582920185074989014892470
203 3636274115745768610483349648639531632049104737673656796532780221346220298248820818639369812491788236452656963960062332771192236465534176562863942989478419320659731305669509609164953733572557226686297236986850193788406190313470813080646891246887127105363035982598603083460977084392
204 85017211339896415180620473937245966183016401116318713949002248578544078690511118013232924021029875663358799697263105692814532733940426719972978599441668252556522019861254432409139086319037699635692792910037348837124937113107045082203920092928108236122044319653479189151617728984456
205 1987728645845013799353961735304289052304905002922569313604418241732601073314212693995138788581624625479815674173116743546230402939668144580588647447994750022984115855776001186731537627202516935428633217526982155528241496142075076010648506646008026064860002407748494562704940776111449
206 46473709349470486469795496871597333707064015690931288795960728376777808911726046566932016512368587892177409916424185034417982556812266212310078469169970454086148842394896649198434264051326449372433297063449776081655532392326238083594739258907186695947189259883104513536186466531403596
207 1086569670972817389150983836463897252201344165305224326549106328743132751180253570171717318203125098652744456283076491387355362421332555363191155687343855791026676031615735900276234976921318747554872552415731709118378608713918454620442459155677556874976034546625964979958128959580585852
208 25404334330188958301864915675841410443712846754865658261432696358617900597812236099654266537136379112178119390883997774549039671904516173099420832726332376387857965707731486709337231104539624857570268953448735535509429625503885483132813527714278931405356517455438331785401429725427242648
209 593961178929466626200639660707605057851309981292309166380145902335736286004394928949928366702592655619165169417931063615757373238930584657950774532597650861455622996785164175517291238554553937747653395444607579353676263652014471186249269931440543406330527046575585910071913038095485341568
210 13886995718523824282963047720360929173151941494068036020776890521804582938393255845837406578164549414261604737639931366258261838802078250960041797070843716873376481723087621061135036564351074183381618567118011592221719851778104238513467481459607599338448644896075844883990375355082505241695
