1 2084
2 72985
3 2515011
4 87024544
5 3007738372
6 103986727042
7 3594807908974
8 124275144041759
9 4296252165879236
10 148523812761431640
11 5134547519926425245
12 177504075991625903000
13 6136411350172751480986
14 212139042310887309043390
15 7333760819067404100790395
16 253532057146014479196167769
17 8764739616001195411081410455
18 303001763982646176380373701653
19 10474933996590013648818768201858
20 362124103804736988730068521365110
21 12518825092252639983886959765342173
22 432782518600255127869955239028127908
23 14961524506151356552794852304201555810
24 517227951517453312185184535032285385156
25 17880848553965701583440082090304457719765
26 618150554454459430255151445183410878660496
27 21369797234125622222336908422896541496855043
28 738765387391215171250851674890795825174240290
29 25539516899848740415182733348874577992778763119
30 882914839555483593141486971503831660261581088477
31 30522841013954426258539535137529658770912559512301
32 1055191035221684796334954775909353743010232476623529
33 36478521783184402850562998751309308141448397992747473
34 1261082123585987680666069824153807375805771607831685599
35 43596287477889027661289936841933901495667292501729624304
36 1507147113028715890651964973604712571604433039157501500567
37 52102886546539963880675256619034370932589321974946848134288
38 1801224819404800458116469485970730663394510950745808288294876
39 62269311070545861923977346956003900904024257272380339913596094
40 2152683584762995726575864263175403262970540139323026921875923107
41 74419429674724986065958909395859473838891831173598361405562557249
42 2572719721705446745320818234073091953582251261804978950065731274882
43 88940304909379314888573289106509721911921846244276746931926572761332
44 3074714190836769794892117690807773970566590650251260570258785668321024
45 106294523781602667020517008979441202401904933897152306593801217627241442
46 3674658873865232784991762634309545053408000933049066572962141411587617439
47 127034934245724564563644181517422390520828723877171786367358748458882481429
48 4391666022005670489471160943754449074188301901185068961927827981298878238730
49 151822257108683602392207595621955808040385243195373772761595807899194628475788
50 5248577109023493644601179585099644828867386830531771169624900428143814666182013
51 181446134407323392406117527181071985248978192308451035388769930939938456364707591
52 6272690484961892456532339953199420189522186024280430169153003132871741583708145937
53 216850284789221620614911338080810644856867331101246155784743018850214039527444519844
54 7496631011190758594166197435964514509867109775636696423900196383137898459852725286468
55 259162567264197239268304732412972362456609075776195629702836495732719694273142632565531
56 8959389380470666731227776395496212609464957549447149477253718410126016568155583276986394
57 309730911058079254976599527778531650648164617460961472425986664843642346360235808337934448
58 10707564231328018010018612930296069392820964892655592415215308985088670259958982146404727146
59 370166256174916260803525592601678245489602343135838129732873061767465707198682675267095006589
60 12796846626392759727542762137092504862789549727294571574720609294100506217320056249525156906498
61 442393872611764681935194279932451971793004948432193222349933318000017587276418113321047992121393
62 15293794185263488421313439882962211814952789519966152482286404511198260822599533154586668372190878
63 528714693086323568121322124081911442984771389271347139769724065047676288425911229291669431011208204
64 18277951389898954501115663848189757653245039214130926662043446987764744162118299433088215178497542391
65 631878613135048823318908376869836602024005345823962166537549077416665214464687808643621183454482173938
66 21844383608445518028584829325067746321695366776154242670869133974656727523725818309463983364097635665158
67 755172093680179880452430490267986761396305606628309599480614658950825722157771004923105480806265342559594
68 26106705563109673867746467377188749498797956966454308658880389130544584930583404912286150291000212216688345
69 902522856793416629706024788307440398860649336964567685526872744611886661077302155606617918674871125814112387
70 31200700719034961155340060440694303165768768965598917694326502549019570734654692409048402756384574559268240492
71 1078625009916634977680197964915932494331422273179274690425687806297882446497642649484554790180399835043817810244
72 37288646895929262214968496293391808729476198267829155083877988506675560510370075893561486262267484573329993990939
73 1289088584583033079184286463149222695249921824231648069737499222567969900909069403301885925544253076915357157624875
74 44564485902107055697797442586178642660985280050851312385051644840298376641577211987132739805990739191771572817294779
75 1540618253447248830588969304937148966091996460986069734277626744041679163281416255943888925269949902599987972482628405
76 53260001878370813716804247976093099558433225161732519500740250560213040518270596334809046763088638004076424067430173305
77 1841226918957305135238013201161726761512899422073101050917592030766962162020799817088518100636349088408556341170678676072
78 63652205173311420693469833949235442724058911163648527875945490407298669813712260354468352259180349412725385620760553282647
79 2200490977896289844756539095353313530804099039646010045505779447619175805514334424123670024807952136404420998754736375989182
80 76072156975847048211913819377397042857072395077149822661128298859973486377424473385536365018902553919511346143140128475205397
81 2629855393676900333492757489102610231025662787704472261998162392072617501002968846608871630297513423060269771339732130227857259
82 90915515828575263156710700858787330912366118632621905434984493710946418157605485040268721176609172378035054864960649638883511956
83 3142998294982077984088681829600819824499662794317110707605296917797120601249756979228480320957946793365897838515347780188704604001
84 108655141998934795881634523712253812352943986432323597488895041437660420769532451487014030541846771838559239440438938521283146722634
85 3756266715657255570469957118435311414360680391153493733471776740465334601253659752148679344149520949161604048615839743195034297946627
86 129856161241709747969323523708383640668678360121133562143982550629858296962245101378413995740598339373766113527715572432966016195263387
87 4489197357084471831412168783971369419523070935640250313653827826369944277277847680054117440074495615971399545770264193523984968833054286
88 155193967834474269126206292418294235816676426960470268322483669961476909326160515453082497985545179524756474923143521064566395240058250184
89 5365138962803374686345222634496812367771837504421309916769637006157956882767808522510601870322890067164501114194537501298679031800671945169
90 185475740403079832302591785834741630429412190516444661075500425261814915797976308066066029731692490107713788705641394848982229027827675766603
91 6411996132173887415470004838877638840671572655634594475958071504720243839155641455451988622320298916801287488840785535903193286697668111849408
92 221666155960147323435658986961150939963177344734488910986661838071547743494979640977109129102371534486979413900029910734332340033122812545022228
93 7663118268521100993511423560945262869739608481980539532031609919309469689875903360929434943582152686050959714328795853485220970483996149760838475
94 264918121320692425031264733202946269689708966832681874336475681848848702829866201064398500146192739681747293408526184543130268452571768110471114453
95 9158361980707026573609967640607812418724769011873390033251656381709045482507803973022702686344207881249383064076316539707036519083286564550595499463
96 316609500896035958036295028336118256288118361065319957441600936091996259962279708850623153580862127029068635328612329651725949965397995234449599126113
97 10945360782725726373127004948675476485645878429432532569833514660529080509639148625531266211372408260104953343466204428437293479619816209001562570280705
98 378387010891909300501973454058139263089183237320818397396776608036127489387376893625028239812968845889665584987316680869166347080912716360240673022932566
99 13081042539747012795423265931115977756940107721800291732223968016308989034213943276558188566968813751420958654004982527178606642030300655736818980413734564
100 452218678234575055448254619051725091478031883732224777179400741342530393835124640483385335244764643337640802728653008588565048336206369000562958135619146808
101 15633443001415481065398023611840037380910166482590190101188432710315229866674940644035432647534271348707247347255762307970594872532615411458994567031682062653
102 540456535392660325613214177499588518147809910905418023431163012350514814580002350820671979035987159652606636938710985639486374859712917696933367932557522101234
103 18683873195571265679820645353614524858971517710378763810335879651368501230862150648592025137929023434516128388890510415161467785429396706736665781831352366482896
104 645911548344146824277047807393531092824455596215228374383430296786383599791744424399668348274896819468358581717371119560644123332847263457474176610417537240829970
105 22329509728380333164615870855276594758521440383939426094337001564618786669876288661288649875642134378837321028013144284008958058064669976468262664962624235907323838
106 771943164645463424269628317498793522420563687889507242778543910318700663156779217150771696227204358474942440463763767337656662585237027286983842467929018559219241382
107 26686490509260109760645761210838450891340905439670220721873990130960238316696653175910548055000532817633692719424614345102729216536115141949186950376993402399708849399
108 922566334307673313550453176469499766391563113769161452114450817971151534895065766536694517935308064286422950300542467620987980024982106478160282192887893900363238955105
109 31893614520146786138032142514182951902050435660318748594561831703696781152326949932529277636227906786413336052748469982748493674827204458893337002490739406460192019889362
110 1102579412810530380804732477874758254496277257408552070565266918806670592145527924758002829900953897047373176015106231316618906633699272575143738251132873893748330037463901
111 38116763491503406855040687098488972230436301602889004118364542323168865400135802646104627968354919612685696266631249551090425500767342776246520056213247566725781425946506690
112 1317717020820952267580557149370443996263203277179418756106192035747879948193345792585519218289705229134190077741913583312519862324278941345840865270620146375571914258109050001
113 45554186345026417032870641585319441720714454309290882896113564260280366364674789169349168788568108007101404098570985609617735999336745009388719469720720299606613276912756033986
114 1574832730220429854481656002766876293564651432281272850125614023667918695045356268149344618237075890921700424604576910727793111381388128287156006018887603274316698278693779094676
115 54442814747898774734125304326232353084245785389159947683378396167127466862880907750711770326818419389890374273801202168706306607557134957768517487255646971470894162546571938835846
116 1882117396213342265844096160452971042373249120922359247530454785140515130588004086841378362078176997317134166701087239224487443386597888743164804696784804706296225475802014231710490
117 65065810971237653021923640815831912903238530461686144156250217168036673782446382544870001478774493012503129192114683065614958062417112790705317285088059845555619836953298453686555878
118 2249360090854261759111474329329727740430874837037246840665076436502265301318030040931481988148442475781782050535529818034868276963985757618698956067148107298824233381928577146307398686
119 77761588502516298544601535886267137808745216893499172957668761568368649492578456046789419391386911502843724771956425939755905086970881735711270714924009308413495020422633990200240724013
120 2688259950472490742779953929206609040185102471661404950647680266166187149447832776663225436592711860019736466858808215078293275379050561468391598505337024818304730310922744202011129669280
121 92934592778805016319760593036469329101806718090713691569909617337882574163187836282098914338849352092669166634781071051792723787477026909837436537562385945676801926981213318470784600040896
122 3212798871420265647984629959055498404404769963923253052700955369836708828354395442365176563335305326849612834289981579156329862891389405348270412259069664351007980890660584914710408081272999
123 111068185479297876888468491853430737003760397086527942469275463173243620284666406370039207912286929291940864510747533939834879361621507916979152649796234140966950540424573828841733620270218623
124 3839686926997188687696458785501785384161950110691667074852011119830599163099214006305839688081530192076009852343152369205815015397364085730922391579973512162648604136271997958482587979942043717
125 132740042828025806897300219772294233283221992504865961458621897564019093380304455411119472376424881622580650162720668552558976868923361557691608897185800528471164994872396640653641236370495145124
126 4588894695059347027593131151717414860709751277291246749749925020659970442012768217585374583173392935399988132346495135154415189425919671386322308541438042274054197050033228155831579545246426197685
127 158640558445697501975619452697792305993592958837039912750658607340606094544399499365625491115288099007450307007028506152139119609566001370774303894108459179816242896593136477044200674970719357897560
128 5484289454508236159535055429504819629136708065408739534117430484794752339883374409040482554059596672388905663881909283408166261965883043266493361573840719638101690488411455935565483482127521923990117
129 189594837004596903243329865644405392251696469232386975756670398907456385444118469752697377647451660135161872510405395129372720307253558454331683504176813074680825462195420796877086710398828074937250322
130 6554395517773210231482083337452497031780098093768617755429255152520258755882804883154785945176117722213276459899647755761336356812024069378825479931758441580613838265698599536999821823168697036389166541
131 226588979331562393892905372667300852461155517147294412598299795240187002780361986866763067076599152740945350464173763949155569065764636584039385807267618478033846102357141269697437568279178265455292308516
132 7833302920962927870732754789874047563250178828745480428522723438374191896037180787284754599831770854872470931580404115782550453105630870367607668003014046262561994692887704718116150013643192177971447390983
133 270801496315399988699066239064356076517891824483838734752514882565764171935718352805677324614927199770606388774232296008985954021286383210310326025342442335133067209588394053608617108182776452898673759167331
134 9361753419545391507602987691211331269576102795981502048399321687459659969686922990293173562664199088208719760076350864197907516636023048953634283080966573989046080801072892828212498634162525458802070951783442
135 323640852361810844670584151376567425389071475593874471334565535215751115298445858209342751368852253873632620263779846266108893159432653992865161197943531114849828146744218408252833173833633804100328943267575932
136 11188438385783269572784786044306306708272314437356598897927412797646714352301165803235885681706089796633809487114873193757776471776691896748796920268000826476620339858856719179972250412221747168690717842289791872
137 386790334406002606035827963255942886030090264080616132691612749493309963015017991029006326137673726910281314990115149839662116704303408987774111508828019654277675338461406569038174252560328986713660178904100242013
138 13371549954639518277271526768659513255173037102011945158616204398759234000244032572887364900097858629404388371991813480542633296290775181249984018802821993365525121440401959510995607311183285839062403140549858936467
139 462261675861167353340195765205692389128712288123407757635079347266979621014279491451230676484453133373224683468865590770746298783925816201785264063746552403281048685720972489212294148054011776093374997369931191436432
140 15980634832526090572949165667438517251131690285017378476107235114080574742861746558977514342036289184996875212431038610757686186094430938949612853673863057648253690228821563518742582336666897035657136980506283466500180
141 552459143784278487314994369479769095903295016651263439489946607399710292378396573867010277279132991273971674940288770097398740693171725231681449347600082321307814133062779080556392803821612020606721814334959810571991804
142 19098809825104599309094120304535228288198630678068069392621204856239364601034845343038315438961741309982424517361155498102434868038258552987705533730307092250038057411671806977534188365862878472554054307379577309995466311
143 660256130864119476967147134063669678700876240454126567657028482305214586394404393386228390250784397761640695444649683386181321279489146340298263889814183416723592639633050211359048796948268492223770500930705214226272009210
144 22825409663519163404519292694714959069446030573602653772623164398192986139101745319776734577882547251458777693534257022955636595551431575111301503405292829811454898825148805201263754491181022388307715411480993813188157459248
145 789086692198690875623043186454363017298510459258029034289911513130753898413437021241608441740792947901198159410117026782413309601519963883737480479784204176290482091718427088366861938533588436835690171797150103651968861474728
146 27279151480038396997450858049170164056048003112857855444086781713440814943369251115752144894444502697138775957573509509537905099573054257200692757470120284966943322415750344945810062771744454181010219215485872710431274922118049
147 943054942920650159754736736883931494117101436236410655252188482289909747050004657858412659042341200297978848675728586529077086350743505232795762867874179275647440267630378034697382350840540446123291570352096181534044160517236780
148 32601916742823076810493132973262562457360447416891474065912186668942513301039423005351898499690574116636109325524919505089728026995519326937938943755000218696044435934165852787695132325006007295033718690975379854493899616259593552
149 1127065801716920908151955635717595447325656844216797793379421273032584401933821179547331955467796735841213392585161021281977776666163699029819403180956832453189087737444728738551319984573786479669541354892649112269435639571453151427
150 38963271129739391191590238837034593223385832295829921264807371384262095141879672328999853233543228302573935850137915246651933773839433274588770846754905719657244611115678060027363522016475483566985367416859924648113785256002029961437
151 1346981245298120899984095482770629275366767880350243621881023465124828868219321581806615663630119396737765732678502415476189471557046354568226055160510742891722987167314445928249150601287167970049056050014930644584522266627156422883176
152 46565866329432387728472337111855692900041356687900586136899008032636085845824263209264675218017248775740952707964096739187672785013745284871910514845737001932705464529495104255671782139537638347468992080991882391106989918406020481663798
153 1609807051567854478597228404287631087040044975183517153868935577984856348873815177250691111000239644812775279321606104649291643074276907260001897809513772796368616097489505956963473629959400616784607314186368016881778133878313890081646624
154 55651895853156729780914261182796411377069465814429277783611360502041029043895958968666617089535765199142087742534971758473236687166414286666508250100388607745485991940288131758792302516159329506583923442127403621747212971740068034875555820
155 1923915980510945662717260648615694912926252763704874915788807968222127669638538868620463196413774467759327347547861112193113599384855265616841258834890014241289296092961866699467489536330701187827943829078895322102881356321437671800420038155
156 66510810518154823916434764585699900126330140801870364966863151421514081156051364032846124006494045868879006772364183459893307801265753012058181073393531830946453257157540814862306754846020244205979803426930720427116732921040084856205581556249
157 2299314502604770497480100747267110299105190519343078397251740434648269989393967271987095711720870108416981579021812924858869815169204852491354418532041295124475202268903127980029563410425987473699781360225120168874167156440716751700493865402280
158 79488539392337170794194092499894049788589550782871483593722554861170855794013607340300685309177413308702858894514215587285630068999274572214155222842773540405839556054953425586797212035277725658095649697786084146975775167182031581401681053841723
159 2747961571837749436644859835283946267294436973504391165988168612520650199489646553221523493896154746546501962771986687997223738852283390028621846529604538676138989509496388013274002344488232761468512013237840557086552801527939288407865102759803867
160 94998509949032374776548737002924303152312010950379329657020185363730211101257271366726318920583581475272960082688730520558249811247017865270250756576211468790171017718041368672911764585356208708242337681526741071208967066242094674698181312754492652
161 3284149598387927608234444157794964469234204015620216108854882538872261991533391378448143042185488389081400177846365942575844398482741978701473164188922529540916870107349860789945986837717452291382372706537841853932066967078769489900108231905775534524
162 113534818497449973482884970117074808271852565791799347413210788030700272772593567621440883192815138756170872931825646693550871174302964921248450626803703307504803425188842726256241008344745574660886880215068389930061021864117379818979102957622212166815
163 3924959757489801292323881504263825396618612073867552239631386365711966618581133850095856388830452779766932426622304685355062362697455346740348250320330528871606013361505595080022584369396690395932832817906062318601582799138231442956631155779289259657691
164 135687970455164004992439830942054819516756244825238630400918597342008629375523722509785500355602428627133201811754622782468204345234551008905790014128211499826886205644494433153470977478536429863032309512522561727942220518472950619994971354022494194761540
165 4690806139122383110635134879891710198583700669047044626856842377914626432885891691811858716446430690821152918747389972072122853361530799947232560696011759147267523432817865188920209866905151959133923518930317595725493045705599077793178316654994372736077347
166 162163691895583394362931339670066170781748244954727953123403371170375973274117920003419302321383683102957052336612307089398366791510679156968048254528306663552720321415548375785519177474437202698317496438662975806564687194617459611344731250539606445094808408
167 5606086073325915634547343866639620884367541625720010032691183131346551065767780235685778709162295817432688902756993568674577629184106642299317269426033994871179617977128029071049259741730048975648147658610743240185209758106221492759686126350052017262191638046
168 193805411644027485305946522996956461742916868672357401770563615383992038161712755645342612751123690251581092502942852538299789697231231316739597081032247033482805308387958768510112980768675648486449543804002891264158484324634171749828604919688233226767229675411
169 6699957348358629729189285115612643264736276249068468650009243063511720374168537470989319100805866071625756024082196943526164821554129331534674040601171816762839845473376793810728628218571576499410781604801391723274990893752409790048357011653537568124634268722570
170 231621130127550602304632217113138814058694849347824617447585033886412608786302888663241462382774166811671798556319470783243351330956565474248471036548642972043254620239245507429142022868907691798217609292138333532282368272805337148057327269850037318937739891153689
171 8007267081290692011629002171820863693691222852818897007413862488898215585043291143697876788490119200129297975302884895024092871442754368513345873328571839159520663979056480151479474749496607925595830807992491524332991464667796287065271244453348578371521888331384796
172 276815530931109653140877400482406934428447380042595305493618459921193287642433021572782571581067370559820642389687964283669308516097089175368636055461922873107837293808475964511799821698209262647252511500724418308158772283962742541889072118566696385017339654000830188
173 9569661831777021109593849787752349836195098227894336924426251172459213831183540553946562796593846922422276749808084094038821679085563210289436464708273412444161165635798982410958989977340205200292583496124824439260409644988455750211487356375560123862411327959640433265
174 330828358027934535962526008152557890337285546167110307037572393093248682363893796811669321462833676750643593632308918764206678817266337997949302734851487081373776877810381705855705242594356617915934810851643032944545900844336568904173738652046467629381165004352794241945
175 11436914323558244183760245879989160979673947617793323639197375365706412028984780238532811665862590979831522511976420914554118725606981595062986721418113300198319137908350784557631410738977235263395237236327860610184245627932617411775191918999082208424850706105880401388430
176 395380281255595886510011773892875961120041115723854765903302717917796257310880299816077323447868839065465943678328950280061255497529620618010479390924735609692749045115669785045079067327981973977501794549494465819396510764451884006260649540588895308872218632305001733699852
177 13668509038644106511016045127520661884279828658880400048682458926328247142157376090905076262419089029868263505985563192410904982571837026561780655440891940752733171232114564021380944395193482425146835251375476245700886610664304435016641113826371978404165899269534405409735205
178 472527711159979416233072253693149693265007801333036508172751869801069332899568023792263349413256984059778636505648543975327994615202182292412394066078672743026824750963802950541006546978172491563195081756148163446746644515517664991591960733806553149900305119454130174585203955
179 16335537195960195543618033350042400390146454651931301157884519587349593292853712771653961394483920226679750284534992042523860241836469746004120107536886438902895628191079360764311482988164612181498933750172593384814048904618808896272767485318864101586125075750978378566877708594
180 564728309426606692253980633774629449306703410952093765618484919127153852545727058714509271607355442495536911969065971497062852759983628998123089952274954570408036433179600779414010807375494946433085960321333651555240553866379715649590941090274332152889606921867454677193135950690
181 19522961482203485773881997603307573706649213453378459684082296324912565221583985700949597326582459438760968079502990820065241678234885760935128072692117193222515239433422831323135284246508424979882231959918222364325489238432691348538065319163174188599995082161155888154870933877558
182 674919281844742519909853000029471727627000135228349639418721088737789778169579558662534410964013218187624048148280693943731206948296693208945116774649020196183937291811866468508922784299724570425921214265144781626327965182666652092678249642263045338267881520224805599347825328685105
183 23332322681733352933303977675102475065736941078552158152691454113668126982163553849586507706874963659957323776552830164466051581159671135023729197410002796082235291566449821083842781739051798700344881599799888661226240543878550924920194184589701298800071501214384977648569313884351488
184 806610947958901351276809555053012843380523995029262135497849806839731607637818043009383368566595435079232343120109551740648586199689593197302875035565727282959981356330554352599580557751740020667031349452201587957783224529841245971278671073102812094556062078044696071101980942551681388
185 27884974429764870788358498699692715141126739823050439484796761813540795233856038335209481141777884610075438540736444503887620893742582150929999521059173362232244511231637135385407000354674933245210527263769741303307066055852827534100679343307116311642794217762126003751989263574514228464
186 963998568227045337991790455446369011798894599178116765756769075958244682050918414700470674933483604921204182795498994579937529355167768414248450170823174008138623033553012825265553020060973450310779080229413031739364360696795942249833578144758611305400683906342134214343672459259712326871
187 33325949137391025019840876975605985814646464283494767753047070892239860337638294964443713009861140150925544308154878024335441669667297511489203475834503486437868162715691050453347578311924168013409300599364717623883664032384043870928763006572035374851323279132788024271691221017995416799901
188 1152095991128480162752091627383066569171304726691042454313962721034247405853877093478290734400234886981585134147664071322573008175579801582299993892514831776462098429734285517322081037805334004240739526394706576670236091616907300710913374378614304525803096083658697910547525289301875349677162
189 39828578244005170020788527230182908117556761775573596521000035750590520489304437786713381505448644455500407707198305961162629504017709872127335411551934530305562510061481281964776300044780736138243026239776220224614153464070864685395218127153389634710017256122499934103327261120891212744587212
190 1376895377775807407059851085543240319229350815549097882991625621478274198587061934441715417845102925239126498910860520439474826069408119804076392597507328538100926093640188772299721113139603542876474593955562439693732787010084029144880857732446347124630847687780735153438147818089562794619043718
191 47600013983068486379741502427205698015155144199387411266003045987674201676993382658754648338366209462998955996358846986821061512258192004666716473939076030398102415553988594641704256483670133263721859601451265755910146902451128435482865588592065203604053470999781761043378156379907557133715592522
192 1645558092328230159189623414978349665943063814684805909152865117783248897894370428276281847184440442716741449425015610887491211378459744324958135137863171836027410355959016734119565100927018304231344992942422807990885111646223953204408564545855518004702845934831837059738940835999111413295579916949
193 56887828566397503523685744171282710214256403839182518340287575066229115232439045062956140038227230022537176058746144119149269401219747776654273739749539273472902145003305685990861026422290549787922643691185144156268408392958285416942395765865137087922175086700951434469784303771511054820613354946609
194 1966642839342751291182727103479382668210549573468452613253301559325070421299902044696145866810759191036898309495865399577813152467495083854879679819707669920302815822242154640848393557258655723942440584784563682063305946094045247930748150496958604820220666087380280437566806832911853006003927955427959
195 67987901015133523133550104822354708874960738534811618181912392377084046075192327393816488095700280411397143844127098804954775966291361129094506956139432563289093408452089800623021290932754111362443235688354673916157521092337271941126567007729058456722671466305250312674901768648893332493740727480621411
196 2350378315763922369690170400931690821249895110387601921728686267200792047908007650408509967842347665127342065621649223732902305422629010430046185250599708507520918946389532235471893734039233905655120694458596287144146628967207789700405706395055644674017598889529594969975883189374825241139922879119732101
197 81253842885715731372691331037349233671677407678144628406456470199035417341609524254448836027734822317223417491340136113786479139727351595974262595790947970875014461314786528303852893982642661975665917764464192234051214348394784553295653679845816532750244973649774398303194010297482353969269222538601190844
198 2808989063341799675569558716710070885336220852284250508997147819144748732407280723901110128436910189897102729174814698213289172345676029316770090111926862161755914789491904911972650787762125592446113442572008480423113925254643467595662326010968822484532472831511344561051468135657875023348535840662673133405
199 97108263163279402098238119502553058095404485646126341259581423995744002590574005525737698226840093533930935783312442571900703476004611808432488178767482597328730620391122162585870548523001561798021226420325472170161539100765010695765384323191361947650497925994068878406996119753874194899464346812925223355724
200 3357084902057262562988642471619034708105320122808077799198860330957230197884242906682501029104669224885736299445637756059630030170859129943873800918984695895252747328834291265734510161428516712210805294642842679401389917488421521232992880002239523068636562614826353842009636421278355398411323772628676421892992
201 116056231184685366452399073170332065797671761841057121006902372300755391731108955831919335089107058876033014696421495511325231602598516819596092511187002676288360509120815548057154162447369663428327287905196130692431166437609498888867307354943454741421966648612018813623352613324659143336654667425768055963631682
202 4012126350614230458588741298478044063412485137817552661224402161790414189128836499625739873031545845164482137838800948445468031767626021016305750145636220387017237327356425861020139256631237756683217437283782638553140556664905914190964963558178157611381174720290514950009404804159568734652077460613384425956130922
203 138701366475333411621688575014059135928219219756044493290181966392443407698711779860747556869629822126896533570811921659011339435223945160987341564919361161640323338525623656833745094017266170399043300292516108929092881173990996172155533004978191457532392009410651462718632521244808409928835350726582236800266532145
204 4794980860754676862968991670134974971809617019615150638221926003976363853159402630571679826755301418838491038002741643126494465053488965487289325274006222988602616721859023792467348394944630271740202392786032583454221992936738634996998859948003491922333479064499786004378808362167661967890884469287723611094593283707
205 165765068068687849077283249540633083523356694278379199634532785412612441545835669139976423828628775713026594187466103852237351183573753719547222409169493363474752837376900429189946786336908122675589757461066070564187479370091857538400390988299805711053220542119588283196133654617462523446744708679824342925261810865876
206 5730587585180053062631928640539503410835789950991660358700725880934501497078430017259495296412193134165918341755345101469725454930937258327731209750070415055531632621416041299799281823173143530462164113929986356352751571478206296958261943299774388081248596565974081157827058315846062337838892036036231286665324914422965
207 198109495890968034116913317894975627301894911681395358000913705754078535844662214594379412155928113231032228594905151574956023498148005566190674491242429833715150485261411339935047702681004317895208818496659085937128817732826128573157481433822840728651437262642724889790009649196207257242877792292281362042325434972913975
208 6848751856384085201441854118955533808475097572928068317274515515774312070815727590028711815486338157878397151061722354261082872035117759209706834655595213488562934688398948144832747496838292352359986680988441220002281435129593483864603195432440821135063834758713015555700422086048513307594139848446655807267278114545778251
209 236765036321829876197207225997541803249177078488533914835712368489407209471095250330546248929187579806814957962793020721621821730389798665017907498077307028098552408011331565546753357174969092102652948450221109188556185270169923600061328151896260146305204079615616034840573725127172632868716792073717595428797504640457381440
210 8185094685862078459533708513186491901833517242916521130247537554682779830486654229406265005790099622268069391496928181692284010190916316982976471155818042476512852097626147388995504641108265470370281721131287665888017288600988578901492605484790018136628590899262030333514834789671816487158529353775757438270371068616640330280
