1 24852
2 121016
3 840655
4 4416767
5 39238223
6 285228944
7 1669555189
8 14996577319
9 109620130066
10 681798971770
11 6159929224645
12 45152154535750
13 290188781235147
14 2628584711207738
15 19284849512611080
16 125910015909639810
17 1141968610635247077
18 8380974052425278824
19 55120201237495005207
20 500222173029949974584
21 3671583393962917552536
22 24227889187493283275562
23 219931248816204330784095
24 1614333142551649473131674
25 10668659548255615087461339
26 96858100935864288795894980
27 710962022835614224823907462
28 4701741249131013248428223286
29 42688400830101875549113904937
30 313343760407334346633602921802
31 2072845247739978385123930580187
32 18820428670248737145613509487382
33 138146696122102989295609984802472
34 914000988447777063103975006373106
35 8298785560101915707286946202080413
36 60915140713295877982974747416784808
37 403049796886888753538423212639363887
38 3659560937679961613944988323925063048
39 26862070236306288193181308774023672024
40 177740048517495962989204639109304335754
41 1613825852935973201080045529984613466551
42 11845871977221397942517147067277157681002
43 78382380940656671800077966251814673633107
44 711689121459929438339015680065272511903236
45 5223969350643539485107137924574119564543046
46 34566434062597013107226263986439660891620054
47 313853289485397976330130321478382080056700513
48 2303758435177280744565060748178783567456827258
49 15243758225974927965910205581939970546475770451
50 138408978252497613577566764987998879745789895830
51 1015955056042442797113914338490683376245217104776
52 6722489529274239251414229297333713113914808949202
53 61038294901930235786275816609291217698162447691829
54 448035695716304938967946905469573483453704581123096
55 2964616309538014331947243952766484351305476317242471
56 26917875133190177543566820721538490078609509671110504
57 197583644695798930330544146318608570397113075320978904
58 1307395477048605901581082814807041245424165699828869930
59 11870780344430556597434833245072516105068445693552198927
60 87134367811911344885372248828641859353932337464452908154
61 576561342065878467846187253864333730963907798509750979467
62 5235013612518231229540714545204063645860969821331132753540
63 38426252287743429968198108986017693668843704764473398124550
64 254263539136259617084493795769466053858488954120095005482358
65 2308640898870621722227768175154496860980717464018936473561561
66 16945976471501660468492502629392526733812626665032330192993578
67 112130218204203215403756159906520343655092021361627290916711435
68 1018110615463909613281159294425572903298818133384523580737966358
69 7473175465589289595836804628913353079232092422222751028786698856
70 49449425714421513160021367913273545041088003228757956102315480754
71 448986777211979387056442941142549361418728149791879507746499837965
72 3295670348469129283075260238106963136747039866231378513901815838472
73 21807196636753334580150599354125276333334356668467466222145262823903
74 198003167904526213332572709029851517947339932731396837340671252576072
75 1453390617263679719914800787007463179649802951974310453420057681964760
76 9616973696021862895436161763781092889358540182173701662058614119561418
77 87319396875737738862426978438334672398371537639805954898458064395953319
78 640945260922547094388947831063218773742927345525748483631967440369674250
79 4241085395761703081442634642814779828402289809063939619281823185381449219
80 38507853987960640533861198551502136061797785044196512763073422284295006980
81 282656859806908151608826902953011657957969196000978091483616294348321294790
82 1870318658688484713361025291865684099986755737013939579583463547550189278230
83 16981963601798403112719727987835636048378625395304996730537777912313001602961
84 124651675122485395223498865094093736481308355490853350176739728822997432607578
85 824810528311952394881238003054284081735131245882904328499175309947251805534723
86 7489045947005292259500103347696818625225087017136161682213852256414881583942550
87 54971388718465967950220709920266366871469150350877207250218537203150325459152712
88 363741442951389880021837453749100997676732826253730774081776029734657652595984274
89 3302669262349810463996638778382199579915462411048368112056817102526872623146616357
90 24242382422717330886656508305580048940838490314764304344445784870644122880331882616
91 160409976334675324054929872437787739657099859261073548120217489955317766277677556119
92 1456477144639952222591944883026569972479818936826984869345423466490690645011251126568
93 10690890647989776137849595852683825184426080494189757181153205159294802196316065067992
94 70740799562203657051718477728749906656220901985854014301282587282418185291709198906986
95 642306420774871039535392844512564985806805140371807058923990660904524030425216846448255
96 4714682775677091156481253989967710179664659163317104179733851862351801903557356458597914
97 31196692606651985572647342036099621301897097926626631039532713381596241572329475665743035
98 283257131559430952929041124571514543326932855680939096931914429905332953567496013474730884
99 2079175104056176096870466236318820682019435287406417299712594650912711100506081640108757382
100 13757741439477108574623408846326225876493644797327807197329124091682544582879928501310957238
101 124916395017247985986329443219754189477081381638792308827383730784630969239774910573753095561
102 916916220885260520267085269551405978202038642103770651593704258543129906040480933015130678794
103 6067163974798028770881516543144612561090454633765307385626728245653458012586383217571520913979
104 55088130202513402577019601978486989032475662584883451505488486671065862503112343082865618375702
105 404360053409691345476391874858600970225540372456254214498441633097602328695305402871285671232040
106 2675619312883636478686034072170487558322729875719377105268457665685724952113897878925595869441138
107 24293865419289665542185754985230448689048481563457978915955207745814154023407727765159714217134205
108 178322783553530966135248000427283539778326562251738017619818581910728240934107303662227313086235752
109 1179948116981220963097197194667159899484336995149217529273828922681640846939540208077430837923991951
110 10713594649902962146238226879200679017374862150588689767676807171130824578011746296324324624356910344
111 78640347547078326144253365258448126788723898108617620274357839823309694744764605590539872773381979352
112 520357119588625107405090819539077030383788135139454312065749795792990172659813150765437537842278491146
113 4724695240606443824892766196633814049342985491915986404809603609103116972672941450863003164276688224407
114 34680393268255725634497998544018931460187603577243361641857593372893412104820786027390745186221165617834
115 229477489738564843330677301097282570641156472183044474964200377874577894770154451085291794082800084569523
116 2083590601107287922185015150711973793264467156839289261792510197768769917239477015904663585227226195378180
117 15294053431299601548164284864489494334355368862828379157678427967147702891710403487333010215669653509031750
118 101199572974703297201109923502994426681342561373303407620997481090851028724050556686851599994356216719840598
119 918863455088282946101007788047545344931576445296147254307610099655090510622253309664534255346631433677570497
120 6744677563202887514138282649671510139274945801325305683807330433170942391800854972165734714860097477498708282
121 44629011681843387631426159153394243590205104627785362749089759871227601372289424227665286173489120320264391347
122 405218783693926519422568645266710240610008326794897361054994316620830140302360424296161389556324566810389637782
123 2974402805372425618047544448538954953145772826250014461150232681836100185452724354993794696872468303210144088840
124 19681394151692779298383504543001858168638428503441395272661142489625955270591693366519829929432110270133534066002
125 178701483609020332061378632541007897432634554274227901796659261934387121315161105211013366975871385625446647586069
126 1311711637169230056767197923159433662634543454645505993815305153790646766071807127311271912365080111608113571184344
127 8679494820896484464938888909066029676395374563898458888725061894245616602699575758688079751442410605995019729948615
128 78807354271577711594328056471040929068278563206873453234134375882897272470363557035200011702782150015419983900877544
129 578464831991628509500240960678336311306338882953106158896881228315415182284006217950238893122901449421880599847500248
130 3827657216015343351849889163713834359414771428487270778109358016045777732364336523681403775358008920797094066393792938
131 34754043233765719388505032817780429883701443133747655998059085242339366418264785800144392941741872823573983738339490031
132 255102990908307780059936079579305985945338739581578808339008303599163575963156480606715140040215566192577355960385900986
133 1687996832262765147358610090508594997698947236737236757172704700593353200827763078437706664334302031317628087059602401003
134 15326533066090671872953155626237800429439729889030558608064856567106136661189763564733654195360181018019481325090877149316
135 112500418990563651766607995923418203977207006584708252091230968376651021868637334438351883119091341137455948479009741830918
136 744406603027879173519013745386863887036775937797572111391711854874888070479406307171243804971375959844742866185140506206198
137 6759001082145984201746399379626240689470356346197576909802466987289274613702191371145003569340495217395855798664204446116409
138 49612684774838554436505766612498218784029006768081215220569052732108837438090201328861159954485354032824862690209678799343850
139 328283311935294663761699410172607011601813136900436549320294578772566737385105100396390329110653378145511178231867105193847147
140 2980719477226378610324423067831012930651441196184205102525238531934510308504176625141107493765105679792447702526196579728723734
141 21879193985703799278706096262663862246199905397013251062167601812470083619965226443784086092170293755939560930581382915591119336
142 144772940563464936272300100860268372353756460227651115077690776904034730827623832393824602900311296669486547746196842672093499954
143 1314497289456832881853939459422271458271928021137378990056019603759603655966015267150445742185007991860140278390569557530803153389
144 9648724547695374830424353566026480538430511247132535840398396143590429972504286385904288520887153112541210867533102691672682351560
145 63844866788488034787615994182712147366656298273645961582551566497000193187331842707619665507637542841791139754859462525067614700095
146 579693304650463283681827659940513259565858210687338506952714182509265783314973594050966293874221292131725851576944637308265012165320
147 4255087525533660168720914948199139242566657127663554085824151520247526823502072687221709402809584791944834856371229710775348660574936
148 28155586253723222915769965506346622122229374485004495685388385592294442342933293884643998153586245160281905748538640733429086496264010
149 255644747350854304628966517069011169958892686066824013633839496274483984366594366845819400680787263145681725457193213007600233600951687
150 1876493598760344107864080680536182258817741648294005666368566901411610266501975516977587042896704827278425205613886925286455395177047882
151 12416613537891941219956784845920383111550397345119054907590442911905581125637301144032514111380021824976459650255992230966666333706595939
152 112739333581726747640041753548915450916544317529272906263784269145292628506669213187573243450462623711346795392160952304527331487644525828
153 827533677053311746210625791943861582717727077056728962369969981766273789025774328859625189202480210697918935774129770571847222461190864070
154 5475726570210346060662795062469300512879450666445498210746637437775542280334685492732394628886905867535960076520943412984843634995975046806
155 49718046109541495567699370234881465077974264519013142576209970383834046504926779353335332527906637640919883017285622791122685688865359205617
156 364942351580510478997477871307423457537250053421237075925782555969826120055950409154165243281126089578753270982383864698158670659785110098202
157 2414795417462762609252590402819513725378895700431608718095653101970760430201858258325386160703738079287892314152053319424808356755728586130531
158 21925658334307799516782168790488796917259173925861397247547436315600971638673077361488289829049454840773060300650688800561205087293402770194838
159 160939577047005121019600321300172307048447933758262102670194750706451431755515813682446569129411755964561045592143842187237864566565539585265352
160 1064924779101078309973967019722046650512638609646091960559085787230164523660286402154979108165696293898370080463431265361033314881308566299202322
161 9669215325429739581133414636261197152919996508452695277206876487602934174576914970958569554758621109812421798866892413956151741628734054439838981
162 70974353477729258325580811091348303972391995982095742779317770347723583710467618721387335024913297313032360038620413264681905347092869608832255800
163 469631827583575534555923413219683755627688363805491498798068379884190985461418052885143833565467162762624325272779699889525146401954314193748975351
164 4264123958514515154115641633682837977724716621910253764037593069693611095348976109216234198374181529459005203582862051902584403011657845533885418664
165 31299689883678602912686607567573654135170614211653241468223114901881377231340612916492933854162395148676179159014285889746429431622147309802647883736
166 207107635964356810710378034848569071929707858634392739595805632987503480361725717661014816228311568047692272379624669221835232780546457663800657808618
167 1880478665704901182729998135993334865004037667999247008238367673507514160677681773314362296968606644671097661451426107194779806149609700228608673844319
168 13803163238702263882699328493166685890433271724702052805460558285025774921179551481366534368450284147110211779828273440555267425033873715225626282393434
169 91334467460281353517466322925542805442721763505644296799397849359633919607625949895785416788954380371317978518039308278028463760019216090807425084148251
170 829291091575861421536492432656636076919385012931316649354447071710335027290157447507887953562920209767227311985089892436410852052356980776657882068950404
171 6087194988267698371907964793460086132042060685990482975226262651398602961883011462085595394405603222508476528023795602890735008805990020043048575196339334
172 40278500149984076900029748809349619918317372231122551161670836825214414073453269596414338114698789212070186029982646921978675939929447247779480022223587638
173 365717371384954886888017543015744565681117836643113646303381358309837145751035612948553325353128793653673133779134706790983821338309041497242038926705203177
174 2684452989826054981938248640823884614421468028717647404243410882264224552566685919025128741838014882233747480153231226566929530506274897388251554429600914890
175 17762818566142977912676352801759852809492801849665568494748339556381398488257638822018462286203689858167625334690994628720334946166876737490460992145726845339
176 161281360780765105115682775668417100489847930196030237232998878560392932242166851291682618651481687411636036443879031782524055970464179019428547190719194726934
177 1183843768513290247019998314121709643353333087199563675298781093616857715885873383980731341299573468399610083379086862531886558936394048712781995018350029207976
178 7833402987669053259442476557247978036162642390694271822872130935100936184377361929745858136915419734831519622760608330508470547662043962268984319818603567745010
179 71125080104317411355625908006462226512776829575836908840438502791654273864713483171577194357749511176481995844586857838115631218829435132746560951680220921926749
180 522075101914360998932837801458134443428433226645010647966382228132921169383359666596218496215565343003265728427992171309211838928537436470513759159163038352993576
181 3454530717562052487404483917321257091809467522470921708384183739784978154335556415388626498498348311530510924997918568931188629500090519591058036085683325154323439
182 31366160326003978407752258124741136438732585351809886725846515705735488231255378508633182373954257865518156636775046652624295719095827375258880827921785505974171784
183 230235119944233200528779606957159611897767186956482522285696862209282867747018892584841693657630365942455068505711288049262217160382969122043936252527090166241003736
184 1523448046444865146943429732471573402810897038609661661835399790410893788541982468761648739439362377889304029124380711683027362994402320436059092115389681510639237770
185 13832476703767754477802845288024287926693096053845115726143177405495015378876576603496237111704627913946631700326818435943615718028818565133282951302222596418166571895
186 101533687895406841433070308453970924144492173422878981496313021694693538692923700856444789777764064485697062096465991070501909142118758808579683860729202254692847932906
187 671840588482185529801659335972379973197232177880289763197262749780286932900616919156077376071989814268461499320177831075404022723239329093679089630511541914508516093971
188 6100122226361579724707844952515791119338290337455617302476970764609903466149113893211523014814761436930474702195968187712067734076089266978372482574923159185715020438020
189 44776356361874417071959479068253669798811231891057335166452918238973720276383892819477205474836240070907416901678190257325845874041949913784730503159579960760353811212870
190 296281699520643818642452396560760746016208996678564427947009705872158312438401245209168857993215421727052704964092560849849705022842495369725628169149048407477439120074710
191 2690153901825456658595511659116791254626286997320252093931242824103130942019929295278963493182686554116594859831365548145016787173527933677220994372476797236081410579470625
192 19746373155586617928729178968843554868956419695930136060006186151791814325321488346732088685222113903398176823316481515259284377425065096857054385994025880096564071302615802
193 130660229488603924021305484240323955261029597233810514975118583155754979000636405627576380004033840850916789730141395562403869142707803333370469077082779942719024262858282771
194 1186357870705026386440489836639462751839533336240369870846035948626580173365974061555307194488806557634258834952638341963151363604787432349187165294636678783529090921016873110
195 8708150561613698506568568394120958383118110939060712489863909445784729272437909801302890950908516287172197173989084040993964074726345954275420113081283668778533697921340625544
196 57621161204474330493392484026764323161442454858181796548630435976342730716434439812597828311754895176071805455808357047038351502785070817518875311297552341147575162209916481746
197 523183820980916636420229612165873013763079815826189134968591497874313744317865238315495160545377652369570683142747312721779933733652713115456508695996209309830955510821951065589
198 3840294397671641041396536883373418359556967626472914493588982642166134629153572056343727332213471831453021482145625080822441499942542320963116324300989785444872551725240718825880
199 25410932091173179747585432493890389304173102053038457469700004821590532424806298944377023275610672418842301343959437534717439313000793401973328305108883362230157907475395686711079
200 230724065052584236661315928371675563987246405113599323177988276546682599208898845863951324970441969994807708615155658772186454871871366216291582743294445034810278973634379767340648
201 1693569829373193699255832031820065524965557186912789971161432455858120585703006781087691176879043058600859725037335593964973560306720154096735316246437546035942297043022696612148696
202 11206221052207372268685043914232415513700596582850755093334287294598537175021050666144348790055315708154311483975469792612703646933322710165764040761817729969603271388743447042791466
203 101749312688189648367639248310108041364502794492340698890954509781861772613128641372492360028658690144745064688259696284006474367406139264796861572516337771830748609316177811307360463
204 746864294753578421371813702942375278036228129775838603516911716059899761543594573924471952962855861603200212055852472246660611090503922263307840865388448277747540161481045694085924602
205 4941943484023451170490077756061718440221314139602353865802174673582929618944667603076608088969839492760967147509338074481765668248039347182474760199595405126777218760858107562791265867
206 44871446895491634930128691268443613289166159099589022321544471254801842846801154204842446768511540571343143983107105456801785013345327803287486009961134975603304646938989638400606255748
207 329367153986328083824968182964679620235192027215209570906096216733058399589351314933813239146657824725241428260664534897389977156951346842169290701603595671374387407348424441956113839622
208 2179397076454341966186118918524738561517383963728507202287143879929311004239391940936661275943313349163033357572556695798951280449313779790823947987877113194131414071389610260684877783670
209 19788308080911811004186708995039248394921253053341032722164336605387514209708423827657951363503737089655090811010562403621231521976119808569214213500437702300285743644612902636845420056217
210 145250914907970684966810633568324031717317401303726009681000086035710932894866761428348274518938079005845538868348861945312868282608725416996875161097749514748157146293291882811156332407978
