1 3328
2 31632
3 288000
4 2546432
5 22201600
6 192159408
7 1655991552
8 14230568608
9 122149164288
10 1048058382544
11 8991811861760
12 77138860263232
13 661719173588224
14 5676180681647088
15 48689392835071232
16 417649176995518688
17 3582524731401139456
18 30730253567044382736
19 263598340122147527936
20 2261095615281453958016
21 19395241409244597159168
22 166368638612244684012848
23 1427078121395867310402816
24 12241200656454164126226208
25 105002654611840866010699008
26 900692480364669027155974992
27 7725966076441427586788801792
28 66271844350898281407251440576
29 568467077381828358479568872704
30 4876200759055679992461477501552
31 41827107995948692264923919142144
32 358784851077019372666645436971360
33 3077587133054190152652831930823936
34 26398947818281858454950777646303888
35 226445073943702137851605920510237952
36 1942402093634849614525635249535674368
37 16661549874549793303640681024821118208
38 142919555704662552024065071338425383856
39 1225936335856589401140213911655281782016
40 10515845030180560110663625510481853743008
41 90202886939876592173970110219586099270912
42 773742936390859508404571717594717232594384
43 6637017416237267745074585863099788942441728
44 56931053081931473803040457639745487110803520
45 488343573890376770380656151918591638901155072
46 4188916825705177145144124207089836752273137904
47 35931719205165260273954836829679517321327021312
48 308215345102126510850563519784017365048923302368
49 2643811681094502688811981627440236281413195527424
50 22678105798968914984066794561380343585582620226832
51 194528409987324273199556935432851500736618852523264
52 1668627116728460167903251264953380115009567021849728
53 14313161017781228600500187540634399722411943536755968
54 122775529815551098889570114541461092783353738476980784
55 1053144773733983170249332764708036543570982458670263552
56 9033672394730884282492506179353788176115379325144643616
57 77489096438260667972414078048829763422245681077512246528
58 664686497854446435313203412907347791145977269972634366032
59 5701552356879255428556564561204145269456314848684666731776
60 48906814540640711933804929980569483442001370200383348624576
61 419513206017776419515835023870861527519128319879810671387904
62 3598503228564755287773384675424314102490715899667838708184944
63 30867265440607507326438013811246941275270019783071940226731264
64 264773439194866931093097842501819385074620936696467061795367520
65 2271175405478294301049016113272558410661158278383803095421170944
66 19481703822463682597945249275765262060977503034199295887572414352
67 167110291398329122803101983602499329726932596075044428625322073344
68 1433439792829317930509974276631194820314276029295482449349008351488
69 12295769593081462542316203969882335856232476085616873736130085012736
70 105470735947504590050665705769237595384610849672120191970918963587248
71 904707595331608225766734103552557970681077946903863713411145828101376
72 7760406957415057106849333491561451256975225667963150517447370041327776
73 66567271520055901780743582620790833383649465978774626817381305063920896
74 571001193873066039117484652587543132043184957480760953040962645086139088
75 4897937919931631683595065034317398398199838318155649118001854551218027776
76 42013565163993592451503672396145905836577645962540831365181545718845348160
77 360384244685113281928269658589619475364227209577058577318439724995561219328
78 3091306422349666238130304674326945800185587421537000911356410457670041345520
79 26516629230587001415240228442950603188933918262671438627655727313644416699648
80 227454522356272523375578944101518459094928434454283618151847292286965793307360
81 1951060947092135420789327197188654531366333558880476413759229230778231312905472
82 16735823846604141196561998472067486043687238738927721800832824080922561631762960
83 143556663487118211180318113801060229107329488500183975252333020118250367064251648
84 1231401323319698063671719263008151956622787396307854509233229319497321273902790016
85 10562722636762662909072469767441556987905243797276967372420163702092373613260473600
86 90604993992045711733356182785619777840042720515153524176390333312193676170898921264
87 777192132994857511248401481045600548896411718157961953423096721697245321481222466816
88 6666603958299742010250829230713942196751878896985667719708989828160238589359434225952
89 57184840723435192965477673437047553045304369473631493496398994593292632745968079705344
90 490520515245765921985397780807514350580260931044846288736766798384589168176825019794768
91 4207590208052568551764609453708204160102291841395718527360395854978287366571587412409600
92 36091895871123145677897355340327270894718705292895127215838429037893458057018508850329024
93 309589309595551114316368777156280707919707348149108168486338572943734610139755649401070848
94 2655597283060303106619409172186692688203679191185589617701927446792076238842090021890020464
95 22779200415577288007902806975635414943035726661694962094836942475496770619439935135191059712
96 195395580076459029192872364929461562124715292379709868825844371415329357416377379869162953568
97 1676065534210206832812734361169648692909577161109901094344587972050567193486407268833088943360
98 14376966325789442744882753436662765560828899995071146802742665176781780813100082366599773377680
99 123322839420048766216709976776359096105243219626569142234120429214921613834477590960727279983872
100 1057839489777620398131486692727460556763375494694212488143697771594401173868425737771075719174656
101 9073942761903801038319698409763807407704106447905976314768020707298886174511499839897601338033408
102 77834527867375410818401311786202108961923472337325362937888779203414718206778348688527404754015664
103 667649541913813827735983152964562206072858574693919608904568413237523134285155631873057343333461248
104 5726968776341295836571752006265031376150901155766820966555363723022210985505175607407596345141313952
105 49124831676170011632015989894848781944858551394822405058312658588501976033784900874498137008857011456
106 421383314884030753028292875326586811628745138073450933011251816078643336230869081909866509201043531728
107 3614544661102396627428941704363924296635040115094835276491715304350067245422092609220567353192042331392
108 31004865749607219783741752757675472336067017294484152933381845117116648545340182713717742169952733520448
109 265953748060199746387368688039574849073073552963914998767323972403501308116495805830143730355674781967616
110 2281299866881837726371322643676636331697705213994687563291943029602030830055374073253702421836243456793328
111 19568549496272069134151378638219497458222372346919872082890319805833048622215104352141217962239451047988480
112 167855236809113445266276848303778272905196928482451723990560412347592276597349451513426120994788431603567584
113 1439829790634770307560519609632037485625438124612244309417878183734025305938879095895197559006718864305485056
114 12350581759667864868161919489121600203758086287958953071544005964262901204908744238615142002182378424289099536
115 105940904122418826398093770962759498355552606789613953670647668859345245879294768257017965766909078130717170944
116 908740607096500283950771436819871912903285447694046983162016797872635385454232086953183792586326369586283761280
117 7795001353130430006654700080840889629530237407385379078302701980671969190046763457883766542915059532009309668608
118 66864015562642110784231324867083782033390528494124194144499377076849567660638051550937335064983163337608305959984
119 573546606937508596866502053660135548853619351725572424127639483388355176948785159651762366600324617385944544849152
120 4919771981408207274712676672957660802143991689184092075495620917199878620348258848370480919601372377179859266976288
121 42200853524858230634620142926240340030242854642910818426377125193275431684080918348819621690012961945735677306475776
122 361990768059291503225245299984930638223008968574132774525957133248559106829385531643178910704121039176137202611083856
123 3105086869462694920107319843043297845402109669416958297293967530180110849889889062638623773808447438503571912151022848
124 26634835243451345651526670355347167045342794671403802581120138511104067038286759979964217970390821174278877060821933760
125 228468470696459185723791967100041517702786875604418265470759351624969087217869537538069258073028650587457654276585432320
126 1959758400052901022282093878504644205928021758899850713854083349202498440204755118642747160824996103531520776219136389488
127 16810428917697609695934310212347114326882286402634249569461944547456003737747858590943322047939138792067026027021729746176
128 144196611372777318443375645817663325787898679375433540381810623456528904099479451652285186005726867525128249227203739536480
129 1236890672640825049527979620031598493698879420668813543929108741591745789583580219816906675156072988131563707853358978512128
130 10609809214661615094847649151688477292853732029829975663493170184619162229788095286162868663644654121206425972412876223658384
131 91008893559832537028255288929234531795866211534927644428601921726367431229155304209174893379133128758984665623285718623411456
132 780656705451332724957883473756343400748787635675075744960653055495007484210776350582773125400036980444654065825580756541149952
133 6696322391453653961988897524738584794670225139112635695383959174133163579133412145496986867968058168637709746084060709659690240
134 57439759701236588983354603052022968925912800354083399709931751513183514943765036573405886329505554443235391304160589140907573936
135 492707160985356489300984138417371161945673130520490388201201938025284145647454398795227440288664725582886878732598496288120007936
136 4226346832732723669452451865634759626615065452090803077132661587902839267050898592734031039377224755474815789056419112984249549472
137 36252786573728716337536627047873973365565829782828873730843021686389311686434012280278075162870018277988235384430006196041552123136
138 310969398957380798545878226049023096095552846541124720876886300360592015240851181283444337936614585875045125586650115047588945075408
139 2667435422963916895858926195873103418025190826384349825500357534406744185249157580413415450713723006727934117904129386306492777528576
140 22880745692465544941846909992157440526480286914158078062029345173338071135591356073087347566833293873720827769164130859760735002422080
141 196266615842404406147179851957406734840215476111646253230918012274966856378627287658773210133982231592630172976216882719975331606455552
142 1683537110720761295829970474100661509849204443874957997830801479725540939890604252347545399790622530491346449573913821594699306889598960
143 14441056065540232705663337786312228111634059793583076617876141344500566406292658070512040376006424525030087770120257294364494777078353152
144 123872588825080177868592246592045181857712249493630685580946244245794888809628333440118478105981845429883325357871145595251265982069480672
145 1062555133958850919119946686165475424130883440691334008741696877951640185674205979778859325548789482762246048102972572032302953021011752192
146 9114392646597541949198965059161563405657906860178729544747303664923241050597107787805355867747116330715645534985938562539988849242247857168
147 78181499163099843479420219675375436477928028156875700722915128349917396864395437211175365770875260653190941808814305866132869056704857611520
148 670625794651446979350962371152166834460966824993113495684355514495284380337431991916406352989999149127082302603174805096573348328683819263872
149 5752498497293498138894664732795087114085023487942316827343698366801826811996673501671051973885830297014685532463686881972353339870589503112448
150 49343820689991341544914501296861044239706020434530966824035083285377040560109912116988759362078280574353475966478997589299945908155803250766128
151 423261760334500971303106779371717293381602837309240463925976872001471443261282759602797688473240215782242117126747279110437910829394327404719360
152 3630657603248760015478331039050120898760614482153636483325305003319505899787080461253021593778830042277665987954321188391286301940338634582317856
153 31143079454214432613272046636623160198355760139624935068654666250708463353594789632644514203015179965761774565510051487147267584341965466025891072
154 267139318514541714258373756550430365839128773160089796611704636684817380252427128538666885814896465013583364938287858991557481050612597667451432784
155 2291469461179328747925336293722309895998440570525270841440729433022658223895993215117681134734763821248753356650861914291398420436197065593680870656
156 19655782311324772095788015344603999256322863129169863305449805682848412298828308720468834030623764513965270793680515747296971163262108962670667139008
157 168603503042693329987881777474241384090509899250686180528067934663915347663907104123490765592401609746312020708175025716142704868345206422190865032448
158 1446248273816558646373846059041941331445588228389952057257193955131715494396924767354895029682868190205844740145102389309096657372158456353329431006832
159 12405638268308918739430616983718031376507146471442596580438621275589121298813309671966953464919161779600910726701651075957777735587065859161620415761664
160 106413168216269403628343466993298579065179274290666444057410845705788022033041233379596882335488555359030023885545333818155999247097116777494331234942304
161 912791597249083224704650444546368173606132457560754572574117008004988651235341231124493128959872554712403826623093448108505464400462886303533877767681280
162 7829749963981874900301568810260543326352731730069346062158047651134800793332852389622766905603519946527034351631129195958093895070057607669506181112946320
163 67162082432870186937444924246994171400686413963092134028318801289288189569472488835106565739812826813384720779481218977963652993105455437319051619740409088
164 576103366961884263209326990237544531204034310735857594462065213028440232825072534389636754493678581466265150332240267472703837228078164506834023301640276992
165 4941703374914783265818101153836678386231622643567813296147605483497228491862660441950665722633453325382705483386388560178832851748589557780821633225740371200
166 42388976781071036616583739544367497045738955119054952131568769842449662147426092036457864831727317357576324959202625307628097405538251877736508539552441413552
167 363604453004459144608609504527155597634298837457515209850212143913544541025814328358949470047388487077220336622250044793837744266442028508882781805336487849216
168 3118928747148009166448943816767686456636091143146036896597886482010852070361472054072555613554335228520253159097192026751413820551420325996223128268674274853792
169 26753568195895972890503483556032300801470983713260178615046007617919785938842804607096553588960696835853397165455597794390759084823070026890534792834426798003456
170 229486939022557391922383304370682490387856944510909443024045862861816022990111324134789927260940703317233595029629633172165575567086754586475748595476335920533968
171 1968494624579525431410062011378133376105672055070863847028975083754250230525004708083672482095494014926817760095674083371820960682147877726745715835838749065280768
172 16885366563792098588265453862161362501287433145065786696661768183533187443196118386292701510566569121299757975199791809451565381989417958101420746564836889021625408
173 144839412022539544545832331371199898012028125268403821279708066021062294367408414534736755436601512464065702955783256929773377108158643034309946189426100608847766784
174 1242404492421256174155277065601393493826534484391755623545379015299802778066923948017576272470902610933653322463308038890698976320118615111432530387780749686919550192
175 10657105695432627700339674600341047701534258141111143789065680681165247623115669216797155814295351315630410421938784773186142508855590748872877745500499553953193790720
176 91414593633901308614408932891614884946829581649929262969010609097841629196336289918569160697786074510359370029323512577804496983369141667993369740691147138375881879008
177 784136722302825053591277242236656846108052924334028478846184691301277982109223902615328890042327540447938715392989895225729851550405014867096403349636279795544699565312
178 6726173303644066048289514845170626540015797664279649978526998500936181571135677024631185213399849006958137418020139723166621641692884154693933662817071061334109213149456
179 57695815058617279297683382925260818254659434803430251727379318037834865757078253857061158996310514146458618504205049129716583293731229009799497489681859685453305833200896
180 494903554369422382873410373057846637087121905898914720383510766354020527205403203857040686531226023419814407900141335538646311406879016089879498608655865113589963763204224
181 4245187070823880386427926246542350316183588981719608276466280411781535009460844147307497292921179982274293015413259844696131147430005398617254866615773164512624422853543168
182 36414394496019208709193944054929454291458881154842170818964718286198361490851230807330730476278990234776901479976875358046419231626378520485155393387957345833956867830169136
183 312355640491096274646372181147418139533190196765829200061603768138560974534052957978750659162127720848876509962212977151616777456235494374880020726941732305956935842242178304
184 2679326335009327740390539913312601101575875824911578462648882307720029838534669587203659330181708475022140605824906411694360471252803931780303432246544322795213833775291153440
185 22982743638590219033293764893865764389919508197997000778812611990829309034049828260997023429244961030114258359125235551435098239458528271937260189602805248994334247012229256448
186 197141534517601154939229559100569415284117418399007505555565061355010094880948479569845331880087698696203198029299904897161902757598716925277553577153475407191785061300795130960
187 1691041994076670928521221078839093074145049725399156077650043674117191804129110622915007669372433555763129107474588821305416687974924901963260854939124050082552105118086973177088
188 14505431504975382081765926687653679876373512942015787491205059379423428779802261511933666252933224474466204989550969637373762828832779813754517402225092627649015141418678045077696
189 124424788906805003847218980532769058491977530359015691098127082743376378088282547483917637416126757085286784291140034319151188341533901369981864279157544485213773437525394063697152
190 1067291799571271013120258748125338727373545256049239786896237358819485006176130951067446342824679000673339602362362926990231505911852225089399197781352126139693382793536033098197872
191 9155022849066551000083088298494348726107846274448071457308241872119894933566960972575868662087109116615761860881446594672023561789795523717154386390282248249896434484638168992206080
192 78530017189861969672428444543454270581650238027417404100149617918568242565659614187117092468222833365271961610860107520667178270785965452305778816065426639841996796533307889108577888
193 673615314949083058834100558501933050204933535134555900387434147105278762520174897421541747669781520125923556135234935836038761604428855193173466972437621464185343271449817105138988288
194 5778142024812027436593315110608678009066890123705237084895796457596832967104805860152087794475804614862758377247143087084940230820899797416203529444809478460848210956826367139834577808
195 49563785914550462173015541904186924386783918874821948530591341568596878836444271788988319371702083295842084748277290544421926764350069220391584445499635249100697984042352502792233180416
196 425148579532069750797420403813212619622390619251468702402687349408250005161162143777115528225279316971690702293463600482994352466542587749837239575927798775581412214557368298894386218240
197 3646842373779872942136947929539581891440451649099801553087271609042040813396822443259924633645546613606939811353351846033870598296248639768100624291289740632523245091997408785862684460288
198 31281909288828320020602032399428498623306359264897821234166575009402324423355472782434724175249261915047215057226627045005587149959968110761006855866305132460423153860658045220004845247664
199 268330174013040647579650965471997242544954060154747834031593888816938743354136096343454198373766912013654413622936844702588557310617025536075028654417843892361414703815036703447046000045312
200 2301684389564493618751122363291863264908086825745567531991761832027403733979341870696179070240649421328633579210608906474515917633527068196777875490671605783124022231479306177658146330281120
201 19743403993422703358575342713674917436722334155268181145754599400174791527281118758389225027704285299580746285154442464951648825204163288175846762139200856025327862109728205564221659190875392
202 169355104902655563166268908942405734242756836794758366010323876965032727311117349678945519641311121357433697510474039885166384111035633858627035679857293122926388724580609167108947420021376720
203 1452695369356990250570571843902151321860350279610247070638702500287993007475054612405830811521707477541574311197913986010550640103076162092959488723091540909558142013447889170686116412041952512
204 12460940208234322406052339759780535727614407044169537306374783828136283842563659453936081936024972229855926982269037314665129553276538749285000332232483401776313205583426661920214860852349353280
205 106887537572258227131230591917259831195432819992003553716281718287627579789901238831452664481329994591476699074365151652784798301122946185450787037043219846776890921929993388009307601979978245376
206 916860645933537825623218579222211914136760974482765331594855737213051177228680663997202393819395020148608833555639629560870412332622144151715504147449009977927804152026943211275242802937449779696
207 7864653477430690125651804673480072587734904766622255253235552571010794230295901205043399430424986401740266879609150842570209922747259412898730745774969496048737752411272131811175887043374990920960
208 67461478027650325427980756953911703516252879345932130158740234282113413065395800887919181933560385519285615404966014301591682352174268951134059709991326147326569446186088441134336507686485062254304
209 578671524528749371402121713423335549999980362212327705699739285969922329379266432250851844698900773424210126779572940402777433103804139958596685877877211044325043759573393987434531689454585429259520
210 4963732534338755007624784500262844398726294628928090748717822414859055098438251604609341842050076174535985726823678543081081910036295747033181301145770231441757566095138023875102789190919713198886416
