1 81
2 470
3 2180
4 9623
5 42669
6 192393
7 876277
8 4010555
9 18395493
10 84458827
11 387945181
12 1782308819
13 8189083701
14 37627550715
15 172896033837
16 794452690915
17 3650504500581
18 16774075855627
19 77076986789213
20 354169411790451
21 1627411822174741
22 7477973617658907
23 34361365407035789
24 157890830136081923
25 725510009663949253
26 3333726074396882475
27 15318506188396345533
28 70388696300098911891
29 323436796619696061557
30 1486195468109302591803
31 6829083743517433823981
32 31379711337570410215459
33 144190102312341637147173
34 662555030596017901014347
35 3044447306256151258857501
36 13989267264776051647298227
37 64280829628360119294919381
38 295371085526491292527598171
39 1357233232202720977016676429
40 6236500919894637772674438723
41 28656787058427930431470532229
42 131678236732473544227945752683
43 605062877203287774819209040765
44 2780270259187382303457939970771
45 12775370966156487575811076207925
46 58702963420044811055004059453307
47 269740731867912614012689156114861
48 1239461488647649837812667996969059
49 5695338524524105550161874409320165
50 26170140182668867134911068413396875
51 120252068289086848500013728377844445
52 552559513509205089349277121576427251
53 2539016753005304425355496329519485845
54 11666808577958191792734438398938740891
55 53609107633341591597470462300569370381
56 246334411166465830053690672893965713027
57 1131909199827638829379502589728120705861
58 5201134630713994807108897961780573383339
59 23899268113495065680675493666356418518589
60 109817387342329370107115323721952215484179
61 504612045248591954348192470406981040922101
62 2318697634065985502607600422264504884702651
63 10654439918441880974575310933537684774436973
64 48957263037625269647664099416496689392912547
65 224959136517965606510964664471204030290715557
66 1033689588897480592236087126956560815290585547
67 4749814489573794812043139653757496189591852445
68 21825447337075483383331130632158429700824863539
69 100288159150021592212876832193890665840491287637
70 460825141879898366100467512903314023536628557531
71 2117496354389736922298448065850389125610826157517
72 9729917930611532001220497083480320626026195252931
73 44709074818558587255388886862260761761949175078917
74 205438667148741022593806519675756772031545086360811
75 943992827655919880081894834949467260995944183535869
76 4337656932035251793501101049052135336514666996876115
77 19931579042559773668125279508284017239307413108569781
78 91585814497184725665567830128596027480063940988183547
79 420837777037231787927416934206456670332102323897837357
80 1933753994043289997930207050787190851950343592069597411
81 8885619859995479765511781604270412630521920320096503909
82 40829516339490792411256108534685077126759100219615521803
83 187612055296454427317001457595900918331782945964503705693
84 862079359448979725175889342974613445870091296984707422067
85 3961263687525990963809257640676470188664925091940041524501
86 18202048141068717093035994699521133840188655478804873766171
87 83638601886840256371448247630600489728590297983081573010573
88 384320251840331022820957990557430090999515058475396227874563
89 1765955583218028225648636471730613142025989578845339851054277
90 8114584404452809335197638420082172206797167157414935308951339
91 37286600344160084711178551213908448386311137940888739529245629
92 171332319183494942433342185437557428228926642921133711849181075
93 787273801468805706420716723120444563240670044600421856602570613
94 3617531364968834586909830059694145492362602255055592395871332923
95 16622594518092584590767680367999430892614544555263066394940259821
96 76380995943431741285459856905957874496262810591549717382408018211
97 350971476502092076566911630525718352855110179954779906547955981605
98 1612717611188091835257916340074963460991931058680741246084175648331
99 7410454317704994792129905807986932583477930464703158194369928882973
100 34051115219320230475811096776425433221500001351461981540453813955507
101 156465231140984935986653341012695869123300793857373293541803225507285
102 718959376170780489528747074967939583131035045183468306992381000512347
103 3303625865085108673667025261978387261880180166487819826405390023981901
104 15180195457756783527799678229413278104298611846669864546143428050687811
105 69753157151093767665979261743434564762931359765317477821563794588174725
106 320516487820254422690593284384601667169644674040228243918177332852494699
107 1472776619158670242950793891643437917613310487944303762677469868832071293
108 6767423993354305509257090413256133661370638394965832697295523040841264083
109 31096384142756047127809713205466440949274221804316171201741181597109581877
110 142888210891388087388825298312472652049966609644811019079455966178266202235
111 656572825895514281108026120228050500225593491675138052203301963831771104429
112 3016959013029416382198769063171685680748645417767443633690574456335579953507
113 13862958269533852697966215077671235443800949335697822068617002887113656984037
114 63700438472268763057389593204550959360493198354586967563863187376307679334539
115 292704182084776744318835882205525892796285594995697613282445342001347666140637
116 1344978782951644273483909003688618130155611577312451967137698455630061345181683
117 6180191597215203825555253570959957203052333424870870340212919966465591547328149
118 28398045130844729661183595001252200315948381405563776753370533823416899562803611
119 130489314864749533626735251031518818760986516347300569408936907125645604514093581
120 599599768766380712059288115995230234146747142064606374055159568370015239092273027
121 2755167218690165322366531533451473945576116022996464647686524299601859024935872069
122 12660022232100837660634001122733511493470703186043854720709954938965434225795584939
123 58172934778704431285940576816394671062069901771867372476242713120733027500579760445
124 267305244708550140896632076864254953294899082125898838702155686496261233609416251411
125 1228270399637024841905965267722716133138495035810424650220308138013020591169301274869
126 5643915353286146889462969254297907743341389291061430340060080519035193885116251694779
127 25933850172138346426493138962575734361768992001930157019576169193138007401897670245229
128 119166313215403227313723132422996989538952625368182613500617997325266086955602918861219
129 547570457571618280454946709829588163459730921914073004571036903647307345697527926789797
130 2516091988708395138962585836558339784641524873972888106165757825731315558901417592806091
131 11561469045861653847291307371982317542609692271837287090490438953375303687425045471101085
132 53125071379855941208592776116370880750664195353663709929014322637727048632178251796055091
133 244110259511095745270505548262248896976598115953318584581576363967200233435849363892189013
134 1121689199671736986101351688899802447425431695133149153450225965876987662189813092510842843
135 5154173622936288130931954664185717398728850043739882298789107056739479132638955473308608717
136 23683481790808535172865645717601242490864230190884936804034605157375901988408275065872676803
137 108825846929078694386406466507882816917159158992150781557746922227592165994525256586572428037
138 500055906662656036294041535836446671608459201081627007532280118203871271029160590155388659179
139 2297762129535010702429714643402893372832955839988371625809435531274622831258128517917267747837
140 10558241055808638193171227658820425196780237216703646289330325565424399644527131661600198382675
141 48515228256078086234919651275461703448494477274251788614441672159676615856724820243887174613429
142 222927982066146288031712945113811500297837893756199378155959063561383042376306376325177766943995
143 1024356412913669315918226668431630958255030981142335363529516490985633265176465092965643648541229
144 4706928448156920670350474990707827135120677159102418204126988267285415756859089451445420957116899
145 21628385527504976685202063958377719959760085639503558224909490012764212503949607682328137537452901
146 99382658070690845407765939517487666734578583667395668364334278411381515039984186461127183334880523
147 456664354934644095156280412305415491764442007221208087443728004232485917153366718992735055738295133
148 2098377494789267174270897117302346655854240415935955503408751984351685160082142975935705574087428211
149 9642066570464530721661174867175739835368748070327834545688613860957186234752919365984516942220765205
150 44305396898381355671085054457456843286444520398632589016018295589314487780568771572535575488716406299
151 203583762876730412249163024846354825675176715421073661470922939106671987636635734800362457672577329037
152 935469523094668143647239258333457204336038725449900488735451627505204505033266882628902955623805747203
153 4298492258288983606223872071103280261764484747150905666211478732309365310723791220947309214010390687685
154 19751616956419516877058550038981983760400117576728090013293736239909344068557386017189297782435468249131
155 90758886826147018001391362005010325450751524047375264288213734538775555401214392680537819844450355695293
156 417038035726193040912314042898695452951637789632318806900102283291798488968550413147203642629193505317011
157 1916294142914235101681625161310959933399174237051487877537974097549706137736893289667134852426272595133045
158 8805391661153853167194023699960169495603921439150248052779159055212818047002519792829258523263970498470715
159 40460866925369471240725213240003557493985738843358112994278104349025270282477547570131594431639518650562797
160 185918107376717756583809598675773203903136646985208704581167850602103797468249449053365888327451264482245155
161 854295651012552193911941039369022743106798575689943877029679953192129782207057612518289787114060930570063909
162 3925497465721054117538168792756921847471662979413205001980162183433475621385707511461045876743181678606655307
163 18037701977199935100247970757790255001169839785935708586707479695715226718210004157382111476472330991630210589
164 82883429542227206581054657955154569179858654501584181268373939422731081876000844298023504409844707547139841203
165 380850227005898619673863002292290424397231955803661492467365499210971022491073100483179530626247353890201553109
166 1750010782752980116987151444905061805547386347611198847470416156834121459493874767925784187211188532197368679515
167 8041317879283463038184624935765094729644298459350484653299172423328561450187733105615130386734673593974003045965
168 36949939893491079857467182268317713915521684463103563631811861945684527618057051915906726486388090099432480380995
169 169785360885927454534519834076299446752960982026010313966392086108307774384821771128275043372202923114407039442053
170 780165511886060182840682324386650651477160412925761351863034094477501422133251484496318576962710751560889445284459
171 3584868699872030841247499374306647970406222689596366491912571530231588625649452774951470838310601256792854165809533
172 16472509229809506660506806716939208295613885085712361630772157679104639160820095101795849906889533262664686387428563
173 75691352471527212423301956470512531421223616344734276996146249480060075705004649160765919767202787349428871112538933
174 347802557524214100514837947202441500959029005558148153556770145968144602656837911777929268890151525016119382690052475
175 1598156395288196574122704746487752051144520317592040603748488134591636979511145177474236923306505513252113713285463981
176 7343545378106499619586313869579929088536170656875052000871463713577317279093293491723229847858589064059901649178286691
177 33743667940949247938553156033871985278255640899871096538976802509332349107920367888197243843678148270668942073063036133
178 155052507676154380941856428387096219742365988687167751808196968659791597607517508003352686826387096315138834174667561355
179 712467897050660834080025794118044187442606332184843795275007123838025645958170633931254814539711263477730908896494880989
180 3273797450525572968310300819865822179537384018645616519360829006680521565059064382368962637414829334159098306409709256947
181 15043133580383122431133427585100683874468231811404117386111193362504827290653316970249951738872386288510077226343019977109
182 69123356388746949699472475432249586974395297869856977230411935095313421523244437132464485167325984760637171048554598214299
183 317622546719686539194024212860651794248773958016284506252308741104214182101019611860276288050181480197705376561254400668941
184 1459478929485592052724448767247220625764869604689505675389701849858636284604863721876974280565806041764100776909660559687811
185 6706320970004317167369665234360607854735825319071152814677646223077476304977625053011222200144245295825106431241284575738181
186 30815615110367809717597056497069055121433320093515367506287399476676559569192392921560382267317420947580284612973418216062123
187 141598074246320717765581238975225746950410145766556776304538590302969535967224857268059475334633434712094249076937418900255805
188 650644634496385397163390073982519354313025207077160126097307796100099446861615399558520628543392018173017042680760818901739795
189 2989718911448648928527602622035058520685126602870099080477596599695006260782801901156261873072843014330787780670703415561610229
190 13737789717411941474974716982560166919873654535491784293659681950014334581782452397230107306088022288164621675321311570109538235
191 63125287664044273135189899061348835996126841403832103401260369489436396865302918441368637111473852707297255159922410033302222445
192 290061358095895782592150166727443422654915288787605219297201203383289875487359139194307810560551473750693974113041567717052893859
193 1332834979037387204203314339062671646383370641354860961946151071897533003262014670905290045920751553467894523424474517426668194213
194 6124390691014723684238035907926182365929665085604267319555714398823148211764474901907217860046650053269008292566983611915824440267
195 28141639382301706123040886357626369671967407358898718185705571927862678824583813443170577449322289291711790448955536615577373600669
196 129311127764172616455690272845161919368323114393723508422123261659532845374272067504555783993704610559805987794935153250923760809267
197 594185986696931817943098047701742045159608780185907813673566813197038952874030565277217397231487819382807997269558161095243731016277
198 2730290833368059235184312315213602690855774291289772455684345723267872415766900780420921829060183691500914780944714368312575036299483
199 12545714980948984299532386215087895877329179927649912025529245480758013043068862711704207290239772418101206836013836840972110347240397
200 57647691762216749949295464759877516690857122822704791952860863745896924068042092068217796509605248289147702013409711982270705756993731
201 264891747545517316039048314804531795793974715066700162015024743613138376211370813822198590741569866283350251526051360100167186512381445
202 1217180354889891857419839825579298856787474747806193621926902752079214541298271813750101219562499843014392890553791163440588153153359595
203 5592956481497434045592309231626814441452975764579892466214555463841934569722017461876399605043552482149437781959380537713697313749151485
204 25699693622440942886582089054341141054609375894863008647063300015590712519762643459714510096847833622893080476462361731497882944493249875
205 118090361416597174277065240007254298081001437318042128920794969023464892068758501252812600368287779406194972537325452584084182806801398965
206 542626447784789677569654711834290350596678528164208833463253335710401215939308468405601736423725851310110441708099473166509060476559496699
207 2493374211946108177852352140463487576740021695022681147075127372638748986963939167727456360116867308523168495144731248383110447972073676077
208 11457080623655037912875369573435220687160567527194245270392917630114383393447792124214299258067553607721221417548260671827385343543836199651
209 52645405486277993684750554838696398595088013076844910279336429772295276349603268484991343767451891803375961756037193902118619125974199627365
210 241906189705283995983308641398262310317147425092936472916559919473801955016005298308455328385347492493340361210571241569890606550373484576267
