1 3436
2 37961
3 438463
4 5146916
5 60605766
6 710699434
7 8345076092
8 97946001730
9 1149838343317
10 13497707804263
11 158452634496858
12 1860069243627167
13 21835461223405598
14 256327049629318759
15 3009034132382588682
16 35323156172446033987
17 414659872273939254198
18 4867707401453391475231
19 57142198141867856789202
20 670794373742369589408315
21 7874479995868704050597102
22 92438811893780275621941911
23 1085142633500073951122391818
24 12738529520107245425684528627
25 149538069356966218185268287782
26 1755432928764860366693836749391
27 20607092099312667509333478441026
28 241907416580293210743290337373099
29 2839760113423289275452232285108318
30 33336049037878411458867858300417543
31 391333113034939251150551463014975866
32 4593873892597591079835319490952270179
33 53927655590991845996668403406073985942
34 633058744217216443077644419489108391359
35 7431500020498866095048254382732655036082
36 87238653693918522883784771294303333702427
37 1024097783399679357957481898882429753533134
38 12021921769263165795471765679947993311246711
39 141125784440721672813560337517721963026483178
40 1656680804971642526741306670799067988461193427
41 19447837264028291081008450377355827066233581062
42 228298881180434330302513326253318577874642420015
43 2680009012860395631737531371150690181090540916002
44 31460724957895685355740452025077783099778390776459
45 369318614275838998421459470491179698426211022249278
46 4335444877165636943761445459439120832092870515494119
47 50893947817380331887855289448883370782851521237341786
48 597445936420626557296172940562193525577284778009694275
49 7013439952159172781551819026287668808211823175562293366
50 82331031084144560348556499905873882008642685300129635487
51 966487020009569676816573490892055316914975699870779155346
52 11345626886323159861528148589017008221829962706578159266299
53 133186733788089989483196216746681978636459779311162633430958
54 1563483995628577589371847198445224563690537628073683675295831
55 18353796471021319809529053301556495211301072982810103743984842
56 215455895833614788689337887130490169163459246340187375665227699
57 2529244732704737174787304511946435277091584053213956381290332902
58 29690897495117904091951134512350427661186245274567511242455713807
59 348542544209584121708645134967691537384212951340165000112163277314
60 4091553821977434671364460969857843649666283109027082516847874869611
61 48030901696957943887971841391920155914392626961015171823178246734366
62 563836532084988579306296368472455025652351367977487558298615685342151
63 6618897911170412494757087607364294906519356832213895072221352220074810
64 77699487467570619704798939028743712067565083336497436167413726231973667
65 912117158135108700404259788266034940071381645404934252877815148659975510
66 10707377066183357960105490909646348143988008781169119509877587867661140863
67 125694295535274801915126196694329126271013896383488340933228495528870674546
68 1475529985770882427446825978833876075915303087242486659905203959126309222619
69 17321301095148069259558486859273633095915033506341599001330523789632199978126
70 203335394415607230813078562745285769906938038484971917261560780156674780636983
71 2386961718120120269855825780245761503073175684055725827543111581194581556732330
72 28020631922671461990546339641693491577043870652618791267114567680069993692595859
73 328935234857555098620017653197560083678461669604946464090727494881168344069822406
74 3861382892055754650277889476277856187114263357427120200638011930919806850470383343
75 45328916634661339424929212304216354968562820329449549769903871407040605354314614498
76 532117829469683537870326552732676980168776348845143664554897111839111427919902734411
77 6246550887629495862395676858022315349868710923943019094275674603506275336244758521598
78 73328491981996072347009380625425005590557860046823138308878053427023183760834822601383
79 860805880410302103817342293679098199313125431778566251535043151641164142186819140956186
80 10105032078538934002981945835596672681351778880603410058579546094452864568672462790577667
81 118623345439542630290478258228309766281393831501101053905843899098274512312615128454634038
82 1392523840983553668995920226771691497594036141274101494965957724674431912513647784648092255
83 16346888890398723160334932706216135767649542958935660360216531151162027808062026693863316818
84 191896733492405029277704376969660375141750961896102275172311518995956396610170825253104994235
85 2252682854331000794969811453276168887642371318042096742934975860026038073115047223188717760878
86 26444327372553784711779034407253383712112024771868461353504468106389997991378985812749401579031
87 310430937423046798640853549763165965943425413628323408883502618634504538775333746431555437416074
88 3644160259843477978164531933190956704486963799015773450034198855925305140285476008141627022321011
89 42778932118241148930825999530166008116663590605913168100301266969270128399148539333478672537021606
90 502183466886192026301745900483938776435390772931646334460608618300482838354701603777533046888027599
91 5895150297739685952894819891472955753260850024620080797052158158810610817589158361640901134265975746
92 69203387456035475653687657914629630424546600872600134144068490923532358140029782883613802523791664939
93 812381125757964931429255159428265271740192350186264985179881654450752638780090605308824496137365965790
94 9536572092038836811354175870626945881105816339773372856546793237523257616876492517651121982106520637831
95 111950172625933045463972213971110370354054253635150000847163487965000120436551451510363343212276091256058
96 1314187218428167443780178772021627167656870951206813467454290280947063782049822573060868373349638126767331
97 15427292379894796277150291768323450533208413671238029615111521042034156624906641643157223974905388790173462
98 181101556032040373189374342393143176840294939774598932569321981237445482367636684655937248881640999206326591
99 2125957866719961494763600341018470182136873807649319852668051720434659226668781205573718777329032190571280946
100 24956698054371590508594714349277848855800101656764491271534602191521448802307586617964839054503957729280824987
101 292967601817066932708475630264926020220550658364117621924671874697075328530587487331701150681353843676375692878
102 3439157517050172892265319039534995440725822450257997633280650019810354708823718922478189269879527899150121489655
103 40372397335826084710640311444055802964052860665094282534814526553683163545086576201302061338073804361133403716458
104 473933066037591016771996355122064597105638558742294622741526436161579939356633486877227234555755239895357180707923
105 5563517796959571379824993121627165238711054001535933322535190189083134885250913395676958791478184063455876685906310
106 65310341259520390543137561689182982581336576499176623488179706899560410734639001930798503706186999749075437307092143
107 766680512420765301675919236571372070446409157645614956478645478620726999630200155890576677940227784961292974113456290
108 9000090901225889364268028593516038375023699033069123305538983767702783182563539037093034058748539527730411349050365451
109 105652400078057778300989146779579956077748071532038980476806203894459837292161228441379398302616732296661420512636678334
110 1240257433481429042207631748014820273110109887397810798442929746041753975871663035935807116168133544643111070189369223271
111 14559427899124532809598712144008156607255867253517639736546354135051808997147804862804191536161211137633971817183139236314
112 170913662782719243862138994572625945221024646320722607761951456664335515204755609971167424458662709080705884552622813121475
113 2006361810930879579608475495261076907005486902196633269714046656049380594435015509800059246203648927995162810675317382464502
114 23552755530606111391793295912339883429806045770738252485043981107184555032134939021107813266458807589703687195231291059779615
115 276486668587018696268170402128530349448102991211309137197359455576866543548010293039347839656453745390681480930133721795434258
116 3245687232095202030435244554538515987542818359177307422698976610769228250803489370339539583754893755375645179556505324736357755
117 38101242502657206434236190201991938204907669029230494721259519792831264737442151102300002415255005906753776409933807312727685934
118 447271895422026539510092334800419304418118025992641015532901311015121457894630274639203660174572918343876974208988060008440925143
119 5250541328683978563435222288740648454323610111213004404621743248691908391936826718699612472049152596370966205749708226493708003402
120 61636298918818418208715422642423265917196462968907630229285706546980093959041559416643040788004620160267234764283705454630626796339
121 723550793449738422314754948781259851742215139398170985929789542157041808225569589577424285446546668679114917236483209595843069466214
122 8493789534496308794136931788023718906278507928816382347693772104033289856100783315387175340591173547903864603664695845877059440780175
123 99708909601701029914837842687183059511577316412363074287482984234425451031807092857757234660385850430485173435583878080584434990955906
124 1170486578880100733785897022580295460765813701223341711740459380981144315703130951863530413978003001740532631194168342000685759496078571
125 13740385255552623862834547071949500202206563197504796070239720892786354216580165565816090304612451463481050383713170752327736356876604830
126 161298890886597310772465490106503720323136128665328791231216986366262299058567608692586484487099166745676381441394437702770193574779961159
127 1893493647911550877491075459950023496087601463307523844680258112622474827498903743781878110364891559341055125993455106697986130925891114682
128 22227791988985736968677664861340571787227063385610005986726562012774563713219282466785793076162008923175037953970656407993809025185069025955
129 260932872550464340583354786650912979136813957402253484383548318565415667492239989213818710879185567479647699147119454860591566393416313141462
130 3063100644957207766834627796578281823944824480759161038538428099361262654053569459213126674697409274797693486741419834349346559834026542407423
131 35957851800840742712701799224151425526612963821539381396784718779745360439097497643236047744386067442785440602017771547881673758475369509417970
132 422110552671470870629101089373855286981406562753434891875048201119689157936908989644324917542023916990916576152795042733165474721227648532083803
133 4955171395206889414803846175644507795000888875290524559261753410808712445373511004507921511415167099028121449349135761870974987085547800566530062
134 58168940341528922571622310297319898195864700685025943601345885544703148013054382906675855135308707229859674559113407286141558380893144946171151031
135 682847342824370062006986832288855801051132093739375216874284661394017464119091375055829412940077259047532563619281765986004816007459160221985559850
136 8015970221644353547561185316287026392516313091062741576651137271639079351400428583264876042949134452418486644125990567774910013262091231373582729747
137 94099771009602893757003054125660451361477610435034143658631217914589882302167495018636441464670399296999702710294540304494079061640136162390702271302
138 1104640693418554312447483390395382295483123173240087800205348621071604782945604995708270291660587395537609267143830079914153145707108586582041954396783
139 12967417969930019953263761534053266361050065135330742461676191839901983014217355014898699405070198891294532526494137586295096965371385480682141601184354
140 152224999322154765070042469718132635053273096591039787218392455610939203324838860486907279840436287708470063133043806278500769240582034944599182001255371
141 1786974899117489560799999366428664628371826934786733161576112462778460925979348805518116918108613413889390386904651759520093478979376946646204878197439102
142 20977364455873664187256330219083060176800275505100469775207453020744569057751199282706232786325022618254883013240589487110815434838873559772753354696676903
143 246254057475498714379235360172396014641371038098874114294218711096880139443132482610020967700225054791023293383066255263677979942500782682183754190094492570
144 2890785491700160695773271941109123486994576561934186894938444907025893906347435397911758667372144188837339782113462577771374447951057805117366840854947842435
145 33935037841378885290501191073538297084164894279019964165063854958934892841102551616827706884858733339991993218892246328117032611311143450541087980549259783606
146 398364664760557162271995787813117813355071826180630062550226533497478026209870666523557886585730317000749053346354546435233763051492450955890106882305739769311
147 4676417538461859278863102885943843036639181840040801709866061494895547778870321310979121618144732564432105541942288410780383992826414528511006243348277433307346
148 54896638503764589695248248661152607578500359910881603561691550898232024099036328261838768602131214951156057615355925510482833964631559371868123756370464505070395
149 644433670481066273619047603100692383203293212914690532396848857007878623572197908364770532085485809261899209194365666918107654698025087970553828741647093310784750
150 7565030700763586317843260707648663279528059034094059220002396102062221569549524698973901357605418295463154263812119110357906516779733645452912609266873271638243735
151 88806175289962645888209472089312368644381735058533179656019615112093491116961369260987636875043267129943446917609361053882549114409180801270860421659422042241401354
152 1042498977411358565535517751976176640993209366417721033493437755383980879355356373428034911538793817056023142271346300049330995675198446523687142757401816454659449075
153 12237934066580218712494823894238493372988014385264626758665876824516728970481606885098514062934507169595829418104869038298882813089485003001081779053176791371585142822
154 143661560791026306668009921369804364060358020910635468958022841188290386808243867209491719439856626976233807945247327223576924959713895422032758345564189987086621143375
155 1686448377367425355227185140145217676348595087506963991195497335283586178409945997513187322309751844120736814808903309830610773824619140812570028732880062311893721347906
156 19797279897733622811425730523016642801209172507515500788722896251146745234067947043345914045010344361533368180438123842934813264956053139042908083168178663433518091756203
157 232401001186304193921226313587458664060660402047764107470436091369812471042358841752607368489033006700850147070979332493686729437486124518953809557492407650476826555342686
158 2728163951380998148962474895863430347281825618316611308541781325126206241895024805241848893513168446885944012582064498879802908455800844235402730260008300745900330952142087
159 32026017562842596557434952179163901972775400085240450942313915609474455545484729395983588420254991537036564394068311108252835269297048381183901245158554531679336365407645818
160 375954605080207820511377165704571911875224124148278272791337762666719446509394413009059742702059092078216669033906258665356271053598652099852201010789199087988234624066422883
161 4413345018738872651949076157077911986105897213726317339437262543101072603264476219301118000161425878699574855170759441166322471063854617231659729465104721275057844353948918422
162 51808420461485715037391104469560530482688534541773082830975630768294733388201778167496327436271479062680526443090591336030831451034514095385089723602130921379378458624455945407
163 608180964623764075742946014075274288372334640943797779908783523068798188802136992314714160603889671891836914848694318288047002222325216670762544621153873103362405075009606610354
164 7139458845414199080398728294605539538628953246547934926476129321031682104561494971831282849047493107570738119277039197474652817614540998375403863998264908329620877051151481852443
165 83810371534557187593153143238034631576844663396986710766720724474744891636465649598211059413025781729769095404397174058107113481297382849676163474850666151866057034410993341680078
166 983853052290128115731558333311314976686906237561060606877003085484884766255019113427943877029321406200656414712473093699057142821795016382242098822828648352564058385628663858802807
167 11549487381779279743370167203224149338108453335595986155375797607043658726444498680834788990549221339574456627123242025046457995511229672363830852852044566809681953159528458788597482
168 135579859686752562987613741950748182386545755448387154091916810612519562840167856766250065664451680927836697371212408345252940118391583205729660185140430266068553669712155855939534803
169 1591576989094701455954781840574120700139055119593354510373371819610372841082077635651959102663116077278467230024165804743969474479957163179461222432927951370259812055068812453858645254
170 18683581160714720829927210541385671311143624541250321408557844425523005729529214092017445191008582826317804459893973051416706558455789618836290839209518948763685573959500797735602059311
171 219327250507416971025505612266780674575927220172619907356184293477307859517478138306665872752773843099556408987713986000426108832627964586405916408670535931649326939883220064120749618210
172 2574690708454259359677667284902943225988334812848371543044227164506170772519347559434232752274391666084518735796358145874330109546140248406384905620232882196480290655787682284024316547467
173 30224389485867933897681867389248214313451143986072583991922799329380112142911417471343889741227031609699003657702731018571710215679882800705925453846396091957379577661775593600437415429182
174 354805226427325310640818359717989058760405784554233265889194738164861206302107189276429170713610893268950864329846843655422106531184017033028041128100323476860705478785905283219692493718503
175 4165071680240444602645478166224365201062933113808891661331491488465296692207003157192786473501713050558161896050155444695227472178517545367015663026892213762829614549218140034541405376298330
176 48893930555147308758366365770471562922219870442395943448279611072711930278385112308187338279559066391795701048641012770116887491693790356094577055072878611047698785188899930208853651972884291
177 573967659781922454343167290338468102633218168403950234818086880216611897100248136768467943149887261290370285541938186549445038631020515529934210836419396650064095102362553011601381612157310838
178 6737827594039788316875321629592670953507078264962958111214422325633850914373698115511006853179843594916188517882477791437275615019389123140517243402071996303676974786170555108241135756306142111
179 79095607414976966493232134720350376607026022609904911100061104715869546644479933461814781529974967251761895148770996007905917725433334167386384559677512232199605077560995415598691529549938789010
180 928506261851854617584967987268922679531102883152487373423195254909213748737629507968048523208356943692119022984466508888319389326810815539189546800478285245917091662705765921578619456416881500411
181 10899769361084131873036832696468719534492689286198512398365544047837579557306198119588383140584540305486675592661459163844005241841445716333696004359700158054592789205196521962911125460872500367022
182 127952795803313602434683738456323248965919306109772301027720701015176992363062359188330788340637680975585589384451165911560640187493385065722274463150345631092324559462913598140535860087543302940503
183 1502042603978186816400115938410740401313355452378977319371957081819628096280540185214693990062461660081367258721909586858919343565720925878708233554425737108037567116752373407939466847657380138818506
184 17632533701206902016022331060402546865609175169767679259090729028565069675815176007098310822201467226467183474660290886059342857131781321498400467512093784727971205621518297500233119114511518835613363
185 206988965493226621719135881521743592009187701538861971896354165748575731153012898303760139275271997461534915034649229477843632692349089314936070326760491795020393955532576198690562268281302867673262566
186 2429851124176417646832614194505965266956855466708426557300664643373283006682597422793246739112804111011492606419362442620213084536878923047460171006030620045773913695894319645440798092909810193083416335
187 28524112247203850165175057260630376708142180191663597636017309857511603367771652605072425035604454294887346054190433829407628145330138458105640417009654189112463510547903289455128910737189844567994609922
188 334845609015185082014265275968519365693906378388118039160228072711996145545763944085319102233361438740374196785689073556491375721024639225319460685878580510161984275624522738687611846009480157528473698411
189 3930764992966300115286223501322514210507709365797145027539376098383718051774015704830123335490864704028292552170229726008581592453608943154349253133879808870908188040275776949753606104851756510616811825438
190 46143395684273901130704823242535576439230073774003386105021154523317938320958634931313576773039777368124297638050422509884039352547294550321572221705317555563612055315444138306529255566822034112935526931143
191 541679029167471219818026017698377999231448406430861223519166162875200448324661760840715591372688971191049817148461261602342256954542865857196924207995715937857188373745076940658719384336819064044254219340346
192 6358790164630495525475064158375350652260040296085703213229787686617000197577570677323543154810930220218626276714241545248486171315232092257997033464903938009041332082210845773552079377369489316653378858370595
193 74646073007379533400581300904378709054584067269539783968462193605851852437006465364130365991162790853894197589933542473325866449216342875695453584477168766860351952015550868942019457245242448791393993530559574
194 876273012815610369656966350422274985593510854164228156982719929022587130788707964188865263964749958983454610503474082709177174373366035872289004664154136264191527962372356807934422836494878508194242095354395263
195 10286601318103318538073661583973367312092718557644388567464874243335155631750151612627977339245477236386669434246011203629682633901925391759777214464181196754308688102981606961548529631615569804532608446081132402
196 120754793460552301719916155396245047121851172900055244273153485851136859058194349565734495534699628773225806153304728705774467091207194255053064071476922472022148888580137258973089908406166174329645039952904826843
197 1417544988162258847252224261221658368396831575178367060180121098730284371042641313010920499950631656827078772450032589128925938471209179221350510297681178464891265586604663652704309644327160577802682042302220669838
198 16640613062870853724644690102090594307319626615312111312567114539019742655665263276742510696019199600069573793599323996447977356496285065604571379880654994393454266166931387971090010846825108713199255414713874374199
199 195344772420366864565365830480921435788578430761859474909437580362820945685129179601869844342623305378816415250040318558253937615243503955076153958154929205779196574981525523794289325564114319038071687270867529533610
200 2293159510878116487100866394522832840529009785336008449106066591267021542291716196996463862860715923920466159818239864946647439547280271355261412035352921055349491202971471859558923283710246551932828435240463746661779
201 26919484341330123844092282125524683828701407158398558240134066942383585146088509902167784439258520616822025515431324255922068129154810717493513888164157550728392961209368952302356815826513106066056063383099960502877894
202 316008822659538923368527391633242146368195949045736074246218522501866500444672059111350772221764806476961396447690496609064264000276550753428202315862163093052182922949650978615429522237247630879613237809518209738163695
203 3709639261007242654879852387979960101008253339774224219473291152339808923085159806396446545559425907698200780438396071420587814100664575581242137550282291331680042939501589600349628935487452540547206813130589790352158178
204 43547592535517977085543368866962199320612501862450710969722379507921791465883487187322401437046325980284398757595723805694728797260249326159998383739364500015696100196669860477133288461159633205227157233140070302053134155
205 511206799963776462179381669017726387632615847876832125205733090245608805981909530701047637757683568211941377474755229662307861900360428957932082957493818032474445103059799422071493442555692189147431621128034230428983840254
206 6001075538585939023501411462201439629567537648050039651554145386147261780076179894240796024794535144760859423829838562996612383582543528707946959779674386011264015800347649995925370262076135066499002061255035547222658036135
207 70446847777389409101245889291520056290278431677832646737944162119716282655566190262709040970816289674882341739113045300088300193473025446619288904577086202016970457481691874972496693171726804942614228538995041021283633796890
208 826978152476326379140983026485735534071900181087111642742571636596308050477608296892849705618946247657528750934767022390185753153934874935570391298541024746077180938186622753162013064193831566237174399298524177566970302350595
209 9707927128751672698004388174929077157859597315814025857447139180803274141137987647611672923368846367204963581741908724305160597545298211935278582693965997781495483907451500335805706475343927151925412572382351757238512780591414
210 113961715741759674102328839342342446296758459930741668359876037115053308959185002395673206938516672016539195465809514433210347327292795660140185487661075873169771451293669783794640572902928728430635249483415025634564946767372639
