1 469
2 7695
3 123306
4 1990133
5 32060569
6 516880938
7 8331704179
8 134312969201
9 2165188798924
10 34904319329031
11 562681121125617
12 9070816244710226
13 146227977764091271
14 2357299291195098509
15 38001348653396589778
16 612608928050394560749
17 9875694410180563187653
18 159203264733041651598046
19 2566470627474851387937933
20 41373344390113614623344453
21 666967940218722867689282256
22 10752000837816473373640442561
23 173329953475059878741621352717
24 2794202979408003707202920637760
25 45044553085451305146912434677495
26 726150454236928740359702339412297
27 11706065352571745182793283826920748
28 188710156745092865886378757335097537
29 3042142870921401511137240849461528049
30 49041521700458064910105548131426936772
31 790584450745962051384399665025368660821
32 12744787520646175374056914652590114253311
33 205455101973206719373704440243970584295224
34 3312083379847797667445174638018915820657843
35 53393156021479390644289614386755901255291205
36 860735912410844217976985123455467707128716068
37 13875679321441365870474548375678397896449861361
38 223685887686740509698485981429861717287448687677
39 3605976701471336893787547115737735239710780702254
40 58130926836851585734588608924682251093644420975939
41 937112170894666479633876974972536363649723324733543
42 15106919304823483716081253163968445879712734200863216
43 243534357967591479641034977549203419527520191135751177
44 3925948256819657631555594607299493731850673260051140061
45 63289097455712654435331831544154998982117052125838377890
46 1020265575278744977918227237912455461723148957057219138441
47 16447411733549852672806005469994493555431030709005884612103
48 265144055908194095861184435950693407948151305763613977775946
49 4274312063340946010123747299567978605121549877352907409281441
50 68904971496505350559253351121483589260024549798991756019457065
51 1110797486607260111898443415622803224884771773605396200731756010
52 17906850978315612169414230627069581368456752109028557443447792957
53 288671261706748455840856646575860596949531388312375154220916941735
54 4653587469749776379650730858842485916289568955098323262322308346768
55 75019162664732491398948831893835274140365283264723667142855895122801
56 1209362626898297982257029790457258483191816580293155879181213677703203
57 19495791626929473703698680984414545255742720120650731838762678180215408
58 314286122877366631258435379034513738769841785974862888016649431903953933
59 5066517375824254838109146964562413713514365491241095229222716390013855515
60 81675888469136395471816270832423248894955588324065690983016972738538754950
61 1316673814059017777512214217667570068788379972217240205485501653660130534839
62 21225724814537197191618335510584882084197710797428729916264219861525304230757
63 342173884747939395045981608084921734879803397097577120163479517976678436899304
64 5516088068912852962942552925286476659561295063509673817711413266571425327673461
65 88923290000394932448706202323189872327045822217307899180091236713286392774221149
66 1433507116947240909466399725890944247929089522646874627742220601605334569912633266
67 23109161326906191480316099802033628154106461886626110073084189103600051022530903061
68 372536230144598159809352047016228340076320339074265225807613167255125285588393430493
69 6005550820607345292860326059121427249678142861473461020216956784832028691359088254216
70 96813780084955667262263140769179746742173987341502126794898341096094028756866701271239
71 1560707467860586721876124607248644303172833290112415139674593918426801346790339308858059
72 25159722077769748874146085475377943965406679890781332312690454836406209094840103199183872
73 405592737951299110843890328705032869978005868819433025100799271608524826834078133456075447
74 6538445399767848519287630704796480150551197927025275532919402308877381645589806868087026445
75 105404422331838272524165759511018253961675182012811839469255802608240385724279253230085701822
76 1699194773042380581548251805150797130875226168246368105100210391665014729038616971370032375735
77 27392236614558303593188391352321333735485832735106189624391785911591525130481086612535698640233
78 441582471092755669231341412153115140741426474597267884737805438662816838662427720304748031046808
79 7118625671944921888818438210464635231381823293278793749329773317878024170813238224710175170893277
80 114757343813651734484070944130090011068875060121097591571610925549662670203546176145890918333800111
81 1849970565395191480715845800809785792761551006448883446596236562920934641239720503402340361875956162
82 29822850364905978279905615455396065759952328918231843399207227056599843135873378632584305636031017905
83 480765705424928277624711183369515785650908733971687766419758158086461158784591355844553445233165626431
84 7750287470332402161489725359805981384727852469017865257264203348219297129745806922570489474357154031168
85 124940184366313749782980864273973731045397585479807365206943953215046161063926899892138632204710452954649
86 2014125247514073326061057154411845052682510477257819901190056263359703591225253856027223768880156774489609
87 32469141399533509576270552008625111715180222304383489492738928392382341289639412460691939449140129323039518
88 523425812036316540349123542687563708337415818884289540681883151242889493760123212602048826959679945221336309
89 8437998939812237195305757059216466801297450403424055368835554176336660093909762889641101958216997743545025497
90 136026585756784237296808336249379645310725158734200610316226846452416045489527721576247425906862810354319673558
91 2192845977420745118786934596522311608440512211007531864149221756367830736941117384931895680700560277011579268411
92 35350247555930576926983612119194675469013966733432262518356450566095575252387678869837342389591438035683982377495
93 569871306572757598161363775149003386938447766731390028837370446543323301981056905630695651902561415731279177199018
94 9186733573537853404190973275288160787188114241259479638788155388605846754328171254023082921470466848161109636110139
95 148096724256448269216536582852144217058679138126830515995216702041005986884406291311329711424138457275950646351579395
96 2387425254027924595230179481161736829381053434140787556371715887452413185666577843147294743212036999063269000218993142
97 38487004842189314765756629436712157484284055898916131659649953771425554996762865534526033819588054534689876829749402499
98 620438080406339824750791647381041999093546241269891647648581655345413553321614699156887990765958016870505668852521622105
99 10001906180974889306798718547602926797690114178906501134298965673255132571234876961751122775128828654774833573305757585934
100 161237890471691097697401404257774277336910986520182408926837846429143470878504723451692829812493961168886274140285136088005
101 2599270264423441540945540310366000921552151723478531865807908584193543019743409519171825360974007837734417408736810745891331
102 41902098121918247932118345755467102951957978045475927367537221616140288452162749084952212336946970467327030992224339107487948
103 675491829784128003721888436102813829465985115409747299965757970335687068905665837915049781700895504630893665321626987573586007
104 10889412047518272774288340388195003896490227460201577693349088360552876292603663909230215528558451879658756159723538132506732697
105 175545120624969479526344226893501751560462091208521309116111278341975337227572316927212534315857818940475142671693069945049087048
106 2829913060573197543662391263963886185196514727145421234896650028513834034811329110326135106327497802584854349267175596675230387839
107 45620225169982017440932040345373039588093710522824267486228092226361972351619867811993926268714490779994483324883718753378921555883
108 735430700524175721864050772877289596383763957079452751005593074549347980526887088478097533490656352629078464733652515772968747546022
109 11855669568885931732020892607487864573030276962992911917614369709218439760625376923172008314968340292729113596379750502937291606203947
110 191121883851770782674773995287675021447588176170863933982799964651873798690095024087457401020113965190621954917018106755550521392515541
111 3081021639040352396131977164772359607007087950143065276199528897135910797836235582981137625583908905609680778556653517617070783765424340
112 49668275285509372143918337556893070103029118044124553907761131577630615462947262159556278344665614198997831636650378295941025515728934727
113 800688167385127351534982587979740653418242329205180480056461413355109410262684532497770411838288782346377019810157295278675364836182489307
114 12907666668618829807803847262786563174317472995272805058715212494306188094376771311582974799514277463327220430488921032301049707494002326636
115 208080830483955310958912551794743182616300679522377848266057784099992228239729228140911013911110293563828484790765512666668592060895070658965
116 3354412003848683185800826846580651132088659287299441723124120828734329492990219248866494661508907379917787780682714654309138988157078861680153
117 54075523753889299780906537037649255944838941042167304193602655895583460312037492990037499728053592441036879107087802282738721988048344813824814
118 871736168932859044158965985263136866638309844872459622646117637845165193036801423189507378056245655781419236866817578791839363409248004251036797
119 14053011334376244258659056805582889376618298952309631285265876040844345030240540630990357888057495750993351845894676843910534510480536917337541033
120 226544606731027596785731402523594411722311394873322541484072180030597947477342484951227999364059274747126761179295784940696417752252924611927489572
121 3652061299728109022815115836749827219948802841058261952445481426008513298798914006993954868794060999047009379637729466325045573273235995396770918527
122 58873843564094219019643448872488292571999787558168036312156907172636352746005920529384693449409817225428776184344209999560534066120057338035663551737
123 949088520575349296310190724466546197111961875147546962104312918296265406932473869996670530025809696369148483692082248663656847805554633173987408304804
124 15299986638502113930465822848182119659262336951135784896602305651895337350565036128633998761901796179959026293058358798219183073891734777781900370597725
125 246646741651068739775579427751740180226270141762949155077473703660120562864591512347402993158828809425710912946428337593971956761021248020816663526276945
126 3976122110721321846170858846920823947335354948011733784059462892388600899316023125947997395197359112770108888461526883446151055322122116464486207852829776
127 64097935912458771250303524428681846265146225116221052109298219677914226744434251012991039652883012135840208003994970736099032458235527373299312853720532191
128 1033304630448667646289295505885904168800354773884391753960084736033105701313623987171947856228881670106179838709898651909504323371679896835470409876116557085
129 16657610640768297378749309384862958508808256716787571192154635494127941245761899909159891865686450391045373439102991821504395715611987736822599688965291016996
130 268532612825856893173870317796378627111786157701983776526736683887910921403851146570818029466132891459615529532467605568310654093257566432472214127380429967889
131 4328938027558293934709660035272046346477115093214765830939681117313915304250602491423388088556933467710014061419848096045509793904727484016383447057767585505295
132 69785581159905409078117628001064893186215297391599831994186992130019550892589526161437370069025787734335003419740972663607610545903092564991349974178101954574278
133 1124993545027173406544074840447704720701120455316883353451538710105404303257997352973147623334605447066353292225251997864435679440122295648613546678311013189008453
134 18135701606508227747059311430396525184555565987883407577507740646359868007222988038596591040062837849833845330794328345616125769675217672529991454746405129737030095
135 292360497723887546493694472053456208149076514684534780492919265332437323144237096721135796733448759149014555612760905458476601957372356667529086174254339806755378352
136 4713060596381095259479130163927802418038795482517013451990937186265114238779916748678276913711124270660133674169307093330552755529626112000226155816377086061848220843
137 75977912057526229238336030129908088964411655286839996599111864069991797741162793778387725428592927013704693945711101247109109018870541506297467643100261054335226812969
138 1224818353715564471072520202460070019186252858402137639002590212911064509382636425032296788346322654780220527437934634235200997708976941728429647729989275645367901363700
139 19744949011795074602852645685624519712616784071539156781759332282721153148460500811776263546046443339646337864980601204466199403286084989771188335388048992842680843413203
140 318302718354695634453594869042465015857516745693672217451328904126223720909637468670924893281527680962882246111664380769780845074949210594598960899737175293244048220011381
141 5131267771391306555092265925627546468118893395108568193816374665122640748878475822327957630344172321707214383554454559339447888142287535878792108733252952372563562926866058
142 82719711216474078046859970693881532908405441736202668461104184709886274340825239809416838080423852978905539453698279627044890838133203110808284613831481547949769294283419883
143 1333500984276554083684171212271269783399298448357701208020362129189886683932924496304717721054609697314580989622704846180470411874741465997962713004265562001184731451169078199
144 21496990849170124236346950056092461742836922312752598580698056629634163902691907892393412881019490102621649590714309851813386939508254230758609173499445939924983928613879255530
145 346546887492559287215951264886199254452419621188766144415155874980623173826440137246150168262734338949883520121267731461656622640015188355933805061418763148563309263933081714229
146 5586584004868603049394725524763865224301710477503859298526703969379288819115163817760589824358427376624440933274944576153086833946172444971836529816505690129586619121898382762247
147 90059734973449526195060254627800027288134275175607860258150693320612011326914416913480012166187731974920699442936843161039668505544589542993229321791777030766318397927925349851136
148 1451827423774456144958545637819690130870312320197323670150045641946950144792288349285799492370646846626141430758486154725445238199799519599104000751908247679350209822787453898465955
149 23404497792992337513470975361465616451332779788677877794694699491117733521396950953231847870924747858313220378512574173004719866684882478604490088746521942210263354330121115255333815
150 377297265482209459424250228818249761612466504923233419751749397150661807221182481886753981435875899979211906130892334519422339618130541169281394706841519930015313199843436296308381334
151 6082302119850465923064335455846327767952133941297815012699544057073814332572736165398301783923980894906826770997094796845883930795393723561333138291238210285442297430875491781498294549
152 98051065993961869839651373071355913915559527611636879117383602647447578182744290475871397296985914625451084316811722095222007688284497298285835995799129116907979859867713298512369512359
153 1580653402792268291638290144057560133502341935904393473827583246525880177836893463469941631312719006450764661115602788044123954114731919396505169620449181201779308364337828089987385436910
154 25481264833088463712263712248233701579803039724946533172620803255401479537871147957584729397454208852560939147621050736098323256370198316595666702191049204861842044944903721622845478460151
155 410776237438892922186805512680669999205725771773522629801873572847323593657063367305733694441629617847427238827379628410604264387759621616648720229446460098742220451439558346911253114952879
156 6622007123655090026099226782739609490128790631204707089167098063578324886512327985921275161345334428648566368642795846640644855229285710323620590478298878367673817859670123904662626350585924
157 106751497163372384244444084067840387091639329543164785930589730352497833557717654292914070114687157517244036218476918079756604844185880100621434963853499998221147135601006016031724143505373081
158 1720910584030211536272155844231642720848024352498800562151315621865138923084545223709529503517485513419192092043572619369400377956239656029781639184876312426110815649593926657954227464258311817
159 27742311039393445340663931292389052123471109406912784924416102303884074332323605538113358046932640844182861966907351413406043720401092417947346861887343165387252948258545925686775501802639846862
160 447225921525821729391035755439249995981962417013492084105319748184771335187836544926189443458132342080046245861822748373038699273194113709255876197488236105323260287982442693951760649143626918037
161 7209602134465632228040413327270364734064691565495781433554663721795405822346123365685176069349471256708471649489695349460341079566160318039254687249852091369506283505907491285605499964352068648527
162 116223949541999650823604108747752816256051805436987866949135855525243491767001475380947839440474854168260060488232430523820486342673953866103043679057166778094047462640236285577465041310102954112972
163 1873613300041345403466055156890741572830492563432414103754096637813544394460020103446265799797132721991404975554789014358015979720332982368243985867129490192128285045252702517794279596429639055692375
164 30203988179073742788753536870510213538854276380595770480179530165719843216848963548369614131219042941479468550635445602847437565315473234312849754946148484647583194599630342737621256973729485711012687
165 486909919939987030188704735846154165514483885496293971666321538436874580928258972403990708448668505922723295714922840915113771177120364495983972654129457217841884450048296565232930279165045889727314666
166 7849336608475493185057340118416768838539807214605474153516663311054266494665108479387672333366848742547729481852325137193618825352285139147504666431746213852096366052657729727270996326230620090194729517
167 126536927406916282579253299476958077959805458821135149387061956600366748592443530278237481956488637807007798124092779157197517980800126483884127460590421517579759412684262399525387962667309154158943495849
168 2039865888831207928329346636182659373738738987096087290267911778146591830319165349373960719421626914152090880342149776547020382731458291638396339647135814232745725146926635370083606567408070122854512718450
169 32884098971646898243770931826325795719874547318903175793977596581609083286948569888212781416843549823955343101836435647841076934898062906366680432782158284733465806577633503880352789492270458267014462324911
170 530115225269374479786425851916762042900761220078370605809517493048143164918633405940335017205184862898935570070727926015697900906249077055597238690269807409488747380800021761990067188527072607354211442015221
171 8545837071731861623516244683454939988426407457475919415723332371586547872407619254393919891691063859284757242521627108193693622587293818670189758990038396247093187720179440221239129786381955865384534818425534
172 137765013671275373268595918233836707685614111199969146593171004276853727526311689525478723099330178154945796239451442987296926154474838020175705076169442629715296040790456828195190995041007644436886024589934703
173 2220870680372151045273511709567857795543696919414830825921616057497700372640242953479267218286443719817490204115468561065547060802169861594929784273097809504317605232924316256524371483467796418151005934867272865
174 35802025837312139856463149096862216250044797347220441759867034800220636806775601164218268416422489938584397448672645038193044758408237606937004182192033841727102752047269057493803271429802459662870947626080939602
175 577154296008256299928832116089929863179419337271575829332754112107236634859623726022348301048757664316277285439383181562865047887561099202086349404614392906661706932902589835207318947740530769852787712638289553707
176 9304140578928596253368161984482508549132878008757763430997207283844790480717803458606663580287115226990299917417294639415219091603647302125461075949761561144148083170981791872934422442716706506766790259709680566865
177 149989409264013165552029813108182910372356837360325733734193423068869058677590598602461885752388515807407983560344716359874985651620981758641293533155440613441719984958977142125452859032147737542901932693453799552360
178 2417936691790422715124326193989278711347324601591788235532440683665700508277899354438248092979248512541154943790190566708274660740148886959636036351485235487499302067729938552879452682922231404653221105137215350294119
179 38978871069593177138893433870535843520267840548008625925884692718156276786614856346716037876876619762042906250031494951632279511876273519746545910441321669089059121338441466265768324393724269211042052843631577308266085
180 628367316240577348101915018232803737660450137644055888988143109539194447302430356535212987161107791570112044752002101100859162753285137773508445118757023148474204297515579701770294757416999032463855609011227982249644856
181 10129731141120674516686163305734131661969555485328279806654879998115158928648738273809168329473839471603008347323085481681462722063407673106997280180181405131124277315830989801690494596686215173549857630692541194844179557
182 163298520370693560580525900644840581449948639551548636597883994552810303094782841877230895053146743389600781579675520338635035993473691421505340736694258169645766588225635961753541335514760251235984078860426741571392069527
183 2632489094109131145888617358958337405068648919759702710583504104823341083586401321264435767153862596279077556844846481157928294879835573024635472014153167442977212819016741033738885320426149275114500924081586280211533578262
184 42437609446014363085948986990649255511024164983988225840926002952744994997496332725979578000078720144860215350166721841163497965863106347379453123849256050157082825705228877741612223928922008586901037299883805663740944493207
185 684124655833346517696204369214528048277505105124212309352915777267450761311647541094336818522606745976891527252565542531772365539038418972219891406018806866167664736619880908709324294239706560657231561630971066881745453195173
186 11028579385803521895430455303229192601896788297813717341070573069749950855513078049708069844236067668375827080634317350112787927852700520620117351948908161845565628755209639249607404472484853331139937441184524974022567350758292
187 177788597782389350373991783571180355081199348847203614685615184436982362415124661402118201161004793876669874799825329968917413627356808219881514881119172536364004614016499674836199487291630973354217085077606747749147636678906301
188 2866079519010077995283937382351233348855521393043815604914197892879286297927145574641007076607628958230441193442156663442307615315155445375462665179034424925647351944751059592923567706146315637526597572933714100816587117165348927
189 46203254380482601214529928740956911991236762340962952095356284783760504907827350618702975349656803208725440356629758802820008868311744379241685098412679324963271697863394791346731028266943106477046814453689990479271911413550626662
190 744829548932022597198848086782483667358676558509600133184427561926454222497282674484641070179158943861095586689778005135516162057842092404973725013754218408615590834531845763462809377383150241609798257019148350558357690513787883717
191 12007185736176828201254271064591785397055318117376445122215758349587319452561217751438602672907315380229131491989287553608420653829905540281890779429322890828113294293134542615399474962409539801907074593548854732785519762490613280629
192 193564432976337633506113739715336171639950906155504126988448263185093921312691916965286649007334917876484137593805299233756229856229453961752195427362542653089683945183936791208448195395353278011208965928210110383760656120367726933768
193 3120397280152419693914631686885290947764853385535318094805023481524558606426103164916501765565951955913475818212818323459942714520747308792544869715987671533678818448675193128918371996855892602147485529874989743019131060952281677495155
194 50303038818980278969605067528246357574529296801708765444792404106985142361243229798599972467227323080969198839359001711970716299469424175130578913328944042453607609559964026325511313866171288116684667518309517638729252240992426111011087
195 810921010128632251305268534648095432305357440107516445670921255887546428823708694374959302101842101936592316751982128048185069546066277160266838748422172387587625968471934933309755679787822721069649667113460855936403955854849204034766322
196 13072627421863014267399716815749565577781521830937308543183482353284365965086976221836732178140383771433906948620571005522631716617282974119459981364194568720203259353469266236848007768088562602389811068548522837258683202073656644268696633
197 210740115962388079744803980387178604298454302391780495616524681259850303612204426855414831170180109449840466331671839685886495070077983173753967205993993672163343230380863039792785089673555515213871454281296518225019182360518309917510492323
198 3397281590200142876356211095157583300327567239974672014267735289169473424360236703847679286255151316048848025258724693572905569332407189534266517868461530764536815283907019786711188943048010842374938953009052168105217801127890558992890438468
199 54766612186797358357183073672184713589849264641065012153734458608307272868758201504125899790307995687710166444060227714396882630449857696669306374674113685514234923757814661601956092546404337158702296257574501151719689942161510026778846815643
200 882877009392194476970139912890947252580629578579962764621209243387328169213632850573838813843480076975518377252143906464060607576479028812738590057898130218372990154052135671337148608086487135858923640667197414704517152837548412261082837115733
201 14232609661059390847227003352156082873294000335609254640904993901768339787832466512664193552550550324399933056558491271016089047012673164759102716425679863600029941479862632211847816909176752964327783195666912335559929934262875883231700476109212
202 229439860375949672483533957618099337397299032927575213488261696908863316370510871297817179413142464930256759849761830827363763330991738170157187278717039065839929759180813207202027579763149241990277183365098352788267961993590631844496188432959005
203 3698734861911253647466764508312220846751479827026302135073077647276848559113863967993920182747327514340799967066252940812377396754163528206430837710329034838274958038209847118830308532157610432714460921402393523201840108228124515447866424566289929
204 59626254811614641066210424794194645768348168079706827711040302013581911201675568039483701004653181037381162852648140980651947272568021165992565410930104485840502798899830448797812820860579338561448313919720701562306486568548739427296320309132845652
205 961217928722381269335594695766740735084809656453655331934156668381754075860402157408748867696096917928007566376889210598154745518395306779939530544900803396455141949448150522733810607302720263210843153267611707909469681305629448768431353943307996139
206 15495521384270640445847416357158406898248433847863654031186830262820132037346834365432323572211518357733125275822358808662245680083069447403395001756735731793535561747804456812825676322865861439887712164383582713383435416646610148462147402479041688447
207 249798901784464695646398676829464846540789319224060135024923644171196323045401053205249631453618667883640235666068484565846012291468010073214819665592453151243311416311725385899563913104141920381182873872755665987235035068628646038518527755471057857788
208 4026937189481457672167593286840104272917436428589484726555825397321053474266612434527317206675683112909451716869734423573449181844049532907303012634146661400065725556087583181745487084980133820636673967063439601259288002454084865559093053533519160178021
209 64917111373134661291502065598533739285058982024497114574947491673203163979084941167924406925171066188023631487817569570669590239579760840373494297788470135550121588966092847631249297640170483180249961665724967579180826517517462141832479275228104455903407
210 1046510325524751849815520935940251972318866817670824368529168674821455661496818766338012098643618730851930110446666289145880584481715062832310035707052920498564474823666476857807425746419196655562585892067809399023230685814958068061119465751924184374149134
