1 36
2 400
3 5184
4 65536
5 831744
6 10549504
7 133818624
8 1697440000
9 21531453696
10 273119121664
11 3464422799616
12 43945019842816
13 557427566889216
14 7070778289926400
15 89690407502010624
16 1137692184365383936
17 14431236766744045824
18 183055309230206865664
19 2321994072925721458944
20 29453701711113534726400
21 373610145952773099161856
22 4739117090541596083089664
23 60114081593229656817735936
24 762526592349819154029773056
25 9672389374174730375652976896
26 122690955494872218266295865600
27 1556292863936639915961381828864
28 19741043409196830034428485345536
29 250408392863812230783733372111104
30 3176344933592771680050802716193024
31 40290850565250782917525536181803264
32 511075677613889091207628690779193600
33 6482820406719555054029070972841257216
34 82232362576898659337547407608941662464
35 1043089431872804351172000015574632397056
36 13231233164038861927885810570934942884096
37 167833673405013987657827537362054751160576
38 2128912821609026391840214743418573947040000
39 27004531987297287143291481515002038399899904
40 342543264548428627295428400721334611224494336
41 4345044311180383006267403283317376976690915584
42 55115402987151264572294529080240491883339747584
43 699120061588244907414759264909857027314141411584
44 8868099188698578738102692327507179106075502649600
45 112488809206728543965675963197953900832674922219776
46 1426882122932676756601376752263371993274572071416064
47 18099512361297883659955193926632020311490537053214976
48 229586132205141780553012014037162776071775093778759936
49 2912221669221651612549335406776588007696121270165760256
50 36940537171060903840929312231946992995744461738530361600
51 468578096546905143481883717388204556913929546317250623744
52 5943753106425523249900771077118871267898034197576098734336
53 75394477997344181674782489132992508255018870498408356907264
54 956353201539772268772569274420427122243652891458628093145344
55 12131013708027662767344270610933582556147412683429284086683904
56 153877765398200526900385240844454864740941752165824676147462400
57 1951886895344496198635631048534178911407653129727846662783969536
58 24759018577885648474661662667566506389335723673187021893174366464
59 314059693931135445376059090484227867415733795241743269996985661696
60 3983739946793218195990121525624696250847196443431467678314406584576
61 50532380532587294766367343471184139791350618583679000226246762055936
62 640985987136461959178814979022895032284169255814027345251655442182400
63 8130688310643656290259125353412898860528797851247787061319123376560384
64 103135004089821683936653369678276105057737695042964827268236802773729536
65 1308232299925107266015457304403937770308474844153552196537612301257894144
66 16594479882667107722454331478538086593779222193824318065324391987846402304
67 210495309274971971327844480003379374637895989143101928424249888071794260224
68 2670061101043967196372160914129779523917530970085027792531584494112294560000
69 33868813076471685667526713963673616312376318654532953598658331836911942666496
70 429614325589956044892358637871237893965222018628588285593542509971927495569664
71 5449510980363541840930555436471398156298380967553515898359198234150366833449216
72 69125185442366219752527786122643224456018064503681353536219849140341144529142016
73 876829366829306689419138997848476325303041314677643532377572361615285240191887616
74 11122281027011522083438695827539619331115464832794640506763259072982439887084294400
75 141082335883832560327026489766621146003288877567619752458412682965220384885915629824
76 1789581242381777195917589583655916420718293549047878219932310633330115629339391303936
77 22700226807427773305620558628460428885324660627351937849286389919282260871126773844224
78 287944623527033944189396903835361909826347413959383679160993821581645650348773795934464
79 3652479198621730181239677515345863112201217738962580077695774130555670967966585649420544
80 46330451087974356579358220084154772819310440950676006293401088391554326868336451463430400
81 587685947349179714806698151032628594202230861402937761503431052606669191644175660017510656
82 7454595511187438866169643083087552633351759434435486874370999330243110931445601507192721664
83 94558997856039986400978567476007669856763949202049578320809267082888507847126789487797729536
84 1199448590083770067748042804855749497604524301888902570673036474756268673277044512243874816256
85 15214595679664850935120642193220712789431760127747535105466237103500557691232714191356631255296
86 192991949475307981885576177292446268272194784453162346088368936446480937352877821058385807929600
87 2448036960460344360772007736028918636380805157380120358726931225390252430702559387754138776312064
88 31052512688083244762493795859206157199861687908128915279096630184287352897961603615049161263841536
89 393890517103240804469331315225564369052678722176155417193348467494174587854210923727664740517685504
90 4996366671589797479051331914495512168885376636657504762397143556687120210705854965433360583288557824
91 63377204662254404009789989627539400719299181387842940242389472366955864427373352112855197417452484864
92 803918193922948062211064537500030160675347851495328204101474566543677756633801995091119786500184121600
93 10197427702349307192704679028990234485902325343887894892349611475599987378688388852761665110019671542016
94 129350887354849201256316569226872927674028838064561320784139050916625124896096934455480109933880817758464
95 1640771824803642387561296683833387121818765593463745590624409216013726674135140417810308883401120296294656
96 20812630173027954233271590612926540872947837362770447394980763604511946264171170043111866815077543877591296
97 264001104950148835482285491232711482861046823342160833772252289994600394737687184190413489521206582629918976
98 3348763843659823044336625023573543113701817353997009049459356715511757346533243643700526983597769411865760000
99 42477925547777104234446983341525214546679438308592474307882628141674443925981428772549998654521387997360847104
100 538817976746463062870464283345533616652025428595714129804636738979720741651625579185938270922716542370976686336
101 6834721995512911400378247750125836158289612818509913790228747094169671865767206854891816734680570346727756105984
102 86696114034681995953435363618253735591156864926246022753755165268286851288367186715720226052549866642187917488384
103 1099710594468814301793146736036795218051880792767158640637902160111050379285704600047054948573639348353109913213184
104 13949453271955857939497166114005322892309822846268078237277707420370507525560691053424314873588685335238521181241600
105 176944050157550896006290572537922016727820173830416382522058587824372396315146165294976910669675205418254647744440576
106 2244474838960338216323788778536964925892422968410340659837650812035359121994657384619704504996789222189223711870456064
107 28470396705854193228184091830828855969690217894012763047801226205162179000669961338878847070708826480601154911502776576
108 361137257820263159101098038686627267902403140748524556982065337418966890520730867866941001602369052531429588505725051136
109 4580902764840004295401538135602839058852479958154768188575644481625920860766821436914728017141679446641437091921072998656
110 58107186911639003203815603608090398693472626893017888223555116911461103627885755208423679447244922456902449718965731897600
111 737069818791947024467996694362763826779734229776613474151913941922490663719447531961848962283992142431787126222840856434944
112 9349478896648755305268694612283568153362654479523903611080660777346534213841274894670341708826168425228380785533126938542336
113 118594946381266030870621043182235330686595571314704293047440934337814982125058783502867046531757720431356285820015169310353664
114 1504336387369863380096998782919925026312291809173060195172409503282208630770399085958590237745238692960489224292112928210342144
115 19081993250283159817778500005230084019313411233990965365051559805317452271514952983450204905225686124653392708969310919633205504
116 242048566704201624110732504936311392145825178805190308964980639455998045006612792441018302815623736852867232446528783182109958400
117 3070303394153488474168408564151127761818473679531510155084542073706704775999906489799437116984864290580230282714804551809457326336
118 38945749857178543667746381314219415335056857118688870780239124400363169907972333197628609309535423918148385082014728812553384030464
119 494013534566707113784029322828247888308465247824829279522770448909894389699640705609974172556031687597574364262315486812438405847296
120 6266392949938478304521395671510344886669820793248025150675059338227174386463439840139149805990248975447940636428075952398521254379776
121 79487054210933389503642026438321491973473809320925009840684689601313689465226155099369050787649152465728795933823658355756951654574336
122 1008266132942380150329260761012138016108480237999033027326200727464169265502086256931241061015477901082090854359379388971594428549894400
123 12789511511407208396265821787404508241516347856703729315877870698628945693666216719708657590050616274345449383405869154895003480414435584
124 162230585116524188550138640192210055075278601185152348997107516172319616955652472328487584426596099621880111645900317994374060099419873536
125 2057839560469185617566739035349112683012556423980165619698886227445639237648817273391503967185546830667624387704957584234031982234337036544
126 26102991945633316274167052898769624658862119107001543660097090892104031621612014664775601235705724398830467125897093469211421098921629135104
127 331107537051356369093904731542608669833157322695099405102466636687569854130360921548516800195432229864847834021209892470519343216497976301824
128 4199986013885099533124093298458834209195596718608286091691677913369991977208243921471615997597796090642255455901405212824491783699878884000000
129 53275388032300868454237593953794410040210128051127321571581946327059616287185727292936940767989620258900818626374898227667143802670250169559296
130 675780100364370891772592348205491993685949277790222036063798590598295043824581479122293765993473879003119842247785116046713246325038103502737664
131 8572039752607618119226750150856218277756500099068377182543053892469597104570816319418071194843201946004998230858672795819926938964565611188418816
132 108733396382441551982857382568308869636090704176728015228804506239711582184122286235945750468987729782052410519885674121225550597339697998776361216
133 1379245993961309703300238972784590432158153153901190689244286365546372179975306455789622471317467679382661518059650935913145743257356816604663286016
134 17495264335967259934971677115926440139511628184008566899260504727143992010942494780321309125251128912846389744246775743345005873460681813734868742400
135 221921452391729140341430846615905360085018553776506606933409415990686407422351206321018528742994805149472421299867768373914466554950632332395937569024
136 2814997823748609784698714297543063920547194686358551622537280388970347328446795703051955637157927951291755916527497310979344095374533101025685119303936
137 35707285899165010639717562481596209526773456707555144665251007392651769640118939314391349168081084146194937232445587119052143266341092568085367988922624
138 452934725394150699177533455070578468165866158452782674158113974548591616007759028274879716636422382095367160350107457004127830295552141412844953002283264
139 5745322286527299046749064665991135248049166233055954185394477639561083929540391610315870919601166630654993335632764965176718532347581327230967097826982144
140 72877450823278284811027706837602444351975696395916273713495753416099724619994054821006803088269476670133444721803213974082298976194812970078544098235654400
141 924425571556508506356363930224867235583487388214687741533866883851052084341761146231824956469098530189114808040955323292760073807425314738642501608767539456
142 11726022626941497443388620265572864285177433261207275545086286476399278197962918681729697221745202985777958725645117143928757641099183696848947751075011473664
143 148740591864013432738626607731547766764972682842835831119986256657786408236150898277558764056811244694357004201222879983864397284044819085827931944432126843136
144 1886723603724408635828591419447829510803935143912036702379476190645626194278110002881345143851565369083529219713316614402598957638215648756874961899533507379456
145 23932444480961258534817182021895592573391266139485133806453245451761994892670826444347251813843104819308451839468225180922175213140564686639047501663775279933696
146 303574883837598726409309000606851385410870719237658592674374286110323428827608303764988893004554101174675757034233659467130189234314597272994148224535808226873600
147 3850743711964938409181748279801485640047754285531621169541052737627156595188224643167466601803830895993551034087164675203499144605447267918939675811300678595115264
148 48845368720193804413725491634991907778977322834960440833336188444711742022136487146117110251431585243217460414996206134067977352109716569621095314850785043298017536
149 619586818514659703741704398135688858566514179712359246155206238830744019907021434326852566861395284577852781258602021053487690540652205381864768145410963939555739904
150 7859247165809800930987255209223987530248775044920828436684336351020825290702732697664614928192412358539216314701841449136232104536744445588825029119747468858908602624
151 99691865881468773287867500127369082458968018865121332692275547607947752699507439332332583799055779522698400966089530754602738522981659687321131456997457083771836766464
152 1264557267795854849018328480818902121845589145066894011252844773499237483930785780529665129674955484360922347300356534013199328528281416720431678522443184524869747769600
153 16040477017820237944086800250136251254156786810409136815517879865058296280302185389556316350578198178601196911040276819153363004480398141481102755567861105865676365506816
154 203467972160479673877055089328495657816655871955051202556721059151760901708205266942113452038816754384371870454322172512940556368722717446643058187084242567399399777374464
155 2580921730014954808625368960269898546599899188174029085975302249512658537085459728689249611102305014282429528262027135391614511526292399691894447252240067094239319610112256
156 32738110601552493816621576126194698474532065958442173307452045007057517375278155405191791136174698168134096385589064070039224962865272995305137377845951185672493899889418496
157 415271750900122600381579013799451485982517260707052136652975376093697091730274181352736286325861856128613534899609724368943469394146654002005044530358070577931502731987077376
158 5267580319295383829694040874888090523874596125357909083258871709189832122992451735964804557691505336999439568152570160516108196426438860721233356568531781905287481292544160000
159 66817457147239499384496215318347370866439680586824609535753430715093029231980775842131514104686121956478260246384973189233632687659131672015236802898959544187275403122586114304
160 847556621636931956679674635638963459168217463127288287631759112459450051523780279003850465130153564086219624930394370817972792130478930096018698320153389623352902000928522158336
161 10750966252691157439297785402033135485721068298307449301069854739112478552881220523681529990273251845294942083109586927876711766992357616954771024332916141573759681028570284976384
162 136372334798437318884152511683874907477701018025487687763381075158624420981360745691844488013031659732489368580703052579125361802285197195238770736282260452671622132109719933309184
163 1729836487368920515736791510282241255267228961138110143719674558105667558546164811899252224208318569141182023216701335817122856361925205279863291047867792977023733219828037358614784
164 21942384996602217429041679586933636688563172422693481117302244954739180577174699571922900962656014759905408827494305155306095685495512735438110989530092123573446674876293687197753600
165 278331659006353144514594668589008311930252325650462813950050486179186677269086435187400703617694917602205586664559161675710752485994713028414303121993846721181062577418569621598341376
166 3530542027096182008973563973309373508339027543765242656881447340510470082189424859148517543179409869789050991329291881163015399575947721849956869783211398307791325333124102657063416064
167 44783719716224953538597952978665822360686348766346303283658613481919364359386177428181125246861548636848840540622557808416357184543344525091135348382949272263100381968563311405279058176
168 568066188202539667965879132829418196655566423787440972060036185902909856343262607129760558036482492799878723062776083984760581800759681952474225542467141983896064858363578126940678062336
169 7205725567768115869402036914867773267079618114171347423645835962810150675024869182974162753486826211851028037653598860568222134671702499254421803673297754626182591242642759426007090637056
170 91402167628175347630362963361963379685412769789077752619155722772920319349950248950145073563182810782863849597245680851447845423529093738552343719553488830355617127497320565987530681913600
171 1159405276895207055717110376046052842842047534801325394354441052196723548849253759619989305307429235329825932613579455626549101967191408652053266791561190599816636890941758308219468070566144
172 14706659929124990333800983035150833438204966873260919116131110787465724857640497879259280674743848816156281725587550199739346943879371937426702122107963468828797121875359251766731767053230336
173 186548957971044046116544337952776623325296379213186646932286676028267528953929457391890691550440317668712358702183834774105313862563069552130476462845516439669889415209691887686977489682680064
174 2366309813907072638179872461245492769476033062278382733655202345217614976970520954577541867456748734428635536226039651264411692437802416427606261643343387625803787153436980236959095517116018944
175 30015831748907768111872164644380299509887244292766228949788483783715924584801054579940481510735972276897412536129780127340930746241179135351125743282514917805948848847417130121529701324869327104
176 380740573480172694901618650531961922550630043556847445412629479807436559694531625720916092169740644661951820824782983050374452931384119093852677120558454492115761539375524461448430996032653574400
177 4829564128246613961273553798337983795118641589067951874565029302361811577689706916052147272163684491497784020577659659145504165123028831678683364585211580503997821310546450096710721621369386363136
178 61261371373285290716949724776265941646339820483655984587694863011473804271188063405794250169448935810823384984210443636690056334873838335447466901143353265028075197491493152174711182137182674014464
179 777079571339722323475252206898105306221943099931255992141773101939712209214685996611116663114181427574712868712425128640388715692867783034102348516487073050459853148923442380357871431210874685552896
180 9856988941923249042310479790570305214299901017171703959492270873170363502706165702321339619806562815227973753324684897778293078667785826101540638589829882741644056412486343931006545977366685278494976
181 125032537959643348256135228449821546561010940823507127504832428943455876698321410143732948405028590887664807318371203156556255159909744607183618956641697491147976788233733570391547487780575319753492736
182 1585995037707670531160516050685398884435942626636905841724852492772244943067353669059242970786145430278730600125526901444118144764155536588980883783903033238540235086454381301746303405638708595930886400
183 20117805338361143512062167745110899311423210382985747432403752690265360753082312057195226826599776230072838572358364906147310861294382997228017013560332071367264922840840442116375329825379518107588630784
184 255187489247864183532166116483700095510757964472267093254349375002360710017800642067300976862652509269831979040156636174138568617770356817608297640756385936358615508845371383355414923100981685735926497536
185 3236966138868789811869910843307657644394160696607529222576926864269627787219079098646131791908083515587524373232602810639212148585837106639995801276376326604116277019105939893055850983024038272694694258944
186 41059809848302810820180176497064748995081057198008811520482651735495718393776825714130509387354475665558488935863209993613203657144800959049512226028297426674230469022036785720502486482882981940971310747904
187 520829663472461381414862651088611106358477100787684432875966765104365827970222417889112094867975849589910258673291318674414798948539064041083675733265499791216224329591972349505912753553433789864080279943424
188 6606546385748786715112493758163685386679878081447862381305637339414772890037784129701935195734268142006599407009334302792939571702428628697889735628332030477378607727843657611271648183847004985024694361760000
189 83801784360844381770802968251773465601404506655671473225469418351974584258610304014568709165073582447726151256428180661610555236337415916908231860235266951244527776505127331127354190708629534356753633652132096
190 1062997011147981816159988612240400311271539074197937702405879889218010503801782815670585478363019499252413568705529011389765459785576692405015455240545117135862405116932225331052825055811131517275920603892625664
191 13483754007480386082996640086118110184124389937950504238374560886426238212388735387659336382058959160490471788146164425420508756267147337597567990686145505178047038507544530665492694624041520406003509028271708416
192 171036814052653091814316366670573831148530912896564804289245771966669054745846428776889031053314391089366478971078021484907551992330608619148322057957710998337534113943457775954562958566632581571254823527409500416
193 2169543566654568649254126206372987364194404307903540438806696792020992758846448632548920058164851247519802339471429621602116140875229322698537914790705661158543010859608557407492609225515382794077672892592341084416
194 27519919110298780073046375216166540409933132351159766487330075208406229646020446508028404631929808653399964497244272994887879623408658760604399604047342750665974493654389846308095145012142795366173979863892587270400
195 349080774167265866352586372984673075872353103333462802580064190541197014362880010074173579982428107504120329106289830447133970540811646597063043193452633114826965396198128910146247494426376109845052543551630687828224
196 4427970387733261142291437347936083824700857813930377367591514176201936268133358344932142921243846162939964420392790703833190098536916770719401963098694859488479714131699126171126874755153155643998784152932835757383936
197 56167291943863331384378340031230397417621739167761054568369427528460383428282138443821163656240287688203056148681119828042935398816671432963973347509222640894142298215814105135148306023967844137648389801485927765281024
198 712462913719290263427752671014250831130279177925172199918436501165177239495134366389946555846148355294879872251283394949225399790469061545654045665225114893663503268101750900970252630921604700803345118832454546577912064
199 9037348710575320099023271363060339215023142356356194380666196805033462579723618209294020571374967468080626114671959655027758455680831114361646700257889603054061828796813577214277026674623719034713070609566227737134143744
200 114635681582602000233591517035727406470779733920929838148986812460774304578426499255262481204489983663868620001730341935563958324688928240518790920691664380128124050277461356337311664852944470046416182201130617711067398400
201 1454114465731524722640596636012214927260043971546663118414163774769932109200650017481236173372869917757969555563806606542220424398232742669297695167960078529449416760437159611216760879176738151667838796672234168666069248256
202 18444945328179413393393390200015884428497452694422901186788181822166020201294744230235020329029348996198129742322564517306609683878269941738794873500714363362329818840538396945091010084311908257089678206942919623073171345664
203 233967831403406275223551686056157637861426709141311062954589708589078534180029074923130319583890057279543808427938112298817044192824578271927142574837446409592490183573320186992071356950495674404307584345552222622769869076736
204 2967802026931563924332598357929985754484557408059352213662513484369356863535198997079754073274453348649276990593905201815395135771206437768097673978883945871253052699714869512815053061276900494890013637980440807208749775462656
205 37645555024496705915429571908865184256853539468206334525794316462445325089237470662344281674232333303322425644009015174404868588254385377897561191426141510687919725184752301579230425446282315014628199447731454420012599279012096
206 477521007210730921203254041383527452321157783454444939980676060074311798705946322622156645471922519548594425409741576460001711104222184161595904792624303855457944214957415885157529276401593310653256033285851278597748928176697600
207 6057190873641515151980584250350396143147637027034958881645611515116272082820352311438659264438063420918437827750604433282402770001870852589156517538411384078201595896998406415373370975745522143548516644890612535357845395878238464
208 76833397328496773290934579089021040051634650217636685701470245456214289881840794758213943855807134393745314059118891326831229165607432347012651108828850777594788969794567601629938881410465537893288290230503614382726674980315873536
209 974605401775891992174227191155871936098659904721137078592530744870320680132648922611026633067740493435015331457543169515676368072889137100807838344621414572419450223754549231986281622770309657499012510456846423759084032067382274304
210 12362536633772608805101215168670251009076040160504235278897018701489311682197072814910490454457397877080218052711585638396467868285129052922451294044762986331073697029604541536384766273697683888993091866937265277487048439141128327424
