1 8
2 105
3 1573
4 20570
5 269225
6 3524125
7 46131250
8 603865625
9 7904703125
10 103473906250
11 1354491015625
12 17730517578125
13 232095488281250
14 3038169384765625
15 39770153564453125
16 520598068847656250
17 6814717193603515625
18 89205806182861328125
19 1167719162902832031250
20 15285642288970947265625
21 200091655261993408203125
22 2619233771705627441406250
23 34286215194034576416015625
24 448812383617877960205078125
25 5875030374417304992675781250
26 76905146025812625885009765625
27 1006701431026756763458251953125
28 13177892814756035804748535156250
29 172500856445671617984771728515625
30 2258065526316173374652862548828125
31 29558461483600810170173645019531250
32 386925284096107818186283111572265625
33 5064917724351597018539905548095703125
34 66300633762871259823441505432128906250
35 867886563334278971888124942779541015625
36 11360782605942403082735836505889892578125
37 148714575005779071943834424018859863281250
38 1946699059938126002089120447635650634765625
39 25482621523927413232740946114063262939453125
40 333571846360458048438886180520057678222656250
41 4366512157308685395764769054949283599853515625
42 57158386200618829725499381311237812042236328125
43 748212989076565310988371493294835090637207031250
44 9794235181133008921688087866641581058502197265625
45 128208202990081001050612030667252838611602783203125
46 1678267165322889792716978263342753052711486816406250
47 21968802405091321864489373183459974825382232666015625
48 287575356943297583149416141168330796062946319580078125
49 3764410294022180700629007787938462570309638977050781250
50 49276770486750270930699713289868668653070926666259765625
51 645041299950699546444770504649568465538322925567626953125
52 8443700237091736423404064737496810266748070716857910156250
53 110529471057608557689941708446212942362762987613677978515625
54 1446849559936834954764024008255773878772743046283721923828125
55 18939506622612310379211817412681284622522071003913879394531250
56 247921360340763781819076660983824922368512488901615142822265625
57 3245332739546148967805854479440341719964635558426380157470703125
58 42481957084673139971610900667009502740256721153855323791503906250
59 556096037781443375379017148019133998104734928347170352935791015625
60 7279391639604822131394984703611772403064605896361172199249267578125
61 95288473649536247586449341853698236093350715236738324165344238281250
62 1247342313752923160511865510215179231323645581142045557498931884765625
63 16327922865055441218016749106885232567520915836212225258350372314453125
64 213735285132008539257454598847899007729722598014632239937782287597656250
65 2797831205353742058411400255046354301757816074314177967607975006103515625
66 36624085952005917394734638854497839333124176164346863515675067901611328125
67 479415509146245209460734576441308732452917240607348503544926643371582031250
68 6275630488393530207042652675257185003465654205001555965282022953033447265625
69 82149069597246822869121425717825056740661882059839626890607178211212158203125
70 1075345281748864087860755068885946226023286875772555504227057099342346191406250
71 14076452486301790746183290390343566971832756085092341891140677034854888916015625
72 184263155250805258996230479133004848926909169382071240761433728039264678955078125
73 2412036016604534116288874927236483559607818638603760064142988994717597961425781250
74 31573961367797880269427361930222132170944550344504619943108991719782352447509765625
75 413308520101854851134188555772419893573972789202475297543060150928795337677001953125
76 5410278767332875760277144288330745099335978079424513964568177470937371253967285156250
77 70821468507446765125802450430650679150690351461305827029946158290840685367584228515625
78 927065058428379582880108149251491559776955819933974556334987937589175999164581298828125
79 12135439163739524615056560978006106417887078512476972669276165106566622853279113769531250
80 158854960995383379653845710938804307273882282188805226130767778158769942820072174072265625
81 2079438435837262579431271639631911948661057270020154075229612544717383570969104766845703125
82 27220202512674354200122931821008571548068801995582180475174993716791504994034767150878906250
83 356317076794183748516062186324330774504505598183228855246884592133937985636293888092041015625
84 4664251089095897372737859499339747328865863922858878316823894039089282159693539142608642578125
85 61055839416583866878166337831987940570375318888302453371186295782990782754495739936828613281250
86 799231314021360568854048579996325425333983185253064842647197085767629687325097620487213134765625
87 10462073724905811860856570254145182865750364806588411305428298891939675741014070808887481689453125
88 136950323023053163691497339312269607352905892467499548515244556234904393932083621621131896972656250
89 1792703002223152158851045833330414538649829266847782945092960871225074015455902554094791412353515625
90 23466786957770953290478254017149477895924791691029255463513299162503500383536447770893573760986328125
91 307184229310985495385897664423981804972626143694244258325375465656925655366649152711033821105957031250
92 4021093765720508598526508615930990127191272363137932488292799505791297320911326096393167972564697265625
93 52636800753032991593250187628365306783553431854712880866257605945446318429503662628121674060821533203125
94 689024667152482158935590099027204848573519668742244900786544101536912343419771787011995911598205566406250
95 9019449988461407594202596794698940059013959234765851490141721374417527190558985239476896822452545166015625
96 118066133148109059939649199444803979670871396802931649832462218077840099272890483916853554546833038330078125
97 1545505747510100709239673071804586193587721971174828460233390236807163309329382627765880897641181945800781250
98 20230932883948784140103866090948693412044044647549135657689298100161447158118477318566874600946903228759765625
99 264826349571479244370566164569115746340967620433866323359504715582242624638542594084356096573173999786376953125
100 3466621921473469062055895816263018859813413190319266458950338281229603190625176978301169583573937416076660156250
101 45378670082815054821574283129717389238677007343942338800267456328887982243414089822408641339279711246490478515625
102 594014503205389095772216851539185367084819780401153420530253387902579653885581922878600380499847233295440673828125
103 7775750796010460066043895694844845775305371522418742837947114410316495252198376597618789674015715718269348144531250
104 101785899360022173596353014134193052452460078326252307055950381457182937435836100892316835597739554941654205322265625
105 1332394720500071102294197819641774642404266886833316034890577861599831680232582098444282792115700431168079376220703125
106 17441273323500512194504141941271793324752501344343432846959908387567901767592828954356320991792017593979835510253906250
107 228309231840005905360207183628032533811180847994318591832134179273522734508077881854237745073987753130495548248291015625
108 2988606644512575775540504205888693174048900186306193056308014979413643473431347503954658151315015857107937335968017578125
109 39121368871688488999102383497629584265453981594734931048816870209366583738768265512963928642875544028356671333312988281250
110 512105366962512940598023147317226434630587219263369139324552678655157669245740295095592475860257763997651636600494384765625
111 6703546282645481883992787622317656912822458749082163813647868424593200445216897788609788921831977859255857765674591064453125
112 87750560065619404744941235651834192826572200754648228721604209402519064947109959451757021930973223788896575570106506347656250
113 1148669743918154024074298844219571469578021542592669335482866430422955963076226947061110605918798910352052189409732818603515625
114 15036282157131825242490951771997717223006018120023834314202891221281362822465655219622733540507653060558368451893329620361328125
115 196827488759023528035506805474476471605639733235540781325971707558646543260079154617813237959644823149574222043156623840332031250
116 2576505277457057289470328287817204143509445545532515862034503332847664078339545938776630230881981020729654119350016117095947265625
117 33726891942880271141167254180396150362500689852099218397368257303748797593591210216204122514238594732205456239171326160430908203125
118 441490747206777634880750605510512151849774209143175379409661276235040361945379504773646081941529395464840490603819489479064941406250
119 5779188909529657744682077728147778518684095890845150231210712710931885489340912316199588166266976063667470953078009188175201416015625
120 75650564962775425298212400784453873984017083134097868982919158758102273291479197123652670445466406068391052031074650585651397705078125
121 990278751703389935856134068563113646793153849740339278963519563598236962138665148949800352525321689434179006639169529080390930175781250
122 12962917151481463405386701008835357852296880667752642459879814485020997599792997306155688526743165189802908798810676671564579010009765625
123 169686788479637202684397163418452526614624363772781154924109228185359039943428330868590319088014435611189156816180911846458911895751953125
124 2221228898407521455131289926055903952911943439897901262364643060654860659156600030374962573151637404422764632272446760907769203186035156250
125 29076263764121891759859419805377246128313542504148990062366915205188933888763292183909680620074200176061740563682178617455065250396728515625
126 380613234001640340019609048929261093101904551564787319376387651561462491852534381999271144972322067530356992648421510239131748676300048828125
127 4982291915921557806297650238804485243320729710868085039086641893292214030568933425391325159082976008553811375634268188150599598884582519531250
128 65219047888782358593974527358835751322263331873901592601889937110346648162220641830888098761936588440048245818303485066280700266361236572265625
129 853728420433696433752176654412424138750931735336821763051183009322894371669086291828538352451974426386878402883695571290445514023303985595703125
130 11175450109285887541433286632215468298207392733204786630720496712084749370980778331655872817731201684801969897797846442699665203690528869628906250
131 146288541128445902277694883122921421004337597614651255384527875448198881272984517679124633454668664612357588394875307358233840204775333404541015625
132 1914941864194541345629591081038434607609879145889649164999905713920864484820248306895472681376749927065314578478183449306015972979366779327392578125
133 25066914434706972627501494137503483589039747247978456090385388822607995240479111661453974384284532290670778967300869055634393589571118354797363281250
134 328130169915741055771782635036591388645349230072435612230783189491098316486680467249422798729849236183428820047558449601865504519082605838775634765625
135 4295279687868441520889202172111283739954244769887072781202113121801274866288229217204992621340625235484662826530855017637122728046961128711700439453125
136 56225941070133096419043466705754471383179940796495201412262117089741665082156426576839319351863147627684221896773864024510203307727351784706115722656250
137 736007123855285408263421946283534977248842992700251201653878928301093104575140668222464974744431583528146757788336584926724981414736248552799224853515625
138 9634458331075953713475242526609162874153146370591387989501630997272854941573199358915991637369895062230095819405702173288119638527859933674335479736328125
139 126116696869757170495543089242049068681076120741364539801177491751565496509219473678178250191937636345247768346377117976153670042549492791295051574707031250
140 1650888994769458714596265275465506958362313151855683397280121601341661074098962121199773961944817168622964129710514215310102059675045893527567386627197265625
141 21610417499797951456555401900931377658407794259301137464172386726335778698753944976042153174373816620713267736998285280247689144061951083131134510040283203125
142 282884037627732803983424396627332990917059085093124977030582760861495153628835121610637948566986820095124912812211423820962785669053118908777832984924316406250
143 3703000126921043273337480901886710422295691419914346218854431744764032836963678199758515399145456885909041998758214225308249556434248006553389132022857666015625
144 48472900963122329000476603612617331561508894171387068857051907149923113713734294956111782273007182786257507161067927784099673704787392125581391155719757080078125
145 634518511273808853173712031642092212865241127072947377384417813629745884781922469347713849116471319646136557447063561128788866660954681719886139035224914550781250
146 8305955145029074572593765384315949903940894551809533939339969525698110428885479666312913179921890225035610682679255222329341157294635422658757306635379791259765625
147 108726364393590897259563679973686943237482390100319324655489097544728009313734133261000851470916570384380746304012239306720395692895664296884206123650074005126953125
148 1423246587278136594578611064997405400963713487709551521348837225028467378983875007257189942565701300139820927493202209042572406461069078886794159188866615295410156250
149 18630539699332276487190073975618907433518642563135289703845330936808810451914771777332827851712605242487795254797727152970576204593644575879807234741747379302978515625
150 243876930808030732443385833009348476478686801254290557523959033426420472304124701478562669211546546133821405634635852068494332907377941666027254541404545307159423828125
151 3192390469637154074471035645749754461342335954735976120263252227976086823264001227745119341880383060945126203149594602203150588495828010593413637252524495124816894531250
152 41788933774356542805980888861012605008167869289682377865849807583980790541356900879212723397917082260831357906378022731334900504752971617250523195252753794193267822265625
153 547024244874419290227937441771445213588959640476836264981165808060309687538753482494562867421746657388842213516930475914944742858898873993922506997478194534778594970703125
154 7160640328757375783269539405046363078630197874910484528071241931305125549547379715438124926378272804311849255094506570440798630264658819477574525080854073166847229003906250
155 93733998809500154493344655031409315839728977111736361296539483768069141054741858669207802210130425629956683488494336658738360882497410442315555201275856234133243560791015625
156 1226993973923567922818431340344980660630179709803283306246311208238408977082443387152163909992499564341554020950052385620055447480844686147793964892116491682827472686767578125
157 16061559638616014979942853729389477013459471219255840561281181029374406129868104340552263594634232824374393227038427367832372690150235031159020593349850969389081001281738281250
158 210248545231151026628682022432217638686137575543755525763059935234655867520960480429479856169701003257077047881825100876984204165232408313690459777944852248765528202056884765625
159 2752189187501865024931658993248527654955576852674936872413869502785477859567704597928391252679659228246795887551415828958953745224730248926381381835426509496755897998809814453125
160 36026624181749199708257834337922473857180213401530164942131544160915771205491556958188872385952363342275012116225609912459701074240143526053459233082776336232200264930725097656250
161 471594633038691370000576040237623916483813779706079052321626424844099621593180739424623304472293969427955284554598752962921672482983896667642353950355982306064106523990631103515625
162 6173253891036640557302194745116296900827701360552931661271107768638600043760422167414627757435600457862453965413341046632332560388754861863298828428270326185156591236591339111328125
163 80808942539582324109518520170803855600320175915641998611025955908476510116576814025603833749726657632237927367335146875411946593756725511258423577665155335125746205449104309082031250
164 1057802790817818847710222933934150411484110104720806687633611644411182650654641656198691812310009853037007561374693676965370884896632011122293882954270571872257278300821781158447265625
165 13846818298777724612915381004742159782253647172921050349228525768455827006905204492340281340906981354749165236437026482595264608605562029052947654872429694705715519376099109649658203125
166 181257204711220398000975141722778636446701954975795588047587595416557838837212025980136924805854473995312289512188055314794697006667630157736867749229681123779300833120942115783691406250
167 2372687613198862854691742600723125552144188145313907561983100787036971907385550277393546838565142576060955211771895167657038839884875401639729324866634474489046624512411653995513916015625
168 31058884080202432870351760467777417370995273305313723728556821920140632639852953511399779458330776791031520938773726131985715173106440270652518179268775089241216846858151257038116455078125
169 406566070873064921687982841998583121761324395946858166878774809126185191913155545736158020910833087463948933787308512788359756599474719018794539567365764476392087090061977505683898925781250
170 5322018961090913003560948618284311392144984106570029409967701588889262062701009348257375827204226892183445983340284538525753469664459778515605139028767089914850885179475881159305572509765625
171 69666132644537072011214658224300092838141651699878986977546153605184301142686251580456686885292576196152966405421555258177308129980028702264213596247362236812961100440588779747486114501953125
172 911941515640783255079196157907393607768500172833934069413999764355532965572768540000415907599282970637708346497816215409515785208088936071073075467991256304323144377121934667229652404785156250
173 11937469418498322025907575913003401795573961300012036366771342625203386955024371810494821441856930154661801037331704349688304074871833323509490792113684788644523138145814300514757633209228515625
174 156263503386455249011633734747366186739396915179332193766220145269162480186046363657411923937871878053984306897530159860086666492875276450865534995005490422059768462759166141040623188018798828125
175 2045515815334370684526816623385407756201604695189681997324018613407352528915086159598808323021654916943219577529659789159092395521333313675245755122240236614783448487742134602740406990051269531250
176 26776149645354179042611405982096961674539147548361925115704775569381225929075133302546826746878026802798685990506642840884219270498117793857047951958466288670257515747152865515090525150299072265625
177 350504349296953418526000674146819231213047095845686826802471168205534575713249845548232193127629029118399800419358147884285979169438434065974575401320988414684276524013739617657847702503204345703125
178 4588161498320446801824724962649864426332227748976254274144448133848487987471869350659812228242484766706029856527706147242184205779123566143192432220853169003507709966527272626990452408790588378906250
179 60059813742382866564220857586077485614657238838501643442104942802588955419246794121191378595446545772630452837431638511525613607450892640498522098279772824685508736397565598963410593569278717041015625
180 786193168677731828417694739724915673561552888853118294777962938692622131601905178051375373225636067421806046148281923991829598967285300453898020668675263145194938296800302168776397593319416046142578125
181 10291402186606405762159899656221797963056862361834233335616820510324608088547407817740846133498377367011329371288437897089303644323007190796007257573134626560786356042065392557560699060559272766113281250
182 134716203582152790721956126350204077606814113206185542664803234187553568038163487814828307671834758819624789415619520356543814690662975350592658346880137819781921883210973334144000546075403690338134765625
183 1763457999067131716775344403847516215025790139046927306581628000055188318358767121778903461740061948119088606952081857920924629251869450488989693763873701632709169347112965198220990714617073535919189453125
184 23083964896453155983581262898957641285216499255549271032104339146138985574427419631312844234305060251295709368890739859900274071511467373570028947786102078996089493126420144619714847067371010780334472656250
185 302173023470119046834335333388176713902602735357065882817024387190705075657442116425220076971074355066458425359559051450480995341375274341325691872694688644123613163218478039340197938145138323307037353515625
186 3955496229640456802925498428348709676408628548967256466452757329207101495500946255595480048708488819714483646171117275259708078332842430780634654395767777686951960120116666974610097895492799580097198486328125
187 51778117857853875873024093090526227298564359850582199926365750258338895541078140923301698806350473419055794058577782842633596291458254603176377519119149449201189072721288053635646519978763535618782043457031250
188 677784362126796718022223935649175667568249684034551587234167320644905895728648457459638480877544880792974819724388810758011242413552758278129796426893047295844037087816404130169445352294133044779300689697265625
189 8872312485455603873507756707474479331059636264253718810353366053215116047402773338812034743004411376418227444401387590304328728916835009092537508425416973207630829499213860611650517284942907281219959259033203125
190 116140078228664140152060752220887798276688301862941992474446307782104093317825388645689559123127548626449041172911093585614649873413706179434817715708928415718361515292797805920521625466790283098816871643066406250
191 1520293361293572005443217365626454990873833621337786916857860465401183498582311496215042518271802944986279931483631714026611529878284717464208828024998501905584651991911620573516561449878281564451754093170166015625
192 19900898463686976577846741678874629906190296773493253941006749286465150145789037727083398795998855459132972942931698370758806701338928107477261977482254318190810741996354363454735381111504466389305889606475830078125
193 260506142922965348531620691042458073821008611068954136193654727661947664722277778500874918983187758262337595856884682710716812273126803675553708961608852225222544830147524937483116680425609956728294491767883300781250
194 3410069682252305813528141823665005359660371746696980694379652182767586217189440734336038814847844987456739614279977781391782016563428852446374084987076425423567903902304014975878365678596537691191770136356353759765625
195 44638391660710453489631610078913628549380360923730857010853414549965101639784666552518709248137980855292654317777549653108809941623262694806768550765925075722954937780872101201097568168307816449669189751148223876953125
196 584324132854349157006270605592079294249196120188538337803309913680286869167033979929379668350873588142971324409663800261837598710263219110942176136811965500255126469155481143619504380559703804465243592858314514160156250
197 7648902201297476017853268831908348700003432779734803641778313341455175496510893035127727294059654300762253508200518262599843732113366719293963428283031355610753023592810414624265126504187861655736924149096012115478515625
198 100125429698103411342642267338823248143821588691308596181591952279820460718487546028681417702122974807859519512766178932451716013943920311635897020825171196654917192163269190773489288048825329724422772414982318878173828125
199 1310658890439114269693302289284640004657238010876258851679421450660927523364540864552028083180353264598836454986479727421779646906324636692189369605301784059554932292628777495995711158127683404472918482497334480285644531250
200 17156747614134128761833477655799018866263030445861167870651522952918401332505924317563385805152224598786058836978041438015401803246271542591943118558897480976951054585349932670598435170694617823983207927085459232330322265625
201 224584741951034074685169607604869282877514506416011046767787308027252831903475343149650084997774537366819971180008628384686535876035957221574412538250917613165392511464529552659083748607227182247925156843848526477813720703125
202 2939852438912157901231707172678063771506141835093636504750521546585832445239482039305666629837812445532648096775678389819912993059382569758817610109791327173057111307334194973121295349841042288119297154480591416358947753906250
203 38483168034906516651346367400049224500654264866004271402063140498106165881005347010843747322622823248819222172134960137681531498989839615842903838190596967266721856823399685780342336532434954765591328396112658083438873291015625
204 503751209550793802239402831683786773222160427112723158412184068806946677084093154180014544093397037593972130162632442319725147658363029993673117320114171329674400069667640412377102664240498264280887497079675085842609405517578125
205 6594188942389244117307383290255570985816049785040740591131182519651546009236263637429124478335384982689101398136112631353838927400699459509024163846947645763447954624429614041147981550296600095073529246292309835553169250488281250
206 86319053897068816703625678561738895456686736097793029906663136074599523211441625706936503572695848800487217717975878412314455219551416142793534524701360403209859317624753200307792156648436544819080751267392770387232303619384765625
207 1129931084896301147621700596169694157204899796840876933821667478127704197940717794668319441632053107440080730816235360400870855108253755654177413774346714904061690898760557653588182810969133169909373037853583809919655323028564453125
208 14790989926017796796734866978501939971656328550168328259658433770050574888824726277351379035163400391589030519294133445705201446135020931242822843497666713480678880540789534796127938248326083928163576786118937889114022254943847656250
209 193616571767859423260480489773286745644722433331503000549334819597566018383852949293562699486649678187833439519006117675556250314318970077287907308106332829608640935642829080602214503450662929674719325845444473088718950748443603515625
210 2534473828367446428988835672136752685379428286218336801748561449712225903537176082469656016420660163027775829802738428990713718561409027878248038534153324607112642021122697839130019095551791846916700468028693649102933704853057861328125
