1 41
2 659
3 10830
4 165019
5 2425799
6 34732937
7 487682438
8 6746117783
9 92215499119
10 1248437108837
11 16766958502992
12 223674635599161
13 2966748789292217
14 39154974765661223
15 514529476985579624
16 6735601878829825279
17 87876498698796214907
18 1143027181439026138993
19 14827268815830962640026
20 191867111198143325368605
21 2477267462061035338325171
22 31920043476470876699082541
23 410531700829878044484576610
24 5270938649736400210079754085
25 67568614950628960869395082417
26 864906432440323574425756200167
27 11056202929895058156040001033472
28 141155098391236805969868698985059
29 1800021218266987439555737932002101
30 22928854867741885228460072693100313
31 291770142176079536573095343124403106
32 3709200988304630745710989898031624077
33 47111376292430088511849830131407549443
34 597860468826916175352121827999804345127
35 7580944446085840418076011578355385979146
36 96053971292415649078112469748219150517433
37 1216167678879083323637175815093004041282291
38 15387707867269470648090355830529959018168611
39 194568149126363784412572541998792177782754316
40 2458673117043770967592770805866326721920992827
41 31050883325679391186483245262034377296696410221
42 391925240085377776538896557808059618016274715877
43 4944242647935863971724921200353191401649532988972
44 62341034222544352960119707673864598484916584986665
45 785661808022928069894834815164861093495234327483479
46 9896777323326095944047906925940982254218322140400919
47 124611178968964592281201473786115929777174149612404614
48 1568314894536029175105254321202530157221884892251651863
49 19730137326156727984715835060781200667581280110150892343
50 248115905636233106324818077670124260627389311948013951451
51 3118986017235189530251580341888571905188502257554756122126
52 39193392907724628528996038767038012338615636318203403870935
53 492332882296948839624586394511349557258697083957809015685381
54 6182398327289188169233773339879241365566212852430791111069645
55 77609089846490969882172599254466636829369018294935507592710292
56 973936613355444146685238408116782097675733979810423799189357709
57 12218448316330822415025302929345316346643920038149839646071762121
58 153240374044273295072422387085919302138007874398176622462946387135
59 1921349757127756128093028554422713662501360009564864161891195418646
60 24083511993397414828939708138689728070546120821642421837658089617719
61 301798622996879656905706303804187616372150482113804758092009615328855
62 3780963064018864885014835524593592585594279893926870302143966517835957
63 47356422395027638600096655594454518278287938445102618759339330322169630
64 592993546996063608774481852114137937029741777078274801339388732127443363
65 7423673922557772118323967173798390224347117829297623023518631456712841599
66 92915615866412832771047171771244398594315797509354360002498199112203649345
67 1162685781267545335003592490953974322359003617146074856916237794642149620776
68 14545968478559579745502319310560724117426743109047954485657182081805473640885
69 181941692811398897147474818175301054757884356575458819400172608054127739949817
70 2275273947195754157578236089263718547379248289261755576154790424132617559626771
71 28447852590661105815383058965620598148125568394459733799238359659833264362676352
72 355616556713800860041112905673101645607338476708718282493960671933828869139531291
73 4444607407867729891834492162947515620268873929257790226789893949501684075363887547
74 55540010634031203677771217609870494689755206845029157726982228607142021870268824925
75 693907713173066326755602746924714156954887043019490444185770787826813109864799688210
76 8668075339861535976537454171600345114069860999818230661488664914580757207133474410057
77 108260685106851980407493211520656299948559583592710016552375599562412028425862208830547
78 1351910209711523008837841768196676618091714410231716824000301115652496696876922780699897
79 16879348882080846996698194413384696635028661549800841970501017654625528141472529484671050
80 210715271792850895021100666316222672257645274473054594345119187112381584492770011155499665
81 2630089148110714777722808482961003242859993348977495779009162442267231488830555729154276193
82 32823179874502096452063114040606171506853616924151027301961700567552862502360026915238161811
83 409569962722630956617257726487151589591400056965440634626543834668719658432447893151701165448
84 5109922204558405582330388571707943609919845887690755397734465105899170623174834297810405912111
85 63744196536573829146508377237132624425379131771782552877191480462084130416031855039972242899893
86 795075860624645889280523704574444633528257137855332112378396809218064125127544272178802110723541
87 9915608495262819189024410265986842052086760957969034320480100749075468539412800286717365933499930
88 123644370514942820545008566232701821049386452046852663500738883018141809606815767076138565944416681
89 1541610798151261292699813467801517438299642006545741513243242044950287448780135874568105338520752435
90 19218600617601397446037845651715404328713213520650427859952128114478393000284913513511272350258311011
91 239561247740953337364319091076612163288702113922080184184193938831642933876532787155227445628343133266
92 2985797046076996990007328329156265037332002578416901107412254271058798968347384689841947454020557940421
93 37209514636414468900029108317398474136214102109326114249799484035445409454306774986596955625330107279139
94 463659097389819975125039632931595860854296363839596858348683380958190515947226484680227441248175332934735
95 5776910615179572976937665720880552091318749059307563414457078190136468864415365592240878110987480344600020
96 71969019079992969392963948742777384799801975570243795002269639641623557458159365859906707788844739190997879
97 896498469955108637253650929644757724348815278921405182834950828393964346653905021968146496111468545790524941
98 11166279314782074226872645046664596069422123114536391169695288401339615949114285555796187495634680118514585889
99 139066745160605636287443360625934243166223792189023096042785213349165696744289031139652524199385676279451418548
100 1731788447564623027142259185552331670780219724674316336248770077151321771872132774710102578459433273971812585477
101 21563734794495717934959186250157801432445310833756924968741605898992310770975550866405468963124697406040862413815
102 268479757638207570408730308488539410659867778468932592467210107642798406745280676004128828435450545872081442566419
103 3342399330137099993811361665136883661386050455561943832422508089609495347318051547362808158929805304581365032762414
104 41606877702887241231469311122745550858531283399512633447264993005487707447301004229182655461554761172058091048316483
105 517884217513313731095118516957527513485344057093696377892339103199415409100837124208417798538301709598205316810563831
106 6445575806140357589927424094389677043983473580863945742532617169883419075733412956303145799051166455181992383479264823
107 80214517307228410133617070861263913736038839412438791135366070301015279925318690566948414511645003636849672888367465510
108 998176022577653077895452825935360304234167149638606032201937337033335787946926883003772571785450121402048801378761575299
109 12420093734413584108472648558843899528675788468764159646028876553906454408503280247244346833888646633073629420120165681749
110 154527882236740385715471517300024566088012512968217000469470811279190250973273517516402986222585210626362974093936430600265
111 1922444060445839350062959625593391052222610773740809760701305271825763687432480169267871160953856769604327967847766106612876
112 23914762540835472799829269658401133493421467368395253681366283557710000853521287482725434959393119055886887952757815601533593
113 297470938697655533065658254493963488055474125199884823749890665996581600989240207810620462385531639076660583917022808337986601
114 3699897692176142675043107206375564921596995111639729533385477320300548618281960384668757093322536332304120614360400687321344587
115 46015289935459600261960418221598926518117900119665715566875942271652040955852725619110276243733892812369970301360371312064159614
116 572245580323234857012021360713505914527351562028722962065949294592124577671849351785081629073971031101045185019934384901370011539
117 7115920949178726640354911476000300003244028657885881038627086242023443765470924418422206177238207214901369471568936535595323187815
118 88480730326925807408008020978580513429627878534253421781881812220617516778149418477937778111010665014020753543348228492611587399809
119 1100109000715646537571741436522965793724592098317773954363598582312536251021258101855868647789676014261889913060173696056037752344598
120 13677057700141203739033168138320965392835457436556180797114008705338315037173037289845626308216168204526459624020883726352058495090479
121 170027855059420795193660124743049051105273620469669807466048184073707740067344901752170864246941589800319795996091776968695915216731471
122 2113578540807902899125146830064304954769339437002954661666023338728430866271121839259752367656730841422012062651920161968549782259588733
123 26271695003419012451650565702137078035717130379915002042693586312864584663673502608030229442699513019821441029669671842574488786879912096
124 326534928363243602570127242333860508056023321168632074219733663179850549657385000221863382854829375161348386256379854449328895711433624049
125 4058293826926349882804999880487180938775573691113530118941546266001478705288316227435703142845182061156148565635757552862207447046899802809
126 50434772230776218079998619597459232734741009578703596318321699275763674641404006789151498286164353727738733355455712560628190648412732799647
127 626743443482564864225574848033291659029505466393708928764888721140950581079800428698177512009376414131842714977086175510840190466095791051768
128 7787949221369898987656113752590279603641495598145385371941025378295038030919409334801169576472165609341139939333610478958288787615838251544247
129 96767697313540383468387246962385221278661974879514153050382404984197100799149128283502490091191726325265771412545197998686833217838876272661947
130 1202297887403903749174154384651740037869057803391570128971770980385820497026660550535493125154597052287015079808911312100738955480021435852516521
131 14937177167954125103340571706724945978735763929464533632306595795537710820995186818037287304302814643350087591753701995731733979337559674825314090
132 185566737068088746790839493203157510375663027198231946437691385569040302188858077722619126096832594980788998205043708955445929665992333784259439925
133 2305192794184964640629506092428897948521851803475822013111953606587338160305792336975004449233487933501791615460968168794153061170984703145501698419
134 28634543347800926670341600561897978354880427352394746505106729953285041142328971383597654682387238682276933277272884128133777281615539408461413456741
135 355671864310186991460797718604869781234127972813747382476220520783296187963610811812443929882187150137436602246880985433909112465380580101833808171666
136 4417589431971545504096509374601230100829342645691503811300552011693126555816757723840786649885011638546094170759135332459372742131347649956505287546941
137 54865345520642652397128481129866014600553277587192146479391776311767612526005164445752061432373165875264423567701771927176813982756005663316677035632593
138 681378065087827238380162867074506894561739793604396937773270211261398385983330273464630261032686247389150568142732558766964062087112576058430804782821535
139 8461663805134767810640621059889767538069314954518396864350912874639047243688830314456811911583888696410446493791091970754131984875495714175499391591199408
140 105075457507440779796938457384493567176891752215094035488608189008327704099033455353738938231123880864996592730596197115679934296978898146586178854020892603
141 1304743166489967376902094560495511407151821938365957377168596162227855992387813109570354437421151358225869691689076492782608134669126378813669154083236264373
142 16200458103862666346905908783297675863427201244097986718875205593730448540580991692149209523201584413058756655294961815185781499483612102624157932563029037873
143 201144601825748960247101276225823985448666321629984124095902825409575942642585955760739195617225360766893065379252408878726159984641284686672081338893889161202
144 2497287727634734330180720519910662384043509265148119896143398866818475349274366183007019057929235298257029267642807200987404539807980660268545236269690193087813
145 31003318758321642679471142705201615063969757074928919675975312951507050513557951904350594512638063469602085481445478678465381496449003019724713884041848983287075
146 384881884445334696708156966643719502455852980425224632992056855827542029001504966658271939795180063438468636981050840478824101609845155569732623378647524343369471
147 4777786207751652346569809730470095761770904714717358861511784937995077244609116517244543614114897197412448351835884256064034645968884623799158175858794570532213050
148 59307030772080830842163766801652675900447547527132217402045006650658600951648666336105951309401797422910645303694500253090831766046275706998774110502033789781843089
149 736149703669771569884501856277447490128579284707981351684062328778459816929706362233881688862534635383773293964344870759720843354351174942488348013886294907213599955
150 9137067888248336048655701238606815971744926203683967245738463277823151715762002056172290205468930919822672037975615960056028314381770138036904440642439726399926906395
151 113404050215013067482072257857308525411721442651563585571572525770168002552595932910940004551266409239512010187146146907526941134502553296541221685690346710139945692924
152 1407445322635390481300498685716864352869040040644958523223184461644634066543501292545043317605743473344835802338776039733386225542500214020850432009140055115771254365491
153 17466906483914084780694304936511279291387519325004980131737297070912633304594514405094952285395160676140138833638700369363272575762894455316009933513598691998720936890733
154 216761523019163969921377471318996470840672273751407503824205455723301549028163518127335161438550554818219387475159841262283534482977393096105488530171125906550029336988605
155 2689864249740884610499232868916359832011397050376767550802185922975534506213143638564969718365639216037947964116596996639257819308106748594997114162548282675180937322811356
156 33378032438137068067420202099737899781097019165605925288930493083681086403037319138391952403808069284647615257178415436001908303789265463756255288055696763569946225119876513
157 414165126907535001804433012034704618756975854768743826945296328872209021533695886539737373540372462329441535739777692588292801829704520108850464261075086500877985342802401559
158 5138885857567198839368451858202966174186763809758628041112330511912727899541966863619904518813723860149082120968185588234431917280552297073794355203852423079186707024807645103
159 63759848987384619323172569383293251924985264772698252474303819070490992481628773933558651953221715981834346976863065219379114648453342948973861194765405725641192340465846822966
160 791058618194058720946824671701300520181672953818401873084863069271603839207589009015509566503688084091663547363979949100367156063861958047051886957197460719532315013229087977711
161 9814164663848164623723610658242468608319007430488871356502177067116043029940254783636850678442887551895280790917831581810974733741937812245465982441908512399825581036249041393527
162 121753514808764915185620942240686163535822913177066234587305845066597684126785937567165465687055546443345715908204993104642542614234014188223659284065719741838589389743096632480243
163 1510404841317020927411925619746880994427490818128962597092197968934236635519197142394970438498902596173699615787367205212065168613369727932690023513757063525012122340561936552903134
164 18736528294208413844682121936503663256344605263444187787449320055343019106343081256523536736401474478860338561612720315113189321963719017507414007901318824288183836757366922408702447
165 232417574459049397154179437503361720654302047328148290197262003260344995601443452605580110608386338687713851444503559536758715182707352874073750261032978538099171103216954598996303141
166 2882923270615458751736621892693635952205878482826764385773290093007359361364056885917451925497691898143535379556111668640519356975786640919303899134270860536009111014229931292896318309
167 35758695609248278621041330336602093144657205493452197959579918456921509394373319555161136534347995909475261214036421252773878109685346062313915168504945472587388966523232971481315537380
168 443521730068001532629874056945618193295080405560130431918969397181333278079825328613806669252266865545524339918182057583725472442042051507945723472851614947907439617794171092478361350437
169 5500890087583832562093647215156783909813027733043492256512979494908167682287361623197561288642901160288242651877707866519583324684357867986529882612241624702892725607268363149789628826441
170 68223821204175474581077612103936932426922182817717813881931452652454942402865192000947491427015997588615478851481837208188596583145469134499457767859187859689778897357192106320520106617911
171 846105068061947030702564502235413702709346383689275517913771136306888913166527690654460422298120030665904446701943628134086848863456423115263517137981775148075729816643944646507747536388998
172 10492957330442833462481309056476003215669417633461627518427081452937054966069209742319768945006579585114188926604197552563603157781730643916876654607363089088257965954894822486490225293334447
173 130123890727429914933099643231847890426006578072498620758651625572701116189751495752910565682074547807065191510633061107877010424059170025830815747930383923198843582976024945096936959182296055
174 1613622208828287738905580857039169577398375305665776411261302219495692230352214353032215871574808320577520799373432016191725492902536496906767856367001755727456983705126148147893559903907343085
175 20009329530914324065538184578790147647452290955508557544647496858980350898185407122409899457339978280323575938761413617938590835996981517621507051446981117027000246664519520722430234736987139182
176 248112830080269518480703281681003084270566419753460060169779118949021575898131687544054089001746107834317850268670818181151309494567005948575864581238750224579709607896070609991020493452506723387
177 3076465701901282039660724028102395461766732185490842682336458300204863810374494598887930725054981390659749905643417907918663369295589156886666744842057504607741043879237258996125517788949816237023
178 38145319512531251137980064882362203083195184455481579507013676115777109158678240795818854256530866610614767148003050195894871909701679192107124846175296364049322381394605669500622629352802552708889
179 472951832530679867911211510020340688118319833620626568895383043824677099732842571457298361415995028640525503197581543173103650856984827217572097240082499014535020415379764462277877350266339273903800
180 5863800606836840611957267840051706511241163843449737485637648329686272143497993872124623463742196800797920611889093801289303893269406246617691927276062028158695017710738012323248875217510553433041901
181 72698968495458181058901331983941505888054042272668555094248725846086615449490072153174443801004704610958743503476183526700649160533888659275047477841493404853544371744330352439058157631167842039149049
182 901289313110979559963834334557912330583638006989494898653575410735423127419247280797748267022172816655046468911950241301131882194761485831995788034659637478464559703448045546758886536374104852703751627
183 11173449091920415336778920187800190072851286121180672745801081783841309905757093254953437575538042875278341994140565118448417601757932199574853210858136281469899564176474110095014955241280453056356218064
184 138515217476072065959534117994462369092549113133791724223012096953984834042428468770770787273034196164025596538629359049306730481808764426217207183936956040966206484178318144801872638297536196456805108179
185 1717097912280489401050025111426884170577648273685836535778717383724292068666659489734589917042931743101274529536812843436166511836263736609424749051980057769879561141063300127747638553863666365390052908923
186 21285316200285008043776316132269419995273981648173490479217877455011482863897665403233743593717228184234046840141542438467001579440755581988827635754699913545296211623895665844533652424032028167435789484629
187 263847363942033130130136071061718229247030714752003092188651271017087942929308029544994828201879798393824194560363509563261333184573336902779179118476724575977795053669674880178862249460823840373248808195810
188 3270492456774376817084375823680452858924063337897545189856960205556596518438306906966849309480646702491245986781707924842225251278494151274273389508370182721829739976698531644194067642438507254573331578284513
189 40537915407766641283918851746894123588736233634528525857451357296956932109536381896521030094055764173565742703569772889983577070547932948596547387593261906066125815458318310387610108821801931897572629632140307
190 502455573132614705089302089032611958211880539738525681272790361271887600035633514235769153828691617704385958947317462645986894814733449306507841047931727813572277190794046108300663537701582728761240160040726129
191 6227619127235676819195185472671928170724641385188294964332891725808425034818495042528852895486797388732286124777449088186618630899613167790779036973558744956032991461334182392235676644604893806395731416268566586
192 77185311969676672210864357627755273469567433713813279091111195909923816422978916452615543858892324062653781870282850730919302127893370080283601165185375095374298055385665025137947253813716488227017898039198538089
193 956611613615672377122204576410837032469082830203192991165399568450660424211328629764860309228587098999151932717554306171686065908326026677141967158279899664063760219754303183888973307738753249060078940212722072833
194 11855643157556962541820493830211260652751572792568504221727098552409146026725945412091710044512580285810458087259518581026183584615234417155270069948709450690566886280716099812115815777896312425199168962546147625227
195 146927534626190416843690991681028360784828129502875245760963855518589508347508904040443728368906937169596626010790342309363850404318848099288927076787087548185156106895970789484126395676552721988022818060433036055928
196 1820832439604084115400452200357071139107377966823604386661984615213914551249739934581516844358837870840792408552380933586082479060883488491691692175731547413621591003156627190493701005638526522644538409800015783129351
197 22564494318674089505777437721602703517295014321787772905429182840270936344734137571402763314761890958425845587388373272166932067950924907603177591841384424430598935592126669861923068955025516875583597066570030037638965
198 279621250228089709247626326572678904943074837610427670506380779181149136224707818236774466810423907215974119370475211410335669876630249414455630371694171764219000543464242421054218346184659028738996729783918248194744621
199 3465004449946381183919408089570317130339636539436962444361046336207040424901568042418159910729602443274078544688767442668051872715468053024162687982931849412016971742516881854811155619451803754148567534041278983567892266
200 42936494573669606561099407590539597999419618508479608543365949794488758597685055712907873782572679385789465340818579226227064245483777530276517525466649084682281818477882426819096779429443862064714567781897528365803440481
201 532033090944317582414123556779443282118420699666724958293238149275511235389277735514605579399832393464707368407012556174889650159205417877391064877141694678065075667238253696732632769290704609091780536811130928139340424403
202 6592347363568495820829110655466079995369935390425661853155409775640714599422449924783309274034299627528283605931779843893973132416670157830111150246470718211856037813058418158474534913148146085775924091357569116504603978491
203 81682872770769936375725250715230012674965014459100651256606983761734266421029592412280016413723921629243610538688754748658905973887763697537998960860076477506441304090959899016273678732787440183018973062247855480986862326466
204 1012072230288203886738491689174151669261325736800918835303720158954900078114553324567549172996590522206563856951892263439682504539962996315403868265577750616454633730908994649608883438100654529150722013768798338523293810794013
205 12539542742025006430757877117387721169447190795277983907028769618759242070307366614922546681064570272379874409081551163706197334524355309018413668991746845906234233843838223566532023491624677846023358997493918965355961195667459
206 155360881815823866163882305623222066259931178594979634494316173721007011904119703072592106998723379900519199972759990286037195105414240520000282708743913541303186259444984735428518210157500020455884924343876344959030680738082439
207 1924826279549982009075564636429676398535835833489515852648583335976069790352764156739151109532946117155153414089001940243522786026874294205714505854873679500034709542204369827815157006486412054465821211676596766813220154151423876
208 23846869912551556456130572787166451021032379962325158172436067714520619820230301383980820206339665997128585488796278740745070443752322844949255808892464812359915005767055936156586030281691858281992941215707905070428585930831054959
209 295434563246925872276012143496193239350726847554350331795846443636728100782357549398931276452517569244995881698623490316834954568078180800114195126823266885468233283682589626166239442997149479460976940224215299910142377995641416077
210 3660002597666971361245289346785992218999733690923770094683610076753408795318516057809405728377920425301316563373364885965832680937484119232520280404007239730975237567777561932465025483241882513502651309101124354771722937219340399545
