1 1
2 64
3 10438
4 2796826
5 915745002
6 322124540754
7 116124404018058
8 42209510913723266
9 15385058360607977882
10 5612935794998414602514
11 2048403161005485984441578
12 747628311641175955079078306
13 272879595140166640836888651962
14 99600474121229524264051490506674
15 36354102525666503999546972395109898
16 13269238817390229910317510980541722946
17 4843271118601481263297233192810966785242
18 1767793830220549554839116179767575110769234
19 645244732406084292370291340330367643213855018
20 235514325422042004119894388207691014794386921186
21 85962728546491523509053967288096970030624628905722
22 31376395891097841548168878258988830675226275325246194
23 11452384496789381293851528772244672061708171994802788938
24 4180120340905841806037544150348232965983901118679540497026
25 1525743924379113810528019626263852190181444573959369038661402
26 556896532392091290104414429227649565615843624250569781578033554
27 203267234322346520298042062278674509867592942672227603530760503658
28 74192540527562930236797112713503129119578017240084704817906905234466
29 27080277292549056476448389177815778940812541832567521869112486609620282
30 9884301211779013220585790441567964374644590644912423759862934134613067314
31 3607769942299169953529033188940724963391730563962751439556817577676933271178
32 1316836028939176308655953915224507384484956061515906704876092152927358663277506
33 480645150562796824284801708834313840641899730038588358585509828927423373450070362
34 175435479955420532402248804358327404869210023705022362114776750159073369589123723474
35 64033950183728456694492947628152969858138004361568146191970836289186660701303514243498
36 23372391817060882102345926236835797261522562996776438128114882175510414103669725754530146
37 8530923013227221407236695119457447950035449211549940136143036135147067149148099870959819642
38 3113786899827935745306806427849481823301394736798059268213177979007835697166716485881106418034
39 1136532218437196538700164696693257602403979642172139740965626344707883384957047646575522150652618
40 414834259729576735608468117057479031357649415416628374871633191510643701687428829320829231371056386
41 151414504801295508373005639063241527423845471771617605079742711742164497817082849041292018430258996122
42 55266294252472860541008660971229082596753112501390755867101156442990162060837225681841924727215278206994
43 20172197402152594095621276785502418008750483275088899345713105595936470259811715608023346650231612779010538
44 7362852051785696844676446121490846522241007065422334683496339761951436294291147596850570062492264925907480226
45 2687440998901779348279413805907619582402241870836748116494823881907985192491275074145784511933559737080328847802
46 980915964599149462118632377687023340994521494933086741630251981208628619730169287611964825571441396175522318386354
47 358034327078689553672891671156514067059961029210865575412906157085037937903878958670897769354509682134394203708309258
48 130682529383721687090555544074819201283715015615480504381816183638148969458050821606614005509295214453240756376407385666
49 47699123225058415788046683847837379618989149472904693752989336496007837418129047684998411823144330923149346788045944542682
50 17410179977146321762636296656245104841283886209403185817462976431942286202540588531140465343309411338039838355539166094092114
51 6354715691658407443362157639847167543271665760470599299898911581035977004396500170122390845304277139160815090171438769271220778
52 2319471227455318716827176480502976074990929772547765441203360945176867669385141378389216064784229507001515403981753075495145716706
53 846606998021191331641918066302554977818695522921241588352311158772398669544993089347668115629674855897339488153219673947264679968762
54 309011554277734836049299929612546749578358616891266318248531560791598877166490601129839264275843807871680841397670966003861887429900274
55 112789217311373215157994454228857493882394134790370929110233863469058572756209784758194115541457730693768823219896076545223841402163297098
56 41168064318651223532667973343806892762001634432742845247230404887192705057506877138941373960801842077337480475290321423685399619877587177346
57 15026343476307696589423809971622932572511785146530560130930791814757923321313961774977980703430587367045837707562855198236834776574263464534042
58 5484615368852309255139690603180647228121306585070344375625265925734279923597923480156165353180355231689634239556217637199657241744037593381426834
59 2001884609631092878125987065712606012641126514354251888418723096225952356609558725305181138069238418483376019889635975650713161704961892142390170218
60 730687882515348900515985278442404907087986830257338235438227292935176975402974271347118409882886901688561557309289089973462865613319052554309560631586
61 266701077118102348688334626565268844008940222651128884100951943891079040753434142939854350165168776637466759182711136130611316547435108420897794371966522
62 97345893148107357271242138688245636519725834879740494934485995980522232131280365543867649309942826924272410013214703358986894298677520640408556479372927794
63 35531250999059185404003380620224203361388373471778851824136143068103354333144263306384982389562808794050668877594087960258072057395659414254081506581542752138
64 12968906614656602672461233926261608842772746453561456598923971249723088419203748607077852258021399776959501139508577380367793891563681881341167821923417089503426
65 4733650914349659975448350383070819730747703252186117091947287117831847495783816215849596929146388439962895605999030175768828022005889614784331669933089016521114202
66 1727782583737625891038647889819059767105461084237547361428248305005553781107122263904253162679808500653062046451738726629160674078669862954983305115414778345958899154
67 630640643064233450229106479783738503970164322203837770911144389833888662708584620812194463500714035011465224414883032586560824811934598080882154434849800862889920434858
68 230183834718445209333623865121037920004263842832171010429327427413989150618544001913569145090054330309224612080623750065918720303832520933020628949265229457697529918176866
69 84017099672232501406772710769175591460285074191530386140409197741367744152656357052718314421752750961959610395618479717522243626066188572832267214144017438479798366168745082
70 30666241380364863013472039430748694463368962209958722955961328968373536213325268232171248661658119953715063307258496929595624375536529136771867370422653367918701020882369676914
71 11193178103833174999917294392223225115934190242501049984720745632628774137980658906370906763360947450580086615434147725160563811526582418405571883286587148805442155990914822290378
72 4085510007899108874969812453161471267006130760888549409330045144147152111234777368155349154312842894884015955726805978659862184110287028596951285158413851166387410779511871374395906
73 1491211152883174739363981545403936292619436189054151806524117182179466885425378234871341993779739096672454750699913672711756550625366187280707624780391640377094688044734494900274347162
74 544292070802358779867853264072436658985882421287004824579778157452558977593225700483281573915057797392378580389157174519376357761116654781455473357901488416764699360505528088775401037074
75 198666605842860954651766441386439369815781245668189969625833024556945844483987219925037992065842271162893100586547809112856337715707159136405536501750853302346613976462397164331851126270698
76 72513311132644248447894751106050368675644122420498190369243161607870227586442649921101503356268719476549651638778751039197324234841654872338552825980468394246452131222139821965646732807664546
77 26467358563415150683481584153708384407141948749178119362383075119512004536119275392979760065783193392858154592548741178700228014125745363054613449173952313708231489734265809474669546950016928442
78 9660585875646529999470778216103560289151696269464959712338159596803885063077935802565769266018632721080309708516523510555915222219246947166923018847159414761833313948781350387255564156004607795634
79 3526113844610983449806834048877799503166845105428533724701765388571622467350461137974163235217659941681152098855660909699928014186659970067035108762586003674468166717179283560434162160251670076407818
80 1287031553283008959179494427840396818366328531464421267939341497388703139889434900055498705189423044269274491146245948468544849827605127490971850452522440169914020506408234736688384522726614300443646786
81 469766516948298270100515466161744838668382382278440550725489696475204080661132214946202112080230152433425618244363676252254345648492955866585017201441881934894492129103670911218988046755031330299943816922
82 171464778686128868586688145149036866109649610663489869141974605304705436462944684156148784233193240683938859398937074981068930290020173049688966934491140502972035144797704494197105296375357892232443161408594
83 62584644220437037034141172979398456129496292910260608548335576599350709845624086747139686103312912274234808179451489441178453978026037718861467941443222930690015417600591279990397107087322093337712688998013738
84 22843395140459518517461528137480436487201997484451712490147296629665262609124423427264355707949191832606252258094410026213104462948286620879708329214605618134801665907339961799731701159807426329788373636094566626
85 8337839226267724258873457770180359317820902851634079084044350232677895781217970844869716999029868279978666462894186969701551361576140566283779329710074603724549244314962104891521083705837092314911803687535631460602
86 3043311317587719354488812086115831151003674740763161756743339444395141101468841932199796764501572909527569156855285521621404706772393143420803584931734158337517521536017125131999949101762967656345013275226338131571954
87 1110808630919517564388416411432278370116224794768394233921511393559287017277689808203789906517075159781316676897475085610089710486145128197633543090794068513339474126027313072226006695012798667883625450939100253460880458
88 405445150285623911001771990172781605092407838846024398891995143204457144165827406541114767137596537833541028213471298889768234183090624590618242751250314528990566998417416970209952648953574944873611999360794718730765608066
89 147987479854252727515646776413065285858727127406977287023876732385375578329382419874863894394872632103805850023601795652586006309466793609224897502384937457315553559514204810787255058598498222897843484549333440377197938227482
90 54015430146802245543211073390768829338435189983384472297967424944783430016704944067777762450444605481627136412289516928122833443455680743903956578369691115845332919122647175115219844777748726873364700755426684715655434351821714
91 19715632003582819623272041787630622708528818538475539417936905054988755915127908604061871440854775668518792978156800878366031494948547651226641003663065357804798796112717617974385790109776278789593220260276436680106859564210479978
92 7196205681307729162494295252485177288613015618277477145106783328988317992023420330843341033918546643840298729846944396840922069415362403441822944418215086209293077218083011136781954066185858026714034478925882717751084123711797315106
93 2626615073677321144310417767157089710343750316582815599386273099118661561214759930981969437826832391221192250409016795021214619735735115816811457820618497403626210832500800090954096142246415808239132591448112614664394541768265129205562
94 958714501892222217673302485012337744275468818693935139629509937630938380126785179055770777053634789258306576941032711075811583186617522784948972285483947199070144865066041170394453875037014189196766286291211784322314528208114072429133874
95 349930793190661109450755407029503276660546113106513634358900598522512991800851122473533500478658068155851184650278377013189613243175488247764608840109857952785127980331825459824359426184688514550496189273432485707056719370132362493987164298
96 127724739514591304949525723565768695981099330586431208165082513957758140939968752621257351506826759685120693529720450529881578279298719182097463194265638027048063222021060523356130980335636277402672433345717613968241544165927707286749783991746
97 46619529922825826306576889101505574033101255578958946238393340645220711112872882042805883796022652335688360394021945049150224327895926385644288747112635123877310401662262425348240852961543012885331559008663877499941678723590034734687375353002842
98 17016128421831426601900564522049534522081958275939225118506432547683516295912285000621875561993055308606407100808759829389836963435582269474977975908796600595636749333286944398779867913701749343541674022672495182038503874108344215836921773857524434
99 6210886873968470709693706050548080100559914769451360756716977191790194170253053357936707393906819015209206172691808318228712592129547922587194673939854693605726938726807906833880431043390728504152545998932008876917252543352286309333515372284153365418
100 2266973708998491809038202708450049236704368890695238993994076451053477580256262934237484382083846788840109730622589895043188973075865983141351133317387714778575086435871448739367653225292097202995551790564842370682801085696914401188059657622941108101986
101 827445403784449510298943988584267971397094645084912295578508237312626235183431582944733313825260579352211742884783480565318408768731032351949742184168826401305668493500803894804420981902232385995730240142573190801901335510867968879772666536407021150547322
102 302017572381324071259114555833257809559939545453693295544177287205837619885519792432489944298753216238785146932869112478727268074244536295860895979650029164929835157316605478620361894013815047213188016229851098087781340364668342468954526933130612464595649394
103 110236413919183286009576812879139100489377934090317490407903367061711674631529930526093628408855808185388010338204592291823857536658070572011426081313428142155632974579062339939955282260711847495705550933344559688785509421068520215468364768813664124967848795338
104 40236291080501899393495536700885771678622945942931655378066725159777636332052879809188819815489373531672657382179801326515042948812246712243816797027010613171000484051892168451525692789491043181355919407527785880251758708268495556244247488179622631295795530669826
105 14686246244383193278625870895823306662697375269165878321254558217553688022367724660748005977096978873673829801317500636079966072572221163633156418118847359689290844308418327197301060404046571818207437854992740194944103252503860137756262118069315255818159414875887002
106 5360479879199865546698442876975506931884541973245036128465658580583747921026767171881100764462487035305799204031959959978932932668992037384155557519270508323245930776109702655684779162800327858993510053334949643609486755857271612168107832493935173260655790022868404754
107 1956575155907950924544931650096060030137857820234376032917310251316619509904000833562987366133102722164101699795667149019485326029472230537931348508392728094260526689920668012039451070652898541806800447581418503287776574723021135339138525863377646925506896491115193646058
108 714149931906402087458900052285061911000318104385539669230154315797799406399926463781309430265306478225560087512822333579837291242886639633941833686318196681240244733755028181472310370927763467414905165654999575294428054065727534784730153916893247032717583815428695877679266
109 260664725145836761922498519084047597515116108100721054169277326302399244140739030742937865125297190686646515655826318277576681926483034106129704327659231251419381529216610683665428313198704157825916962788547475517301134340139887418881818107939144428832008269927564359108989882
110 95142624678230418101711959465677373093017379456763071909619286226792424329551182539629031386305634389372076698329737385641067228182370747026154838649828425057442406118211882621221243955096789852754614679477628938132013995119489564729290665803486395032757326176818982307352526514
111 34727058007554102607124865204972241178951343501718507477826673052202072306904316857816315151101360046362567995039056408756336580008790928265638838802193568437096466484768211224188562839501830308252838481583928218408067349962850775515514615671244184058472213345253695030116859789578
112 12675376172757247451600575799814868030317240378127253549566242960743342558067488151266864710954172443220436213596760495730573876722201113911895583341297506751749086519258631480518245128418389314022959861037241692499465806437729217492360762623772867580696339298323403145681978462474306
113 4626512303056395319834210166932426831065792738016447340651138570867449545952417499988402600556138416983852054393497071987272032179004599389100021491548156207769564714429854674582293465279577296491244063832842557359968373597244802586073277311992590237451736934291825887575858579340543962
114 1688676990615584291739486710930335793339014349376003254334919684970546884768082075118438580892050110174530941516998848773303516047782073094931706705940090048099376136839675834143122983637889931572693366920724692350308856555107584896311329009146662060946674725065927428018411352868306190674
115 616367101574688266484912649489572564568740237522241184781910686019928804600794819308196021091663559946705678177008025040211352857727699187027522177969693211461095097962945973893941802481565037072361832296233885883770926162583695002729917437601031774270898585907889891774825660698995129977898
116 224973992074761217266993117063693986067590186695618032073256530519966875061864382198067392264517162287973804153706201881139159601656598869589383004792744243052337617959906148244537125905954477733486783492947419324087777417839779614631484405599453913936605390075298579575444746349132668484158946
117 82115507107287844302452487728248304914670418143900581661337447514756438486254560826664851213608079709816438843630218310393848072763737952989089793502293657875543558125486626343743518141329896225852724982884460373771419862626088203861519577770540116173184411736135905855506168155725965707408757242
118 29972160094160063170395158020810631293854702622523712300849223635632260596301150183305841563488185581997132220753275226716784478844147174123064733375078033901101231511244001291720787922528618175521671437192591898713701026533014331661266110406401323143801503466052869253610226021427864975406602613234
119 10939838434368423057194232677595880422256966457221154989134215372720806704605744545658559016876778588954477369917657153301442383540199403437216279043864024794650461546942066555787535390223887904998174232586512701738786847672245546699055202460852108835007833673908497391166477677544160120301136365043018
120 3993041028544474415875894927322496354123792756885721570951546958020328300789707376073109116396862268854498181364579983121444490219101264018345660135358739739049233705835766763512502288832392708600809592988476573257823132293479995880616360860657254093917327992802401528600871467534822505857377354241997186
121 1457459975418733161794701648472711169255184356263288373387256758008642359928493687529428506663748974365997737042314974851313196351053351298408073177642197793871682129659550508815065242286834157291242965245790647251622903019641104569954740818921471503272852576830259944567776452167590598777609028363368157722
122 531972891027837604055066101692539576778142290036100256285121655109563610051010756370296133792093473684150093923450755744606604790595643517005651473183601664203126925294552863474897195128598299626101411846535605775228833176266158834259111778334728610829452190526944680649918501621012462577600889660564027650194
123 194170105225160725480099127117776945524021935863176593543919702604232633807226414446648765755012779855663216510226564712751454953508331529041772704181481359491683491692620432665162885724619633234976233185956952219942613819241890925213074068869874015658958608767311193116889432297937802744228800857513055599096938
124 70872088407183664800236181397988585116268006590059456643512427866232425108547754854348662084929301406552782758069088494108164068247360462483785056184516091053705152527564045778624894816736155473768808589528780010623891421833017931838617235971403792724415449806158072287088276093495612046216846282589145557605813026
125 25868312268622037652086206210265833567437822405371701674879808013888711844426964378758528896289850698018522171979257728896380654462513649801134023627966989899606785292172898755971963569487675305999756463042904213652598323365874898545787195611241173403541370808198726653619469785892313811638111052689811667290670393402
126 9441933978047043743011465266747029252114805177960671111330858089880472778152300128791257649851255498301224881537082026245806441498725965468699515386039092304766312712984960165933428838719245531940713880227234065333650012331021228050192579549406543970107915279859323643354184494370285444577330570767788018653242601397554
127 3446305901987170966199184822362665677021903889955644955635730038913325904527837438935225183725774376089931724990322601053504036424779820313420123892523410352281155389590933021580017598831665597604452389269009269455924729254427956111143400817713981374887611180068633635508200205917547369716469162055812739583576212782731658
128 1257901654225317402662702460162372972112994919833810408807037418208412262693934908026379961326575713816443206095440844122852342227212261576502537192357285502093346270766100486014025174499580461795441343335088765221880569731225584852602639378839118438627025542735459317531752777361755659715322372536258308931243595015782390466
129 459134103792240851971886397959266134821243145739340799214568164034686369403321699053061463734733639661323181654660625664495943053116518998573850673094317499607790151911532680846255945784762052530893051856725995744469555301083342403063667708542139482026924205785537732511565563815405877030080479726489099144743276732774737032282
130 167583947884167910969738535255132139209753748194859391713317319652071663841656745984426233160942865978818173498389743909883664339838826057688129536892628562746868919613125926585865106960989464155897227682763306063218452565680718408283129872528727575153512967935649885764338895973843666799997190204708214392316814014906401083791314
131 61168140977721287503954565368123230811560118091123677975360814326094316261356920035582748569271486757565729214633767623275995139112532274936382725844946152217880033214818158561126182614260432473597404771342631954676659561234943839423539816806548374488076818615545303733786230166622775260895313894315499989259851518315612080994219178
132 22326371456868269938943416359364979246219443103260142461006696332701180828411845158642298390578428228897736861643349536228398912635198699154965024894556192248114783543185647394667517340256365941071722009333620751173423671434465431911162459643766400043488782788953313961187057171629445688523855096005947707147726503002702473691017873506
133 8149125581756918527714346971168217424870096732689951998267444052084495160318344943074299522422035242158795929692669551878754669879217858915552605214895156273271838201151167449613105255294983938224715208661066693710328977997605718105434840301807129532327392224811124346734917901380155556927248655456745122981291737858379617222938204362362
134 2974430837341275262615736644476399360077585307431832479367617065669965560785854522362842320087073753898517395311351716916703103633326542558333598376897345319349621489064261670011653614257286052224099327359057349202131599028138706601519298776062153417425065670742812413014497788070947154617418907697300692856689744036443901207692803224207474
135 1085667255629565470854743875233885766428318637212618854969180227341950658613735252075605652148951688815246788767413710993273473521961961545331937859357443511332537001524583646786322985110316730846116104921993631295550828417890201483389350420953176950533640648553313021062194090945889644349211080210427650482501241189170944676924365399738711498
136 396268548304791396861981514460368304746336302582605882063750782781246404323094965880002584083062078191924206516515985299423392707995838102108312953144972626584287592783790201520219047637239222672828873766158813739927002671081883824824045509033511501802197616220333400875316570880262877731396083042941706818072017823852872204585065302630476166146
137 144638020131248859854623252778034431232412750442651146953269035690929936077277617608634538758258413376524149069730352290288724485472295152668941643710221302955985394443739449394688559934960088633790591929722885596788339387331572128026309248109136725034663433476891736164285014610478946772447510860588935711752261883860487388239968617743077320191642
138 52792877347905833846937487263982567399830653911567668637943198024233976485126780944768505306053092972480875680778224739987285147655015882589680206247970213805898644174311790754393185193805366132348753313732648465464038343666151513681540239086729999748498565012631005653338168303052177100988191996648412551352953091493562983171290771920385734715062034
139 19269400231985629354132182851353637100938188677722199052849267278484836494735570007989766073142609129941566098463902860887250965591111007043824629912495500386296025525371911535331883254046849232065020992919130066705852620920180289628143180997226908457949341535150089906193956055962412063269833123352018531758994031358373840133311418717160671311255440618
140 7033331084674754714258246740744077541842438867368602654289982556602976400053527038420474536341906416216969295886866345580457412618662385768835067158593351663571087838283550147312501837221926377500636139866958564040025491304847323109704267517894566962891545763425910286909118378732232878553042447367258129571412656070958171179200625912770881275968133332386
141 2567165845906285470704260060371588302772490186589539968815843633154719737715492735254986815961468040141366108732306315902373474447552045211959815147224174048402442951932168565220718765820803763505669761666416771925318171833623251729408561897732597062605463261858772250377989255608723312385692014196462561884282598677225300986421171191904084737331903172648122
142 937015533755794196807054922035629730511958918105182088617782926100817973173061403048314848269929842834703652206791017475758113472050271075872349012776708905231417668996848128632726556571492755609751434116003885840748592943730535701207716042796196764048984060025591633993282418970298283587574211305560290894770083748322622893676097854769526582981911104209410994
143 342010669820864881834575046543004851636865005108391462345490768026718683014810011783624768192691661633005645802857625263561510443739049345594563328359043388295107808358556161977491777609874982272317226630774730832226172130093953228238143649356519726847638772412830952883186122253175741083970069725214713683485931421342610176157007982479482568710549868554552918538
144 124833894484615681869619891988196770847455726864562883756104130329742574282816051460883801916380863313844395873223259495158946793190520916398221936405257106044495969586659057886271116731144438436366555687461561978784615147680063947550873624085561828525893336147811814896791087750190316233438468173583347705838871861117894778496995772465072453656073880112754127996226
145 45564371486884723882411260575691821359321340305565452570978007570354850721081927236725600605656920741324479382658477321156013028224083919626801055195899351326172459806871801318777490309669428231483288608243991199648273762322647430237899612407179470291292029284736160759652415420399744734152397958044319523035337727690251078004937081631502824395515055373859098630979802
146 16630995592712924217080110110127514796152289211531390188406972763179375468353099792732211795618480557659530511120046710083550444044354976579747199016589946216979229406552028581430852730832512311776880371551673874998698331004292398996670796193328261502942383453263831498484495785359645181724516834558719294781758162184399567788120745401698214655663987574650740038162550354
147 6070313391340217339234240190196542900595585562208957418768545058560454350478181379209196149496297350969012292005680752699611806102782416822632459159742741196299505613049111563093000215326369723558642682506190610640033092793403427411554427383933820826928176420541697248859047499264806958135459620134616598426631809974715606488816525524751688001204881584315524985960692137258
148 2215664387839179328820497669421738158717388730206269457850518946374563679077110797904513133545805870689330092546590846564690448298759909892466222831873974913186362449698744771718290032494891432671355867549715338859980990716631706632598357801106252972279527571298352448820337560057990624339037072265838633842596356925044030506473249703747645982613335641166333148915674607741666
149 808717501561300455019481649338934427931846886525288352115439415426715479483759541763312391499737337987053637707176778359290534595739175096803781790464089937731395648420532926124423653025660651093094524773396560507689732312035652040013185973088108935932276227014940232670408033652360136588460083968130825753090225160341340274659510616599560612867750568003513600856603517078354682
150 295181888069874666082110802008711066195124113581730248522135386630751117879287153008045164823577348177899252542295400663448824685381199484643587571039380842030715979830733597906266919854853624039542190395731359519215572862349530524450380395981162600139447011361255646445566653422389789777259348412093798937481268873995970185086815569458554021163368123138484641226777376109657616114
151 107741389145504253119970442733179539161220301457331540710579416120224154105801031120197694475598864902073437500997278182760370116232378681961233080380067948096607949729736716850331214995193576614698033512697940786270803548151019086902096434248136712264991487889886622433066601490778650524107770648821176065277105107369126830587331529551417923758010046514166139899607172155233637768778
152 39325607038109052388789211597610531793845410031926012359361486883881815770360445232088026020022747892947910347277260283460924083365143605063961167399652933348568249883348981212027527983622253683402404507465560530581858422560935820441977698285299153613024732563691733850772320654211645021577273448776107170828106634015249068630075123306715351082806928904382088741286886504038246711512706
153 14353846568909804121908062233127844104753574661652994511166942712616862697834216912244465336752660769776302167204616960567150747322997112958416183537817235144377852090545798304960131105394151740936003875744535488101094910587980679374962375654543841619504344477678910478782226443606389167302282903894322470685052596098133091357824553469178933344559211260437676204648144193785068952216660762
154 5239153997652078504496442715091663098235054751503342996575934090105154877591113010078174820326932831208088707664392059373687464514049749277250523566034386368927319523141894479841964960441602392028557803600246491605791683521611837278575313465701605340886218504449277178896044109926723516865823232741069611836932002039180397891873499701945930427562264168357102342902692697015759031347775184274
155 1912291209143008654141201591008457030855794984298720193750215942888381529452314356805825096053620304720200465126937339660930572440049166457982733675384126137689167892794514667549778941874098115373327350308449940019267775818527706946325912213238886332494229959976811067565830535268408029038797155804779805903482607426106390020330248206513141681218982012987819435053093040627685187558693797365098
156 697986291337198158761538580718086816262365169269032870718828819154259258144144829425655697028954769425041436364523106010962885983493308729721625540934797843783320296008693156539230927418973040096430038660119541137764987597049849135855073597536433742829782639935417097654142563321074165899864086154410008728501468445619552009811985820182626792003425272588438693325026543404666631196373298928013346
157 254764996338077327947961581962101687935763286783196997812372518991304629209686973621730932925833260540804652797420232892237687083205851969000460510142539238240396529784008025148437707950391105758879865138466099966436635270952590752488454000903862386540036939714886527297834787740350947576393796680869552243586277493506240549822968850897276113394929710781099377987437540927162412130698989819423306042
158 92989223663398224701005977416167116096553599675866904201515969431826189659958786899458516146181442000874770751031439507851576296676292871168720283194748121873799803091195284025049990579612796825769665532927017046507492683449711541617768257083162822948384565744238708196968308967722563405096510914700842040045073409116020687025256346651945486018723302744239499992923598967910793105258325374396466870834
159 33941066637140352015867181756900997375242063881691420033553328842616559225692568284660618920003007162543982166683188069632373450666198040079576271403014543567905962414703895723915978257475823224371163954032757000862144141323619369424362416224939910401688887339906397205421047874498817050572379801969861762396199073276806980493052884493285323262210027372276365916175383851274209745547702334070786168558218
160 12388489322556228485791521341268864041963353316817368312246965027555044117354315973996833690052004875859965773631282588626335177983443123965610529962762547550792521411313391680218244454070215659113468186031353590698340709109832602672991636362015075002099966541569495033357826028057543640904866963016610526425704331403238425405165925352431353056815492415775646693575945640840383096445838138022960436670107586
161 4521798602733023397313905289563135375316623960638339433970142235057591102831461813620520646547592465595719805876032255920295641919771002646508796726295543578867872961810001610552878741377572169058356692134734810436438308343747316458083811566378223907846862644496411314659228394919563467417304990152359185711973445777806473677644763446580506895845177807406543233398002845942636124381720201691063768228340018522
162 1650456489997553540019575430690544411990567745632993893399101915796020752533134212911114550650661753623071269561826694961653272139325755978661147106464376722887004623129598370712908981877212740632402141018471992810352588513176988850698265442792032265410816947082892806155876669687702111019663353574423711702193823206468033540794693042259838849225514595142759862734454800437251757978142980166046774828470292931794
163 602416618849107042107145032202048710376557227156042771090672199265547574674551367127191001776107981521458305320949884090194378597164240413758941922626221701418005668710845464452911777695668669701464731156422244326292886744553825226867084965820870506722142373839144347908553037300907606552355937670489068903978766437078912856020354956164242578066696316025768352103632303143246341515808501247989803132324391814260138
164 219882065879924070369107936753747779287443387911955611448095352731924864756206049290010086924490619112114831057714450825282242168454809167770823835668111715630910297603902073355701635323673742306020250724853706269451451812482472573437993992389899765193567611440864623783729255548390102502943201112618235407524369761741535211519032214558772288259243188843488896115263407365932841814041982776860501858923464106505219426
165 80256954046172285684724396915117939439916836587863798178554803747152575636014573626061097023136843090449384389165039213376096257105768439079705524155824771291040016470603296444352691840344877364798117178248646289391099272053420067389100778299915245809111038026224992607013974903954894202535773009428197281266968899257556226251554813041427500781206661500450795501958988258389952623600424573615902097960162785513573646202
166 29293788226852884274924404874018047895569645354570286335172503367710690107145241981007605079520075315986376770523349601664340633449216577590981804861585649665552202721455120387211147538123423051436072962728610531671532840210658017209696769242516216750833430949580849067857194154101790556796313185531982058290790454561816996345414118141979932346921620552349228812008015203839815419725724485313793564597979298077528783863154
167 10692232702801302760347407779016587481882920554418154512337963729214401889108003881182203023285993056067654400395352059838896322160848604694588851976933334352032176952268174886063775481161934677301232713031090578143037208999201623649949683426862519252723712342586230935651849049001503179852906978955974640854765687331435971485179988143291783289550475682572307687397724709410217179631459737531906885055407115967846210185862858
168 3902664936522475507526803839341054430887266002362626397003356761163256689524420264721464218149249664484074335401131695379429420484839656286138351142280124851083059501142779996645064111360827946017811341079152532788234804430477737770807626715017712097455663221543720314336834750975060902828676578513037439065740319765083130785204181755086286201681880695811541910252086530231539337026037649779348512485873400768871734570081732866
169 1424472701830703560247283401359484867273852090862358634906225217824588691676413256090309573611759315817051550890746108425156074550294324244299335427757579423832724722787589619546681531984793931783205163287668794399685173522828543084195513704041186341051077726375086045938228119405162087941646955061512077279188428945855317928449770057057038082578921798023392667529794201335460946505260744208000208876599907655455131348845588957082
170 519932536168206799490258441496211976554956013164760901740772204505974872461890821327933960714740699243428275128380960407805016211803426012552035576952207219789910271413706012611764365706753654945610727751469275537024078762287060475797869216889965377956651127867980969130539675171411956460722751868998119680681889243450415776709100738722405027202331356424883416326061482127327773561863929188708829708227834437757558555837401586000914
171 189775375701395481813944331146117371442558944805137729135381854644680828448590147693002353555147078198216264426356603510428842895423662209514191919377679904294501251083827014690384059224777479998944179535959444404839682879278551508100213435312971680866612229711041596177700304504856950844884709526227872164800755139886776608728815601620917876862883379795685283642267219464358305743489275544340668361800935131739661352766917780614438378
172 69268012131009350862089680868332840576534014853875271134414376945308502383735403652759246910729223745221459684168861742619289118159716935694469320495248325894180938305025853057196779849084616781490022849969268329443247764183680412734485797188166936623260490558921675800154371493579698376154231804962347644913506149342481873618973998698377201817411123689533942724995809068873732497499137287125713285046725899933990019574122807740391391906
173 25282824427818413064662733516941486810434915421664473964061247585037603370063422302124358441714432571756280611284576114336197426410566469493539592911297848572232121113728204926119875647897995883578679191230687392593300764142824876228347478729180996719294817176115057228906734986992482717135125556176807300455086292025821058531240811460024368738274078340373880417516959705035309342418238856542109737709635659601310900200351642747387073439162
174 9228230916153720768601897733683642685808744128907532996882355368538725230073149136477193296180156329070597057959549154282891202230293675496879062906148644302609171739330515251891948520612184286532252966119522280278409606644041928913315140982818314154015816742238249612934299636330613972293146754591818023924471010809996949658633792147654915758450039603705540399485217071668818306147091295868865293281657311515679996973688148724429082951121074
175 3368304284396108080539692672794529580320191607051249543862059709516634708976699434350795453830192449837073591605798263764377144088090495080432785562954296578449170527386018870581111076094625520182325273732176511494024573663637433264072399857829663135267118584535534051149832584176152048201265599306063487232487151121669570395992397300589074342370338599974865693242298766929260235679078197876772519228422139985530865173613151352864195364089938698
176 1229431063804579449396987825570003296816869936573706083509651793973571668776495293481507968536401361737141152121085030613034523935585093734294741897947943302909559639269184717045316485010675032752323126934583972451007757498798272135584521319305418140375897763870159011582585833176151820273329794347802349419645456817691843722965203929857566731232664827428682910503180703062653421052224221091221353300724501273947017516091591018642225576978607700546
177 448742338288671499029900556333051203338157526849402720481022904800353659103420782113853459118168993374742854048762213223120098930387270902669867363182293561878613981148961373114893870183298638335477708049389544405074693802920090825230656535309381332268847357276814502126386228637945377377236436320545412538360747636005220278092175153559060815314549628722164924401139679241683867359679327861337060397129952175957840737115687816095380333231711254100442
178 163790953475365097145913703061563689218427497300031992975573360252129085572748585470715084751622347135344874417795281426461060828246996705612080549154155049356322318099671474541978238048006414104668121854188863597036776477416728568826206681704547132907672358413959403355283241790765941825068071189966061384320599130547740833806855012594623835915588863861131258335056991597058809290654891313844866370114268729797440307054959167815248049138096316530039634
179 59783698018508260458258501617470746564726036514511677436084276492027116234053233696708351739508017779935654550674920699860998617986142222337194033755565976726074288334664905489824345410313714098088361505488520529764293846967376555771436201490447199342845961000805598480032119458184941627967261191196537375497112901495207052029695688433206127397020070611313944445292087677630159049421918994342793959005423286391754333719979163574216362799597923391248395818
180 21821049776755515067264353090376822496125003327796762264170760919589897425429430299286024573150661540891756508354262498911995288277412498977307547585126106317761145594031652252830339142873125176250106735585331677204143199451633376366082828593268341600148870416506433922776662920624617727121086763127604906742803143261590790490976460839173063723273110990898838694260291627737878791784811859403659107834021458969813596828311024382123604582905341981559340322786
181 7964683168515762999551488877987540211085626214645818226422327735650312560281742059237871064164080138673750722426971618205331436932176973841273525350821060833137589844751943181332744190059393225298967034482410250890597902980721580853664483134704754185805720310097029593863102485915690891479706744576070964909675102123588549171608711973151178358966267191633649387969415148790537624402319584846918850183578973874013454903373211501187500259142315277424777846268922
182 2907109356508253494836293440465452177046253568345723652644149623512364084502835851621636534005508069118206684504919868989445259598977007681240701751884191111408102441092014282292827550799443725705554324333081031872406633044012745214420187115491236147176540577162745585083762132823151899956372037836442576696764257129699037877579834718883487485675072690500629719872399923960055900320147237558710852691982928307215629074703660996015963948186075419671262749830212594
183 1061094915125512525615247105769890044621882552446189133215114612582012890843535085841874593573455941085424535684222930039176432538111962095612311669295539232356129013025008870151754879879163353148460313795214978479961729662225960277127909030887907964296937588179426843535666821591291086266653588995183403392468871155987349147978302831270169692110609529441350508301261959732851112590715282442463870130655205111953515790045244847954542897312540600619397666179287121738
184 387299644020812071849565193606009866286987131642859033623516833592434705157890306332281452211007768990768005217212485162978925236118079388517547333935524575966432027641352003499540709082403664478780991511228352192103673959624609810041038016714501658223988729422517379236182328216927508801331478900504544702172468489053161917129958763145481572068080786738380190581428106752205133015242352626209095159498734948970458555632112420629182914959456274833020878069945745482626
185 141364370067596406225091295666193601194750303049643547272583644261238667382629961811282391574934790441970063966764033199726210049067378990090429312992870106478833972511334783985190243952263804450112520355643225522729057134804651609028072692282445290139991090136406112818380658933464773620648137178051722183219119934053962033947215864995120857234730982220767537364402735440788098961983135310478152300353129926167148619254681989383533579152103813928517220120385389514392602
186 51597995074672688272158322918160664436083860613119894754493030155352113594659936061118031630037066992080521879491612203959212753131475493003352692647378832487406926422150635218972735129949284510515211586985265887327052036499163393105366289916058879951098542362099698393527287698282873530118851252584803423568739348444221797168794738856664620122555613266422037944261265958018444328559659168418174346401324204830812530931513815271114299524109406480889496326660894792097335954
187 18833268202255531219337787865128642519170609123788761585389956006703521462050876662308076506996205406762287206872412744944328477290058178663905944011700985579864696371657621426274005443217080468281969312182094211416916917906368095600636020979794381848490307969472272037809765405412485682396716391407556677888038751924121740730945722083574010221500238928386018713505252674607366772942407350320458297124339118675459918617636315949291701488593466695782827277359262056009327908458
188 6874142893823268895058292570771954519497272330182897978667333942446785333648569981742447310421601439935888230453103515345584224543313729305882899330110600566729876699418893848519871760433246079876884126895265555826811378939202709694169832633096212875364165854145555932687670895586210996004671341692308129525480351684657893843694993437275230604849181853287409266185329097011263830538381653169141077471339846441151604729576833394794351605219191648720218903858628835501033532364066
189 2509062156245493146696276788331763399616504400516757762213576888993076646781728043335993193318778874485652918908632872440928570258867495476061240286922817588126075023187087422126432852146384198421595581523598292611269136340289625238261710581629448331003319319628525882547665958106795949243873307593185105079986107997518152569689315300621671847930735279973804960824225223027182976429125098830695260359499809238089889782533703487566894100809598192098328521766816914885383246924839482
190 915807687029604998544141027741093640860024106188616583207955564482472976075330735817637506413171399754167868606427509340393348197154709930850858512561587122180917126866988231501361616958472504676139511344426170809198458204760358381838260694346982273719634205638139924985285825376079063060465231425061747702005000055437904299849432559565431591273193991399060966392530492294363701325754120488712299125328304106861354763075690210025819496801273624262332981619505624055855663899780945714
191 334269805765805824468611475125499178913908798758845052870903781036102636267495718573437688724729248399433627532328775238977011338386974162775361065640819861302852520001702265833888579558363931188817635425325992291947444784444479829788372787765074860252184392943746006341223148690320012769056431658594700862380925236223761464472695730425929219355319435333977892886716121767160236443886932157914655826807877512852327818245766428670863946025345361522875105344931044719610987486516548227978
192 122008479104519125931043188420807200303576711546978444297879880078177462237635937279304756248364621539471081419199896550454088726575157184050812109402711797903772937581442017512348742048994772556183001142445748302236550287644813493061090084796860543206420802294680169081411157358208235399600868584470546396773061388712697797840024137360121762642120235193189565691466160939872271386314184793484137491902962616156131995013888498113024286133212672914267117687643668997030431726451284505511106
193 44533094873149480964830763773594628110805499714647132168726156228534773716737117106946236014041377258495637217135749258679494894943729589164358669026134937155321397886486460630930805031023033445741821761230963771558642106712323037862868452777748449497903194578158064308055293457848530127095525473290901105182217995449304639284288183285958592030521761615745284252034420865617694423966760463650186236646687882361981549599721578962489784349113973302939875744861141438703476039571752803670697562
194 16254579628699560552163228777362039260444007395846203241585047023415192406609047744035376143098474127734728069148138495585193442843204560517260008584024958033986511860217293287438413636803237593884906886770705867040789456808182848289272941717314397004316584863396656485550214471523669265657419656626717254413064283238819920695888673834474575899799748168771882976938531991731142884063508488149575819284987916905258236427891475695252559735750300183610964975460091014083356736749044078980144017874
195 5932921564475339601539578503737144330062062699483864183178542163546545228412302426572912291983694370886001844396088532860991298992796342366416732648686365811024969428040579739087158736967328087520220548756616703471161430194757610262381110628451732070561153118539440375790643841574392981718837426452684283202877617202387578419996523506503111402918536144071476536305570498378871760432039112087000317539925443943363361182316394154706716311841513420303825512549144740074954753893914798489958200432298
196 2165516371033498954561946153864057680472652885311610426860167889694489008370490385699112986543884105713455457301728508294894098599683919652611360617663628768715740738320286262845813747455140497970775826511575610612891197200562538592341364310170806546370688872091510887818070309492335304925582092541569851398934619584336112329784434079756104440611802484163653522248768026993851436533876467379396892250127821370864864842137914635102592145931441533464856236685711573514124425267295940547062735883227746
197 790413475427227118415110346160381053372518303138737805803961279738488488055228990780176240084837649146899145574983961171313483473896847745245195515956183340799623850931332394224360116527253198240061462715340295702459433893604142459270620151448486907171431950260528640495935515170830007091323013943162363318314069712498458084044729217988661768206868693845009639400022756664360261723514017341230603681640867835777868031088519752956386536900083884254080153905862511131083351353638042587049824213548574842
198 288500918530937898221515276348539084480969180645639299118445867104548298140158581634764327630516775907119712381371218616058032241143839909803626327966099897898504880326156528702739290577618851882359616093664001787227341107927779978688983531159397757958431363637383956927544122803333989622564871474929704691771914742450847509146704060725463634540382358314710039202927068816682518591418392748118237004748570138330756823031904161280712278241409301210772649763903892539780225291093533457972734676185976568434
199 105302835263792332850853075867216765835553750935658344178232741493160128821157882296688979585083849350255880977273747675061672282344423405978597465393961806110764626636865997963423278522465777928356817686440268831298783842615064496136401515606197102786121271299029047704893029415426958803189627476220607531154945885562131823404874526481374518221964686345736076047487686548921782514736369564817637102491315494518766356736975790578006777159139383189917778791359941874617038912356729894475815308281769438953418
200 38435534871284201490561372691534119529977119091515295625054950645003447019722627038291477548548922602430573243589854752781970225803599007528021485262528971122521950851229990785054156031024549637938678993570693057727807311705305919686680778759988439077057182039916139073040350590886904103034555097007464679590389196668092524707736426524133115579951162158881545372361839515907379273495950463817026395752158955564823113938259891546303735687789491554529462293392521062474183207637110517218839634769289201231977986
201 14028970228018733544054901032409953628441648468403082903145056985426258162198758868976389305219541495816794789710259280634323233233555542397919518188858489710555841240409362623010135394503762996233573260173673093650999172564234696527749800535564648562927175375635925952424144525105477447353591250627755290064638724670731974588589658183261241665580480840624435236009646235027350975059445078053222636335702871251319595602048999761331591739136584119489014085416222766532481952196154525040615750051849197681867399322
202 5120574133226837743580038876829633074381201690967125259647945799680584229202546987176382096405033184976545636051840037527534280429707285342564008619233669404954792212674088107747474369061817928750334595078034995316824303555836405567151156834182862322542296716956073984352319167789862451257122749611136268250476104460208702077723889262782560098094716123271339546683139618875808781722015325598373349440312574663851395896026985486201065451240527226857547654759261902067373734178055366111647690500299101201412773253394
203 1869009558627795776406714190042816072149138617203000719771500216883413243658929650319379465187824978274855852771448252509262780993377219658849316052616928453401932197136851990870378688615853115422573676038712905442360128287805905094255095621511711860815374245316152840174346430441619000490718899371390018628893397984933666746911700195541704155367899302215182165734072982673003695887406793817396514797086994627462047183141868935781823855149958872187139002870359767687572946387761588345745433892571466059835573675503338
204 682188488899145458388450679365627866334435595279095262716597579162445833935509322366573504793554636692849223126306862100909872836239840557555241613809968858204104082775269776115879387701597729207622092277989271157888369348846437452393750969155688237114300122071972574932402719292052892288418256419109731096685084088885974571524953189216224262571930866224780526837982471575551490710484306071906637889014997537679768972448284777504395652553384916926437153007536840637474408911939776289904692521446409990734914932456785826
205 248998798448188092311784497968454171212068992276869770891558116394292729386460902663799329249647261786838240538598851158905636433613714760120842622102423009915410647573052361814975298806614155483272078719581289741048943457743298714735844490980435186537476419138893822787035373736219811959681903573482408843410437248941516475021330895989690640983248087787868694296681291343030934781898179381521199128703369353047531300414543505981216872480060620135337282324852785702000879730750214299607620552375983042976063139199669219002
206 90884561433588653693801341758485772492405182181057466375418712483916846226058229472286755176121228518257647236483195945033528305772118988150915447900922092572976230562093737073452861384468946862884110915839606274256796144814808920121220490709097931958272987552960982991031008654994702377612639139154940064004839662886344865066479899481207122980918925425206163449890192828822797156859805143752447657314935285108887622510439410531535385662339838098956341445582933492348681662684874760448133355080822592280047656657744134968754
207 33172864923259858598237489741847306959727891496085975227027830056629648872511253757384665639284245721023567352983509583125260294522203228961314701165528162451506188147311628283150693438377848779544443184921171020410246190839418978869645499916555194533007211984632626620200287686665313370440454599673557728691482989018533869967391182827415341739216095001874345408266604507328175473723111600739565211354223690781185403607739661745717908421255143761420846281503106662647326749687456507401216911486019809296385187006837362982274058
208 12108095696989848388356683755774267040300680396071380957865157970669821838466607621445402958338749360220464269462372451549658747976280513961799994572584154331608882080810728862013531787039610151874503832180172361024794695350198162684569139329194163329032141872397154954570199026229520737632643597960388512980675688698718215159792269419564865014722463800527457219016671513883246594601116502967566906141826795930146288887284236377727571646244654469470066316773396978320789329826753838663264301353509957704619707939955773349887635266
209 4419454929401294661750189570857607469709748344566054049620782659294484971040311781827572079793643476470186644999819702168115969349374900513749253713947514085527955015155038148351889601477324537811433479115646083680790810999807365107029895644198779223247782498817914752366222174354017710988613965860583601034825924280814765907454978464685377827166154389638354714226576080510487302211892994754436508873078001973644051942958352198035136129674471923659868597584217947721745463350514563481616608156501812988074465636417228442474942001882
210 1613101049231472551538819193363026726444058145766609728111585670642487014429713800367063809124679864030363622195752749688366173025761805263476932800375266967265570573322001822021907665442583209851264679564942684981534963519897810290136806999384571792956990362168563011543749452702371414966709774932158571960672783926830353691044903042587032975371411223330312523833171769390476574800264408301616956103931278895211101701616451603643892950938553340001371935492101194422390941055084790161774634328931380817369244453450297088762961554450514
