1 9
2 42
3 174
4 666
5 2430
6 8586
7 29646
8 100602
9 336798
10 1115370
11 3661038
12 11927898
13 38618046
14 124357194
15 398580750
16 1272269754
17 4046391774
18 12827922858
19 40550011182
20 127848761370
21 402142467582
22 1262215953162
23 3954013510734
24 12364137485946
25 38598703319070
26 120314982540906
27 374501565373806
28 1164174549374682
29 3614533207883838
30 11209628302930890
31 34726970946630798
32 107475170953406778
33 332308287200763486
34 1026573184623919914
35 3168664522936648110
36 9772828476004609434
37 30118990149597823614
38 92758484613545456778
39 285479996334892328142
40 878053616487444857850
41 2699001731910638193822
42 8291527843076825442282
43 25458151471265208909294
44 78125158239899824475226
45 239627586198012066667710
46 734639093028973979729226
47 2251186282391735278365966
48 6895365857089645852632762
49 21111518601012257610502878
50 64610818892266732989322410
51 197661245944490079441408558
52 604470105636539879744549658
53 1847869420318828563494620926
54 5646985571184112463266778634
55 17251088644235217708149083470
56 52683661724754294079493493114
57 160842172550408805103619207454
58 490900079779664183906273806698
59 1497820925724305857505069973102
60 4568824836328857489873955578330
61 13932560686454392221698103712062
62 42475940591766635921323022067402
63 129462597372510285532655198995854
64 394492118909161989904023995368506
65 1201789337102379369630247181248350
66 3660306952431818308645267129173546
67 11145737680669495525199378143806126
68 33931663512130608373388864700274842
69 103278341946758190513538784907393918
70 314285080071373667720732927141889930
71 956205402907418291702548498684794318
72 2908666696802146740728694647831756538
73 8846151554646115819049231398827390366
74 26898909056657374247737136562478533354
75 81778090348129203114979736785424686830
76 248578360578858850460244191650241320794
77 755467350339990274726647518832625743294
78 2295598856830211994217687388143582572618
79 6974386987921359492766296659367863746062
80 21185932216056249008638593462914939322810
81 64346110405045258616934890843178862222302
82 195403272485765310623862003892838719428522
83 593304641269184536190758005768422556570414
84 1801198395243219421529789999574986864565786
85 5467448600036655703461917945534118178260990
86 16593906043030959427003397677029827288473866
87 50356398857855855230863124552371900126494286
88 152793238759856496542148168220962955162700922
89 463551842838436282175120888354430629837756958
90 1406171908191909224171391816137917182562233450
91 4265064863605528805452262901637627426833588078
92 12934842007905989815171051064584509917941427418
93 39223468274986179641955940272768412666146271806
94 118927231578763169515196182055349886735404784074
95 360552174997703400313573629877183606417112258190
96 1092967965777351876244676140764952657884030492474
97 3312838219684780654645894175695063489550172631134
98 10040317626112517041673279787285807016344761354538
99 30426361779512076358226631142459270692117014447022
100 92195312042059804774300268769183361005599234491290
101 279334616236750141421761932332966729804542276924542
102 846249889041962605561869175075150129776860551125642
103 2563487788121024360575357659454200210420282814432974
104 7764677727348482713395323381048850094529951926467066
105 23516676271001677035193721351205298673397166228905630
106 71217958079873717790604417677792141189613430035230186
107 215657662040227213426883013905905159077106084151230446
108 652984349522499820445858324335301683756115634590311002
109 1976987138772954001833202820858663670842739050180791998
110 5985063686935225626986492006134266871251393589771952970
111 18117497872654767745420126649077628189923710087004589838
112 54839414053511575829642331839257367298279718214079962298
113 165979003467176545269072851193845550080364918501438465246
114 502319294321455089147656120609756994797672047081911130794
115 1520104734724141627464281062913932018062748015978520597550
116 4599754759451753962456781291995779155197439672133923408154
117 13917585944193249127562158185749286768619905888996855070974
118 42107722830093709103261917486533708214942478284775819752458
119 127388063482823012471512081247458668372075716707683222875982
120 385358875426094692899715230105948636297971995683116959483770
121 1165660681211161045154682649408563802439150523729552751018782
122 3525734208432114034830658825497845087953155181229263870758762
123 10663459119692234802591809108309996305766576373809608465383534
124 32249146842264382502074925220379372043021061611794275955472346
125 97523748976356181789123269347486265506227182306479179544382270
126 294900172277757648216065289101503244650173539332726593667042506
127 891687292879340253194282310481643078344996595238046946102814606
128 2696022206776222685221106260976329268218417717433742333613505082
129 8150947604743273832578096771523187904205536947460031486755699038
130 24641485767473638828478624280352164011267462227856507918012648490
131 74490386162152368477668874738404292929754940839998764127274599598
132 225168945065651461409705629907256281477122484989284013501533761178
133 680600194934537452159213906797899052494940442375715203863731170686
134 2057080664016361560267932771622087781675540289350735101668583173514
135 6217082229687332292174671468551435217598777754722973775237918504910
136 18788767401976739710636633866709821270512803924181226736410262467834
137 56778864344674447634247759983296010664687823752580596441320308262814
138 171574279450256028409756855099387672553511707197852538020229487366378
139 518435897599466141750311290746661939338879829413889860149494149832942
140 1566446870544492594814056048585482583051673611702666318714899512700250
141 4732758144871760293131534674792938044260123205490989170943949727705022
142 14298527034330128405462703611488285018095676727621938157229602751927882
143 43196338902134927794592409595793267710232951516312726404882068962222094
144 130491290103838411118390125071365041098536618549278915014225989005981626
145 394180690503816116559009064066050837199123147648858952441417313375890910
146 1190662532088350999288543258754019653307909318949643479520469979201510826
147 3596348977995760946700177975929660385055347584858130305150064054826046766
148 10862131079179406686604178526791785430560901638601990515216154516142683162
149 32805645673114591599323469377383769117867281567888770344946350603421678078
150 99074694326072889416503209523176545832155574659914707432732712975245920010
151 299197354898406012105108032742605352932127913848489311491879122420680417358
152 903511880455780067882119310747043205103367311151703502056680317746869224058
153 2728295088649026298346743569798811054231052642273817208913169804695091588126
154 8238163607792137179141387622069477479456010053277571734968895968448726512234
155 24874325848911586389727633604227565388656586539201075529594847568436534780270
156 75102482623340283726093313026740095016835428755708307562849021694580670071514
157 226745963099837424849011175722392481603103293681440165610740502051555207406654
158 684553434988961995559227237093694034467100903287266225598801817058105213796298
159 2066606942035235149714262841060631872374675776590635863096146383884634416117902
160 6238660737310752938252531912520544924044146529958419148187661949784859572540730
161 18832501945547401282086825905577582692892797190434792121260654243747447690183262
162 56847065037487631248248168220780591840959464372982980393874967914420949988233002
163 171589872714999175950707576174485306809721611523984753271903919292798670717748654
164 517915650952606374470011943059886514289694489787061696086548804527003474412394906
165 1563185051280645663263703472788951324450672435006507397072157553526832810014631550
166 4717869449110416609352113349194729318096784201955489117654006080417965590376235146
167 14238551233136688686739348840067813988524653296674368132274618500766298252125726926
168 42970482356826382636267072897654320068276861962446806734761656280836099199368245242
169 129675933042728097636948297825315594512939292104611527218098371178119910927077929118
170 391321257044931142095286130873004686463143994965647902695735320541194572768153367530
171 1180844144885033973839182104810187768162410340852383671211526582644088238265218843118
172 3563173555905823564177517451004084430806166090423470903007541610993778274677932750938
173 10751444031469635620512465762732816671375303474869372377141510422165875503680626917566
174 32440102185665401645477137517360140150996326035404996135781188034051248549982366746954
175 97877616830765689288250633239565490863600224938605625420413534404814611766768558223630
176 295304781313605520920209561781151683822634415312988787300450514122426433650770048619194
177 890930136404741921927001671530820685163404467430482095018981275091227096003703267702494
178 2687837786606001843280123973154558956576717066765993484409833023445524673165289168642218
179 8108655491993333762337728795149967572989662193721622051288166664852104174958405602530862
180 24461392872505985984505257012508774828747519561435790948040502778102902991262831097405210
181 73790457807095912045991982918702940815578157625120147226649516684948480372951336161653502
182 222590210990021598415404584399638671434741269697798764827532575106764755316342537093274122
183 671427145676266382078499660129505561268244199560711263925349800476052208541493197104763214
184 2025250975147403906732356701180285324696793770084078700104305626895430453401876348789112186
185 6108661539798026001687643265916161896766564824458070825297685557088112843537819318791804190
186 18424710462461520849534649284874403458328245015991716650847362700469802980610028773648815466
187 55570308916586891082019106316000963679070386675827662477405006189025802291819798772766655086
188 167599459337367658846302794332136150949468114911040525006803772829926586925428533673760591322
189 505463975774923933339644809148808232585175209383794187744177581278327300926193013087663652158
190 1524388720613234670421143705903624036965838222103400401403831532200624523228301275462136591050
191 4597156541705092622470058953082470128528452448166254718725390961698801431034070534983846676878
192 13863440764711443701030060365362204438478170690066924699717861980387187877149711730743850741818
193 41806235712922828603949831614430995474112952106905255729778653227033914383591635569608484359006
194 126066447395133978314428446398326132898374176430829212081211161538718795407202407840956249477674
195 380142562954498412451022193860077838123228489622827970919259090189007542990889726919261137634990
196 1146257351170784669876277145575531832654003349859504916784654087285576099280516690946960580510874
197 3456261040434222307198463128712490452814963692551577762434592712012388708765092603408413244350334
198 10421250082068271814304284462095156223003752006573922323545669486504147359065905401927834241504138
199 31421151128501630121039538614158523262687838806479334079362682510913385775509598980891286249871822
200 94735656032395334397498671526094733569093264779710703564265069686942988421464445267997209325693690
201 285623576037857335295636181629141692050369039419950214671326275523437458549200280779961679705315742
202 861120551935586002196329046039997550180374853502304955949572025958137855502021677267795194300651242
203 2596111127272799995517248641577710072628927766234277803655495676037890006069327536587116048456065774
204 7826581796216525953336530435106282484150192915884922218386825822604099336897770124112539542030533466
205 23594490631843955760363944836438304251240807599201033077421493851283585966762672915391192816078608830
206 71127707625115000982154895102673283150093109352241898499047530704264621768496106375334301018196851786
207 214415830064094404049653867088094960639391387720642093297491739564035456910112582013485070764473631246
208 646345611758531415458529146604510215485510342153675473293522661045831145544210534702901715423070121402
209 1948331199974338856304290075834206647158539563436274000083710310198667761074249970096044655658158047198
210 5872876694019250398698978135564647943581644301234564740860557911779526256547605008250152495141317190570
