1 756
2 27684
3 1399612
4 67134380
5 3159954052
6 145995171708
7 6648192704604
8 299224791093196
9 13339889117822420
10 590022908205332548
11 25923065488446232140
12 1132469284935764232244
13 49229470523358865713156
14 2130858428941032834498364
15 91883603408204277668311532
16 3948762011409833802029800348
17 169191776165584222424505060420
18 7229779217714621995687217171396
19 308184895789910158748547051939116
20 13107975832931771457257486029694276
21 556394035266153509379221315294618612
22 23573591207191623934180020527244577196
23 997080947560299925636303457939473578380
24 42106955904078678967552966107917965391548
25 1775607485461558593734636084048060305360100
26 74774791603871211205858871884357264384337156
27 3144989974580277790463582365852010829780584700
28 132122174700337271396296285786008113468036337428
29 5544438496597958866269965128251380473137579389956
30 232431363972815045320203184854903206913616015066892
31 9734515730222408574580773868789007263302031116045436
32 407325101095289490389021854460915212817377492598660828
33 17029339556000781503026151215792522713837526020737475348
34 711385410125755434861996269178385684179726154280019734100
35 29694884394770622475188909368217786938309390102442492812428
36 1238640759341648119033833079284338535692452172596149738692564
37 51631208467197356685311524723027087526796457521236971674053716
38 2150786693819140033087381253981153707486417609300631966063118444
39 89539435673804786659717095025320327063811166523274614492185770172
40 3725427922105463300730060099421741067494664707380923522592609549084
41 154915444160448674266455110241286876034596965471456831145082952979764
42 6438447020580709099334436042817064666415633691307066670515203856267572
43 267451950343161431956949552358510018001802410850853182004418793861193276
44 11104482886385453088792086238509363704270364390619094151229003682524186164
45 460837601954832376664182877177867007139111355685756504004163411451946072612
46 19116262170308033698861897014966356968372986883630010109404833574100282650652
47 792631865607749492056535857212168366587476583867261666493069404239442893746604
48 32851942621664559771991338760172689836216818541255695388771752969046662803979564
49 1361064214481432630179163515271280867037880657133760040451525346176004404116124884
50 56367769938189305319181527401070810217394792129091337990626039372093747535270762084
51 2333587214082315414131778134735276505881058146173844026072164963089198037970844494380
52 96574859117441653852832642847443587711836921393874212310877008108693763768138330920612
53 3995366160638100351462191600782059196316903532968054664776011494198311701099048570036788
54 165236824549226943475788949946655127037662683362004074610887926347188630626921116946563948
55 6831559514253329103648106249535277685949193391461144017931249526923213652688092588513550908
56 282358188439450901765063983617705910635002619082612054249790684866339773186739784608221135772
57 11666831951900067454110480763177142700495907819787358392196103525440107477900440002186826251876
58 481927607660127596990204710150378927652539845937196063672711830802312603313681029146164539286932
59 19901740058941624564036255935808632618759708657816165519163284460870271912655968108710808974786988
60 821645624939922659326906903264400579059571685046430197112827122705241888606529553664318597271114852
61 33912982632902953853987658382714877611630388098993622308935476358916288704532374379520689860500881732
62 1399390386160676844132423832768854513746476948998803759609992534419804699383859692306651752489339312524
63 57730669625176720470975766685952890506323143967814612538050218136767052670072591892696883494312880699020
64 2381070826056146087424158083055531980125507354455752177650456276894698010945480631224987082740283519471644
65 98183633121614336844255825320478202227470465314503659180089878983906744665519951633859829121987553038308356
66 4047714465744825733534445827159608103431494986721369109162133366191779678744541845125330722634887613680986564
67 166835097011972382097940919653046622756025784990311805249173935009754191169961321415013013594294669072793209820
68 6875027176677509170083490221311922856764473969091997039387926575129682997275317471709304050954032475712839511364
69 283252291166239478522923943003355865247676084735805116593384443854512799604607173479837127154914945572665654870468
70 11667744417707744554648470644767415066050947534585152753283103916678831892125854819047989016475734231682562603281788
71 480526339673880527650956178160703014499581219933535214905587707963673766390960855587658548700522967453876174801728364
72 19786389759160573263630527250268790749166346771071896534096783189252538943963918967305658923027276284807731841545429708
73 814586403961663318105207237943450709512583398382080407249876825070145273677176169282596480353262049072424435016439124420
74 33529808253019995916808385642461790730795157485519137069085607114184733230835234639688667178417511035262147052058086308372
75 1379908519622717673423143639068118527036987131079478859321723634753768431841897313854113556929731811385988726952026283824460
76 56780178921176116469969174988880169265734898971466901188043179633165222953739592200906112887853703616133007086727666456877588
77 2335997102775466396813974949212421124390821998479464254547288741626745703404377429774199862140009321775247977304612984890185524
78 96090112906711769074903579300877779716900584186008884016368265422449780386845825827574202521598982975962758053372961875303758956
79 3952006776913978536082027648042137076239396822996824188829913354378818921905829426534019429988873879967569739064918942679315932876
80 162514037541452479821399166837081879011794242385742176950490319287873374667524993194097274595726784493182409129473733436070575860940
81 6681898771307392199355001038408480048414053810918467332971800754195545506548272092697903233957117116311351999409646721146124996748388
82 274692150054935084148119362948237198283155442283179447025763387317872491426280216144071058139667972810162896440349774934715552403140644
83 11290974559088825675130470556164887554240958831642742364122109697846472760387059479720328841721791195282998592334047022192469296363724076
84 464041539847350133171942319756377230228863300061188904153969808960904168040491662826343494882126480096950282014239077935769155748011855476
85 19068824305906392454095094904405635441476088655164173894020728633932647135635113840051055097064453963712850967733648933853314087988982795348
86 783490857981031444582743544574653359073360423841284358725498094182720513373426457345743987580631792291291070131347111225846771939849616187868
87 32187570137976349002089789974920709784724652519392577817473537839640955255655038328960962539216289449516846903630243496229788719977320830220844
88 1322171945560545571384784377605605615660956374060807193144098679651250101734368259037203063726632862693438203913682857640530240325756833382295068
89 54304318783856158793707019942803575939727464395197194361482185774095264287720901193423220360061771872432899000423334348289889649532410702917745428
90 2230122151293581318571352764371009145502598726724157517198894519229168971299032508642221276052177631568371164104241942404181030650381073840157988196
91 91573941309734114283604874330827805385093965435060007329820468436092090754905507025372657913088860555847227554902139961933063159453556322798822255548
92 3759804155830327870507910252717782471365337162127189127862456272296255062756094331682009160494816962403596824924825418952071936770870175724080368869364
93 154351074398661785215999873890324193725962358189940715176997393093775245758618315153456437917059370739487116991483607857844721420538267628143069186039252
94 6335869554731276413897976586800657172082089232853177869319665645702410464539463863707790630631855971674983511176937562659139019403083094199934104226941356
95 260049440769401288844386308505767516996258039403147007116004577550287106224184260411537416413004086403312310144287467365235435466987443258302645204156162268
96 10672341327187917661971937188460445411704356560460457216345354362095485045449652849862248767691060121293289858120857937725705076999017329627546426661438018732
97 437943922971956074961637362771536124668292142490939467246448001120618355042646305823118982601005972397386208226597413026290391872567633534121360672777927533300
98 17969385233291633538288786961306038455170642968786227713790476302407396720645971655165821036565819758116464963472734814908088984023432121374587943294486702947316
99 737232931654252558077308624862409018068931145822987953662287336782387165743426969393817958116269016677314894754361610059792784104479889610606282289405380478996828
100 30243627152510374580769858641006212922071829488908103907944841477329750799129197887737151809987345934166826954736332335367689403819947311824034348422717143007911092
101 1240570615499122426459273794483511317673067466661668035047866987199919469758375137972141575717240792129478749461917256614069621606483451970068257212642977532255612036
102 50882491819475525326001065770300517004644185451311498668883277648603908218216575239698709772352506657464403574906197181212471154775512620267564343005018698285695626636
103 2086773423351888797950173950796299559904646707459824455775277633544171797129274250325743414506728046832086119573386270793042336830983690844068427935376420882452593278652
104 85574234417436573836389235962691308354172877285633399307415258546826117526428903422617456311009103356407281409882200358136635866844400390903270550597995166658107087452540
105 3508910428156264072574628314990694793240823236820394253979444310594557421127741211120340783990199829459992350585192516734237242307734986876782617383924870139152705295009396
106 143867862116023474864295796167558755006891492899064738271331179333370751279711149633300411587354569104397989097294377365098259153791711833650807530582617787659147388994523700
107 5898182962847379463680314949539385012251577695050714640644224245530274598834843412401193181974209381968701296285668786285403363324822848388909647541558773076544073277096172252
108 241788871538110128597133052440488518097063102152020478848006253356004010729459435744157311348801568124302506985526467946739697024285113849806824892293535561814470475525635271028
109 9911026812713200066690098508563487575221139653641724251656654974607031919830199317325227039897185854636640401088925984715493498771379863502186517218421910066361464538405178773556
110 406224308234486214553717799009035212433135878080096549813181631012037092188313830187719667094349968111346303478755837425322271873139000372164190085425048397019156547393595706760620
111 16648637637903733399909524475598742849380272086714354474148478655551388511989972199872482690935260174522024076029808844939997533493037084247864793760942242275697365481879608078665852
112 682272137863376239660041610983178501924200468566422328244061916796867488640989593237681564907708988895383130027770811368814582263242748391517811821874316292024263534893211013713069324
113 27957819968234605141314467436031739998881781091490278232410225255802388141432658830178016955993786686920090920319372472122926310732086607082584396414013306045970186456021894808178391412
114 1145555879942433542630089688953478309922397867674061342583476491943527264185301153184680189715004992922561941269993350652361078236075651181379396787291247501745370726677026230964376910756
115 46935032275161986158601020269180609747752326433140294268423662594544001626294901698976758781710424744796136140540922781938314758957756620408370721397258221925528774638254860791371833964892
116 1922854291112347510179035855170367507394343461017186487427434948877007852556296877181689622489715771909060236888054275756686938229948536088845355789326773041027291100176627492044875254756148
117 78770676551885939205326890580134160679129796722925314863729097313389615124249810652297041724118579164676790320152133579528820075209440180045700142397302343447561301199777991277336054889202052
118 3226652820144129231738486712831374104011899277914346838942381384704273298169859930767789893236600178900901985795664245027693621853125285419657921788598003674964285610872070235222414853567916604
119 132162994900778038143375170775329277900209268404088238241972853944311667764590733478665807250003623877652276991375112272561948075721746714143121031180391501915560493222526830768493200438152842796
120 5412999246332714504085804191695357304221959502764475081895736042696892290142052198963410468189704275873177505376484676108220318388894340961348643182009141604991246887471955483045036231118740609644
121 221685355965406737406522888833595597881899037770832447486041479566542217200855260402876836813638380055491669044445891460519931545868015218126250509251661811125837554473005825707329829125054618071236
122 9078361196736622122441510044899652892373226165735817717898556048876236800407976466277072121101019775166125519427805680164814208854350215759934842973204663309860165012074859897239389709931416205997428
123 371748976722601934042319226695744163529675122368288551504659612249252576351778984191732467178368613820402511359115118775253358524992152861892985923210084829701187343941945030993418846335234469157067692
124 15221744384813235120203796919368938303037691002622773786314563119895741436629705377511676023194685401837069214243859684725377027267825659276161558630996900154473702412522803549363834410693321970143307620
125 623234983629604221482778487313794640033749511390222823505593279420455084223999765500442339215833707949702921361993088264693395449058418926896889113866689275189445824162203335361978336870167286623928541940
126 25515988879316709841876019078558127351229317963159916606618087279091707032759684440354915565432085957859026258251736510066615675484173610382856800263577675195839842247487621818348136854385162871305096311500
127 1044591731632856438367934796671467346983201568023461748404558906569848806661055899036296493410544513597185557797945121516349864810971849074925466591947367399136475316934301424156734951014771040876085955354060
128 42761680996066548764849246163180870752193897040467190664640500258375670143542730057145485947904300037424828672241709911822456303199174822078361055371496279930128547911415761833003557132556823858738723443853340
129 1750400215478345382436752778953522984254656912296879200825894570274739237023022421340312692155728475125439099657322424907491547302208124560601807319460615308810088001384017184940601491306342475192084483233903284
130 71646460278951086114921933113289368507337104809166711037202708973843694092175730153468952376155028904115217306727777515385341559146684564217260334688477629688431804278699150335927939778108698224019585444111501172
131 2932427550384005971919604974417824837235131738740415227774669743010479389307286364494531839015591135452106631549947621304822485681785993237115561025815319299827615191760095076712927922759667273314510704406134381276
132 120014960432199286474147066275955775333442618958706618184669920382832992046213145377354922666985773643995642719538962457868162191413590883269017385352419829176104273537811899145734140974978211830871377510907528532500
133 4911559248659577247519298417155541179358006743069029513866803481266209244267842388007815498470007888402851907588363309437145736766798839575839796471127045448769381394329230762608044949104457970011134114895913141621764
134 200992406125253374421913221227417528760252956455432160520449958214913705438983255987761716255556735834963077139782055251221817471416874839289156783579730357959725333255719450038507952705087135390402550336194803630478572
135 8224632833892401509923438018247650477346653218724404343021133924989665486446168020893842757737486137803647216102004090792529476207783350442501396321981136446755190996427605546970848929554079127077751469216766841461718636
136 336535076485691635042315149754392733853155406073822716140137074710294211441945143227643199306503571580916543377152702349984523369161343308520259091464745764348402728348478336873163903449424432438787910690081661070247971932
137 13769603478784376782870702966731901498734953606984995170809888386943446677777781997492309946144007395446101397825268912480826107961002765899354887874878121136227274181521957955879233936299673036348018599190950051754520516484
138 563365355897584051857061974255239095361943064117728026767594461494518648235594887012988674366403756542210909882587792946609639026918640612300120176198090273905546927793012583008267686441627478669262107519079193993456377966932
139 23048186646766591541229950941348426849369207911429079868338618419195466951111808869175240870479620050486901932407486514782723235738407277579900033236658134351485139576638410381553250355683373738490169154792118652316050888919900
140 942891287174970370340801300563072336442283659236422230792129115192218483377100413133230440289727076398097534231161918352515246956776544337886621423407019386134112357093925733478371112654104881180004983058448636671316898327954564
141 38571366270203739961482777077456224746249877579270629366138470780526137414931597007529921285392183899860543179533899428231275323879588377863028706279733472002674141311283759508959141203821921949289685572427558396370707831442583092
142 1577782958198063931454189531375206180683919304171539593701671187793688297182828653352757883448177643111014973415275095580631119262390266887188172095321168224029504114176605608804934588579789058834963581711667254014553629567268210988
143 64536978648186276333241120707888025459960323493741376933765299490691135873012535123021498366188737719606517841880918333047158652980075250550575150358280723745216244022440392607515182629776580721083709207414964346562590342619618658684
144 2639668655293746415279629519142498612821624251568204060453295798065434779310867395933356997535261867412287213444300887876577273811439380566430864136502778595465753592958259184639915924861271333668635546951865802667348537188503566583132
145 107961745771909385939916514448205680648932479095022412130546850274774221495766089954008018959148090256040597844316725474983485607002536617592596282926873002184782202726958937389079791657177516150795069682208850257422296324647962969102900
146 4415403057430606214945324218143631029132356476507244898242423651820648930711383432092079914286406108942436081736134767391804174338381681315325557052444689729555169082226247762889569164794981709227747825045395448929525050446828846331496036
147 180572267225641267494962410119688079663364574341971999745466947118883135683003276136778893251281322719231175447614395135934116124437850921985310623336826364323790756303312971957051210365581912306991124688885876360101063647689489574053603964
148 7384349665589414517169218603236115489921292238860531489146523497391949051930536511191907187574643267369026017074771740417295062613428523848490233729533033986317526858177013461164751729659460184581428684119301387997455414150300236255570236916
149 301963339479249500762301344881314998912970248944641697190803095220462709423524414385303114104869812729881487711098364499986969513994046268647652026837285171194050189807276067640793768457156066135991878351628717055057801363464288562811286923988
150 12347447935099780410254833569965384380451605292473321429633079946358238564661331863013313341561699376694683128233500763521688838314565222599098076750601570193193606877721412542133191660635850123306285166332155292146878213083710950973482211259980
151 504872195238295582658505535351807033444552865678933992130344051040902324525254649725357166399942710477224599983471756244826421686623920015690645201794150791796115697715951004168648283477990686325730228909466006978682924693156804888878639858385404
152 20642733850731716277264601706561481156751689326395228127939278460258437469742961062282031719888643784018917658804462053090518067837910418975898359713395750434250554936628208170880672267428034655906224076700006466274370134322812657007518503121638588
153 843984987400872306123806743032631172729579176199202784104139528728453474514446829826752391289154179294802851255010136885682957135368528725460003948187233337787435215485049476560036760207030284123546982631476462879318114426199919380536645715482257668
154 34505173303174281228440371246330656040728274445519053928594256458504846217703859311152885181917981983183255622192141066826858261892842471731126330587936062255948893906822747518462782266569178954637226430524679512070346351918392715276687579822312025428
155 1410639099808020435649011805404567739051914925753198532050037431451848538104893435840146066191757141429360063776244001181932425566482407134195083182370930336480129573653283722080396458682940854577935849270914694202800641346568270943562594081139004878108
156 57667358697555961431143111603473537996440718594944954976359543301658590792439707138167845799624713949381526319001182762466025654477332133795382576881658499955265232996530239108608524514691098933254810391096662307149728516015601511895598353154278806969540
157 2357365170188013624388601804598648036172281421238701174523366550011946170375240306727362153497411247391278493638026105691932111038334427942734915247001611355424882286867042892788545666605448043334659619412959568514801458053085839420235155623584345796085780
158 96362163426884499735904687655860711585779501710025909217683718030557581095615827450115491901613739581890684109269717518677570364358703248716307348997881322951579876320789314783021352035043700483191932209405753809382887175800955289995299877737851597483999340
159 3938848807432119571377940488444005266328229260419179089306057951076615341497727414650468555714864085950205540962217419505826273705235794495717515802951271013487159868630969530849672887326316334613377415083184076258097641731077472768583442068784593505069493580
160 160996108472243638682302915830664948088282343570194122427504262728855161247130936112625651347899852137900118557595226571705678072973915358932082757866996783631835421386465020751733129077126474536719399295547348165647289174397198387307464479739481243279210494252
161 6580288737409990329266279571963562201102281209873982948646531983480919395244540766022569119361646652673588223082347090745332567775238070023134384739294113150565181002794546154013899293770512984295977950875580559389010039785097879788168224600464520119753096794916
162 268941750915232240148193797441561239951409400745671678311239753442776327894841327504566466971304673124001868602202663809663934639443238239727990526688083615594480800480167476018395607551816658502555134006406367583822626373439287146343735834285361756801208133452100
163 10991460633754536306587112529084906929003732513568252663942994702616742554452111737975233167948094717996233676116470422945106812598046878787342869920660443386639809984044536338564985180238277090434493765053901790447208391045558058943000792845581687651627555317872636
164 449196834595145537822474935518790587970315759156269247669650480912356794634125288574356757692385840140045113320382143196148406214145961527079148014157713309434881195181219595360222407984878625145564508618034940811052231953588343773535468331039990479894234721749441748
165 18357023078566530977662531059798203660659721634999606137827520101703761943104410565504022972520901736308312475833893300246024861886796682632884297316138583221078692275289015658770224086494096963637620463430308311352825713948124295182611013212054365784136097368906058436
166 750157224627587321223289405946390524870661773796064956420073515688534586585695330131878689460153171355056337451090096872213187859399842193991882102455862205366285543758561727998525632105390325100798237492060611549634348544649685855015244065072993494878034454317570110876
167 30653989065819260828062416981176459312426291977831224850125025095652049996059535208797174450099082001958411848324686835830845082641144022920717059417391790334158613204522054320870698920478736592957170373899508412962019574956692504348525630047583552853581029923569301570764
168 1252583078528817792626554125576728072649142949022787291795124878621414866290925215677421251454524835923498551469876731506536150651131641428086327685279763065010353674147347948962344366428930851845046488090507948180239733750049476811807390397968516504496536124762261440412172
169 51181274995155437125031368890851559114277660810141003750460474259217495503869869975015316945682272918478101749989575298692588097402660845431428842483933128034617739698774900250314315564896992328509800533180344006755572587755064256422592226843136705505289896294576382119855060
170 2091225437751854418763380056386529355110163566729956395293973005832510547872490859426981831674865809152394389505589047889153630122891599105202690579963605047255918825816732812882547999386588814637519935596169682260604493103869052263198194962592212293045415653628216416031139524
171 85442897851076144141350058380099210930695826741261045735397655155953987289792320325808903566277120946316597485228206445440307405674974908407416712668665792360899189819104491490177856834040048984016970523020194361559266792464594080224559247648845264678215246570638554509628711580
172 3490893646615480350350034354003259721510636353818471180746010508030441337907937056690848216725381231609111438217659855895429038141892524055871516183310056271216852088966217909814120078517183560784739504975904595179889530261012364939416842951890510227328325256546923363070217168036
173 142620831510687054893590483816882727832694413893116810039212107657603469372966569768265764220719818697431643007999215255050399058626665318294444720947062780174963745583863023765004588029636337855300394503723282089975385158694868665165080509170977950082826076622403583566863255970420
174 5826599551108544551320656628018447148812037673695186392727543007616892091119127836275650460750890156981454401701488131597109117130378374351848450832125164066448110287673058868462738931475740604351809080802459904374732977344505280632210531920803785846128615788694112928615918873557836
175 238030932780379704536682174051913184710250296693507635608001270860667024978401665221119567170959413515860504213070021909186662241570295112462998450321881292652208128920725140949253635191071644303537985900073305796163701333404855934785963329363070830045458801711816781776224585781410908
176 9723839991397185325579760374945188073872831246287030965833693600477221167113041110713242142290128174700608243837639831990334884158799674028912989075041248303601029450743001198202443598593947544941139984579641586801862247956342064551667110551304981879085062442462057671674207219831165644
177 397217653513446273207165892556234396135059328203869964993937506223499237025455799533726007831200616946797869202553710246262858757624903514827374823510117962577707622790990894769131873536923345793473082320530578973003270320394733537996705402302761107443220353142029497109598902428239787236
178 16225786750298378934133284794379176134299559157955714904172467487530550399231132545302316554517368478913829163037192199885008844241750235625432117144571620750013144435651700140792336607085729848033860871133824184314664257046462895233785024479140468542338400822572910089819316239927597147236
179 662780344330755769336266992283614152553965965365335585859102453621613982431901431824151349147460779137226388571791110195206553623671719908555274874081790785609558988251553378416060110769887641307373008874961582696266762216766777129062972766737907975542313855182963123213266194551137322047852
180 27071994799791760204587513091196021796558551938388146600923246494995881529243482377201421285543081093548139113433646489890621086179916914998076900035528807542987395294862379217606884372482699572317664634221497691327898708801106350302946875643870336403091577249432238585560018326873230212924676
181 1105752223567720268631548109310499088789400568523461819015275017452758582768640321700328156044653547022585378252653562840294392810846157583408056372551845695167608941320167681213082914636273081164770788628205998753731513710103846373618611748898297606269967896519144200320254713921148809056675940
182 45162965708859565761518348531015978857803582237902873745928272172649897641577070699432282454003252324316178460272983221604003143734653114210971158822215061274196324218552321182458806267386669877409318684118877527004536913982419685902408096632077300990827758064807435114532018815059912642482344172
183 1844566396598969063409353513599550357084607875252723422091560104471243675953365270035462462048946146330563804580514280575492910229863951522666358799210637294837285516909780093172005498800483284520013591536159063918586782883618563609025308225506169639596135685445686388631621219825601237789610642700
184 75334425056377530540739926147668829447596050864272500891464146958860403755436926085914896864472064938619379839446596704695519486554576393102946580214317151577379001410092849222156200085961889420487359460137367072169582045243815530582718567340404891173178084953354001957793553207779514874139388983708
185 3076664532229763901064586488331962014127183808513966761345098215931536948350636623295527162589243070245674804281732634143087897316581554100414597568091348233360176562961199329464467537610865480029336074609214334686611469485606283476910395025391296380043884537721703758417512796548929300052004597963732
186 125647666273553895862546178587889169407388507083129268983197562765043403180593238457873910447150857847724266462322409493181936037735332211909866743892027043336876946880732085705304566815155388920203176174447908954196206855245114774852033501050413582321024653615157460188590207776349538804484809056575284
187 5131170598892301508290289340984521387818443950603619848484293407651665226906222685522441141002066355653993945906888312939015442877125433423480159914691710941356328868687560857643352708990741515997502943127827768467024666912362216108597119453545422077446082313257346439303552283824474186221003491630565116
188 209539718793153991507531516619466576919082520428528501247751965113484515266151785206573216145058229112779438221539840570182400488768888014022111460331159420349370557641833831233307001756227133844670079026347479343527168271027859461542189259830477828093916646210297470110953038311645444462560025798150096772
189 8556659723969482476313110783973686748850674249358717276903311469513300364358290107684513801837020114789526305655958366783428558537729816865885140371178319797605895319731287617801631002637603826419381602451730500373667888225386514413317704609936295230757365553496936474512147788199540405930749971424607154468
190 349405947979240492827879390689723292397752947520717174105249291872452968792285257243347759470037184294668154183245718855268461753669115504358421391015336836100036421031004135000050786161780528876886781769155099667331629976882846345009649024906082326664899176677661014578208773858141370934022580062190518817244
191 14267391432532227228512273407251966128642569983297045649605875860313688899312058950810431026331727033557191391211071549717095260352198049273945859295555632493373988654256959133995165192461262589551079859050906494093267241950501617997162788320639724727737929685762102262217091156582417899724647254855650148326556
192 582568812255159889737895371494409117058457777556599999765892783453682038793957238433742078827781199263402147992389344342627683395808295771221905185344803192901701432834108520539043236019038280503264456075955500001339886752913306671905073087647174357024379582315828787605748892237874281798314846219535633562935404
193 23786929027827867847347941035430547715931259744002187368119325337068459576475736069534435989745934810275873050821210782822204174714877951960263554061938583356042939517725109222533817666780272683489613811641663223652769742709335070544080219966198590833106872201115637310419717680778008912439292201338925573080893044
194 971221150060481304847887055673665656659193368266321831966850384797863073607579643952264005747917647421119879750672378935906248505861612821695749119398244880230832490377479660911993065527767344494609204336469996436146305137597003231876422654267122133457195975946025110398294866629162532922668747961460981196334909748
195 39653964234590784153036151536125730942082232655418231006510703248290665122823896091285458490018272798129150858586488081287689824250791725692764296298352107429302785617407195830553175421303377382402300464084975925557492685664079594362451767852589786868831369201749385033948147684091646880137768178717187852995133861276
196 1618989113158068430698223292465683050266964628403368994179517436776040116186590474511119016500109160205381160934657931323295532235595018935500346139001901184128766667511696701180959524274882238858080493416293728259374845018903810015421614395770434257459047877782677296539824132360650647540695551908454063693111479404996
197 66098285881003055157313797386862836989392619470576467110404541809592189692884971911202218306257521901656545436369212154222763266742173757607421344485910916040544868762782035379298403508807577932481801256881730239761197077894001830696822679210548667979220431207781669091980591097037423541369803299296925051017672892609972
198 2698519293402899958287695885060216387645356555635881867097197826585929125379268413217363691721411200565346801441182941614769036286892232961156527133510053648804387492066151249065337396037383523716657546570928344588641781279740657506972484991143212194472636263759457865259797444373093362421275205717951721519021435900314060
199 110166620809982487861637710502861508807022927222542475078514780340125757494335030961271417461377880026675761841062487354744731644808125109320426035651326166328970273250034906490478487451439446063827585853859927104578491371706005902916896849079848383795405012814488392331946300544155904859518654737963159738400734526097066028
200 4497423730393652886962352428451727330139373551639165498700362226150643378695816145160342435650626932758983723867884667881403710364292388704061308819050148857117192888409283215702051984105262225645964943325694039691066724428161631429335702829337709959535450400837251851964864563428182945150197022242348402884463273895217837580
201 183597587206382489899214029753682502363385709258710758409570454701692948364025678501603820705719212757865309432267665864599501606806182513483637381595509367656792490143180532532278060905659524894952227081452831562766261673430126000953127873933992788160736971975683301068368800866777452905879180004209227426978581343582913549828
202 7494792608262220721446325887780812461645915547413085216738228786219224855062545906495350898805728744742646554553105144764775223466340440453921502418667127171255410587542587558800349783563428220470755294914719761808141294072156175422500232724346827411058607381983551737959752014927720732494900084012856478619142277436046560360180
203 305943943739808868045419529392413458507738098708151115913722899704613652029769833360010696039221387654104644700188461809496996637829322411944000691331103685460468497621718895623599758067922611087431076778759358802589427179283272524042605321977339098947230512225044836077226527771594290345495038383990296575568119032750122084012364
204 12488601076651122922561651969475162973109889862282985286888449781499617226304103843094916013037404265963368656054327286676252857049676960320507169393960532683732451081395140005284675128972943070394297396683934042170183552944686081263421090896515143092990371213707241314360385856224900226024251779053230741488884840058480111152610324
205 509771459626383244024126207743813384222973311975889593852099578315981304368989073052022931560772367239924054733626728686680552075489326383440096940305528765759232754463141355689775519347928404069189126022607200464697239503293799297372583116639591826450709866414024531504627513432255827651360168804391609664818540946599486670802465700
206 20807846281065068221699035332317353926397811996988036000159015752022788735667839215471883478001746955892888163142405506821154515923256070331830082080863650999500416657784885678347652981323500498905488141071109672745083012045909946582857259022078743194667937103935844215482869797572276800817786664338600711799004346578884519526866542636
207 849314876277287757264617212682200498056962409137998155506551252359905733424123849932964269852676540514945295449345283017596782109627575141540983278380837398857993562838908764993133266423170573557329375569631824689340328901185351262567896673360186947935262016700684682703432437988917837543383851987611966521064332652086637533293553021436
208 34665735050917922282514185676167088706623105036835204498019175510702220927729870208993797487951771063435234197706904152925092111013422125215681094710100398803158995563487700243176119950637316279553495577280675513338230722259448148466929164980321588467456831271479429714118478462521537774353448956384051129650218862942083827573455875539916
209 1414888679663294954589013553073002441287982429031024364814808857697436365262788515515773977820852335812327676628212116925175793937696823010478742172751796933972737747867925262046108266548280695178400348211047974821291609639930372357248617569894292142026353913989003365119649623907341577460800490010330721477321154502711257202389056507920228
210 57747661125774239879029609840697272783420669272636141101337932241010879881863255905671771067411476012496454219936336864658325935991500745366995080755155287414453297702949593358695267922209935635600463616160317784376133877878132042427979334895198027793770905429033723149929312912608360015356922613957071331239074326696768741534307241150430164
