1 84
2 36312
3 5695536
4 755009274
5 91506078732
6 10536802638018
7 1172354654705496
8 127313882431172946
9 13576906131836963556
10 1427607948065847637818
11 148433098389226769237376
12 15291883407551679953054394
13 1563394242012984404609231676
14 158806112682799556816988033426
15 16042062460134521745628488981096
16 1612759474432150738714217159832162
17 161456998210776117192850342016352852
18 16104126028733798593728710365188356010
19 1600993669242656350312507128734732337360
20 158695643580891033431928501340839389907594
21 15688860924088175406398460893527431507802092
22 1547314405741718481797752708022431769287334850
23 152272401293050994479531703781031136888925667512
24 14955523930455617972379536632946551192549744860594
25 1466195539408257363661684866900403412483999124942852
26 143501135435995453806032052689227261572552893514847962
27 14023227865106615461000193747915593523453893551302475552
28 1368420729130507088088567501305377458362688761004929904858
29 133356669701994512223605709354445446191185498520816288197788
30 12979952979813985253332810953619200779404405152802941641540850
31 1261916513877583172254970407144188363738243568735775035649829384
32 122551780520507971185493505392965970991836206084254378016533744130
33 11889660521270013389069642074413821835435538561943249711970604662708
34 1152409343992094489715668104023540875286978215989577146144231314888714
35 111597862851431237365904610269708085213088908674704582037937006705736560
36 10797892309926562184129141419369374884849415721614398329013791283391615786
37 1043942253211836544310984927190819395453443365020243278453667226201984737100
38 100852586097634304064266952383090168066495912451628480453512864937066795736610
39 9736164685903340868440949846398348565397503646168602633446627597901126836215128
40 939279828000113135444494084186913335762812103069080150826444575571079191883161170
41 90557202976181265766745202864424142068200429138696298516551873236636551197676601700
42 8725404224814252328751599146976065154498914284008925637307755154614439600100566660410
43 840224456894863756273751558076928477543817536496116631594032549369699892675449422055872
44 80865646030983447931665763025429104454796203620334684184958794162664979278718528937618810
45 7778623467166693366414385116558118213997434921193484274742406235699447066166868166586981372
46 747862267489744237751318128540582405265135304843465839395289078528374236807735426046638357330
47 71867120724270872305762406004262116390907028590557105185526908008623233403401907850417823759016
48 6902995290676055268646161283577005069148247149495309622667286827972777465700285208571399082402466
49 662753473078328005716245186904334320906214485632564824902047139760448362702913269829365285635155220
50 63603561189112846522941813659163937682519514487836698799439924169543570789187138024579781385549196906
51 6101452664075402334216608188004604327062211350353784663857869693032211207432966598801322086898051279376
52 585078885016702338178804511526289811583582168237581285303448175960532531854958313856072379842234977386442
53 56083038910336483995258257704118091511980833529416628337261041576625256975638412658478708520519117143560876
54 5373914875335813844973059102582200856111547833923489530350560343375068361143358931989685421003682040770423938
55 514751962591122693415557923309491483464023650975491220450966491138906733084582728941517743969033335071406412280
56 49289992965290743353912374455887044200440046323420975608965084873321165642992777009530763637278124591537892370162
57 4718220727202545411134365828511718992572083512539365265082286024265008049195493172578580657554742778650493979187908
58 451503857763590517851213096027066106431296152866030782501587941993511134635428529517373571791468873042651802958361498
59 43192972569053637536492712519248721985246177853937420813041474925941930361852563081428688096447379085442156507301276768
60 4130832666102504776091982011079663640193551188684549863484348357938712818622713393341882026250717745331645849902335990298
61 394947376939769042677383029320933169905624639946651733765240622221259867792884602264794396967461100534784050770354854769500
62 37750440078017017910624930561051230639960624516456540889743135045360125017486048684018201221274349589399284111541368560902578
63 3607362568810424041529425050860268862683715643144766364849200049841021287679358609701300263722720202059059616612236980619146056
64 344624552410361455100833651765850552290323330567177126631963140470874335157677900166369152302024361031093122586118165914792131394
65 32915068465290816624561025666008305451845332696437004530301292901070688788473070925396850198933391858486578592752201070035924980340
66 3142959316732722220179678459353732879208939473566062452755226185459422733976640212128682618781502369394354305609212847967626107696330
67 300041532898794744766342635834436325992878555442321678932238711554406342978792892129775365746045536422291392258157611459607079228596400
68 28636876050305358279548053865633193789852818062714392155493965835796141768698754443413216145810733160041000470992358056003353234972200042
69 2732589824012668155942523481641880107471142466848443144371247611476874713488030960406109094973335840830248141496694897177169987853492039180
70 260693717604889584609736544133800593875836759314270174150309349933891826235590987118622229843941934782740549247993246065526925518877156723426
71 24865468462334131202220948986754819641551081953093552961960838138041178442784905564771595116644924404410864193190809756617337184226141806259864
72 2371238435458844850740098585374486891438764934684321932416125208050878908694014742478716448396408952583043555043471189773511983775082269759729554
73 226083432385865906623739228189830817973361548345249818657154847859997869697644103394427675059298905799480909201732375243812177468357776952058821668
74 21551599822253212817804954428315270496783637635204090188301391760796272909062757844357327764898085515125111117102182354744419167308552577588118905338
75 2054044236321687083981302765588230247997951410896875774483332859912321591310066703409681271757040201025311636776217326567724889673189391149157186934528
76 195731948860133128726722525668415015327775238872867345101873056295523649929236844535559949940366240430070546931857844433906549493889018791501108453516986
77 18648219014821662313612367563371939367672412603893492685300957159216626484924017455735469442426106120952907427675087111173260941378585221897090330431976124
78 1776391545974604199370847094273971670551719071887888762191866961596620665237557708897785094226422899231414327902319475231017576334092665655353208650267203602
79 169187251914861995228519925033711117882487358629907780732298176049560605310663455930250737643745045035573762003159968567177909075847928072399187196396986635240
80 16111130336314635010647843209555908034808980403534364833957884867534799411876618352121564642081160612642710461888809227503347521249879184413409059319462512858082
81 1533965482057689128972150753792868050688667188312532555195568093443437022196675605085550445670115465436889107737840832824121992243447194772883668134293865568143316
82 146028647914395791902073641971088788215863313030970407752555225206542457315363364043712580054176331339414673804904609230181200728919793606563967298346035213763537706
83 13899368838312075428413187478874036448349058919681763828426378591634061418046303009527477367260223696427497870848452671597156573214635079965884425639234555162807459664
84 1322781803724843038292041907468492058616075062875462936906530359282683017320320086311274477784277732242441297882705973529998994797937475316519204297794622720054808000778
85 125869058386826477765048912844196843522389829948224138998762856493288796112589898083448826480658259679575909081828676386337716383703461013443126270873860131366645800841580
86 11975367817050876920421711881383577715730483695173718061207733559740491132159184002369648680620336610346798790322737928196742349984627164633097459469487665794258123800754498
87 1139198129919679310189076735795432789876961428964696484946732177252143171664107393856501501156056883278743379570131738356370152465225261404997873644032978680613164868937495352
88 108355648869309482641541108754318577884786045573615520594334689837718258901975499623755483226300640285140211445405927914239827094018535205027095281377118051983848588144622270514
89 10304977887711324213460284475516974602030708504980077495391791404957291597493496859821127585109323706378123874653556878454554837296301071330642459575047245344857843006119605708164
90 979911966612158996721478190338032385668544835118892255022475603019093589055642342157757788277455081598600756388365102158452450089035238301520052415740161748349112049606049290600538
91 93169289276371841945355938008252943621305927266762423639348204914002297000536583707211455812221981057959899512648008625707464811476303066880112490011718645582631468223043908242934176
92 8857382945079452862828630697139272596984149508716079672234869649292609412878979719437504122646593717060819212387833807772194545178700259443053181411401829114643228321728901187068498778
93 841949673715737770843961137084384999810061524161521741384564027629927305949892033180774685610038505433378202680924155786653651669602251797269787808817711672308240674541887691974724327964
94 80023222075781665137966861423113789721259309613303517697703136388029543556316135050437658971733654401203205699471829641156920049432422929709318920109087092819770485536582969104865694522994
95 7604947252365864983989327498771497232888052208379730611400012378035063500163018885129493134552207814143772206603721758908401871344627498276998871277490471361741498037409458109391004312968328
96 722649484225537152604372600536853735225051046708097162589965425466599373086161380082628936656915272358013374083432645582990898160810596498724763779608015352025358980360371660435028957316754562
97 68661220863223933251911279447022327046126389430549617349730371571796321939805036758347741467543758004045419595357457386155850863028348166157421522799913848754204429211617477320993554660434298164
98 6523019282362971454146816558955577395717329971292931799437186224461779162676073395783210188392087628028424997790260570949939990653743628448052794532561914603090089675254754245568879322833001959818
99 619640895894458701752866092578742309965090153999216185561899175038286130439486429060011400917468831823848829750244703100266237165227973191493642987517326977347641146202880757439980580317733895366128
100 58855449135102423304315658817515465406658531848526288722451333665831501698696374607438950348509173339038232200702885966444142083655554697405559723675027901655098751115272253873145183902666537889613226
101 5589711250423309710530856418156985440088502571748578933223475050604155958184855252758090645602335643194098649744428060151297264116124779773589122972270068425547139781876753990587941317954163304526830796
102 530822142239066810333094079248785147267331234547525601843320419736073982926310515304066739296917321865850787958235513996471219510358917755154343013948431563360747413047237036887693524705689679392508491682
103 50404172782912896888369821339644757442532540810781185860501048031578521834140873010379785667237379711658621651560217782948752378275581235057253981661823041098418096545888544562575216388621340085196207595480
104 4785668120063833389736877042230985506056531650761923669173678533992765175298877875045812514541972734465838746188590467977971228053316942793443007462477647351586655993690223489048754050947859168253276380905682
105 454336977096702361861127547051456031229486805798278373006098601392439052205610533252116078694873399304088894572612646428652044267313989138444505415903045101907708082921928442011921285671095071934888781053204196
106 43129436572179328923012944867639636127144173782928072026808888361535930144257775675401858938753350200193366648250885660535806799907051361689973374258993033361774890522437636841914778715584968154836139403465854650
107 4093835904733241105636223711399530799448276566236841085320195254627408607821787864439961239030577407150481735236343236883099711870866775689772520170102999182906543133267958556904555062623987559851139758777331991616
108 388551645244479550538994798965077391216141898125421743549942417936208068403041840310045963034064339413331172524443895999540247129586413488150769450060935041662281347363552570215986060904781661746347106524948646354938
109 36874781834312016147959056875173439799560600240982194928015207712785900860150852411220996164640313235413734287938682086793093498266097649555692969196915132421573139374128972866212922682503152183109442195369497578875260
110 3499236074899756471342182823249859152758736971541481197984674664522911170256135033918177154649589210655843363120948948898177673221593995246380785266125158222207509664159583427491616292716905818483178897093806801906136274
111 332032636786596184672540047435785125266757630887492070255385109412000843118197688415031832330154708687047738688463404078897432928585973357314497315204547105254188630868404474293051329390390283209495523340205058812482587944
112 31503057572094363615582308458361089186576138200129429630184633450400545341861506986300108432873227583667932679641855759045870583852225681110668755117876223816859559713325522380166509375320148868045712648617421134342234850594
113 2988750602633720654881675505752330599649236284116470803588019992587038858136486120647417140737346822628003900471426556050352406283164024821774011143403352992608529145594430867990061027677855750388469328816212561427651348023956
114 283525616092179799036102371533622239999421763599020386194482966067227321712060743900837368094214415082636733105112752308204903005428169022878299000210046686466372826525966677667311421000086041252343642620332517810596053516773354
115 26894358397578039980375000707896548998603871966178033471793309763056352345677536251492490684281145714207859328660841508495635194566917509353591265075018806340338313117475948162784167115419025690903307328857962020845698138772173968
116 2550920473277146797306131862314465855067437988888050371492082597226943623097673552875207147141753020031713306023478623949233718278641334452461859592821366859808268646235498009331533210694462678224235188317918758599689619124357395018
117 241935761941097111094800737984865059952544846175818963191446653109538403536551799934875058867568295154708798939808770507396956627799506104912619603846428604210706369396031659340216200870448145800032211905508096739958193315537796509740
118 22944108790055341767742052452844842963594962213708262778949800085262396293350354307235541631920855360375144490599021258004587782430023121193783318777135827960219211423257150687172391381204312120569785025915242486712029426111954885166594
119 2175759236621656209017920254161200752762281397806967825498773752569973522941778995109102914698501102803847675994005270975451729279675588049172914731265939678400832364952759609950253864762110073260987933184219292261872688169517589976593528
120 206309642285307861095126188239429130293020869395737825301008940981499671553068163417917924615703589387116292725600225476935526455592758175609948495985166164564703581317985645743445242012309078050425915977159452423019118738320221945002969458
121 19561302979444940564079292120890190692543537898768714099700613886935526171548330028070019693880166716594361456483893004817526548638198768564421178390271142044213872237706976372407907192371639374484006114847859629670386426184837730623072276548
122 1854582256439453883841771907378032795445268113220660559142111039768447469917287147030498167333843779082519946306676029894602997261487969235204226136805772804284357491785124522511897722609535018992136435236099040767586970087877674072226453081370
123 175818665254462005056422115613144516013568008591396262199161071606761623274283639507670675706865897572083817150886842272228692946713232771984211477219414926543445503150304934994669817877047585040552735787400307848341395400030995382486328526128864
124 16666902458592768643576011526927737159447475938854865548606583200948949013019167200636757975704016836915426610894077250890527311606570673327655704674213307265043668403656614003024465887584238593659257466972949598112316487809582062175953857731660954
125 1579851667087068968898410278467993604877796562068206378043473294830920177538718652241738177366847726889094485018478633682261981330661221496960035214661926754727236059099648197229530720990950768470039660294012712843916014520908371879408361391736332508
126 149744090332005128785048428854686282275426005299627623519942700765146519186550049383757724899362534564610530649826220704472109997994227828530870331661578697865648666915463397611275741858825915540459720805084021457852193058009805798192072721480732121906
127 14192388024628324638034638151352028668802229723662652139807697138452245235367102502622482883793541179288985027399604143526019526978086755964664430314198107506038918199838128834098091249405703473456078372718053067901642013639603972729077828497882918774216
128 1345036596346415009681521423045893258566756109130387963486823127393459688356370705450169293591472931009196551824847395728847050610220621067276845360531440284907058941710811917907435491227367087037316676830860961910160950170037911231415999983370175116139970
129 127463544206686968421081630190465666381623559493830155428418669343679891698382308728014116583085069785755903783633880470294410890570728423373585140639990279041921177515174594571251466154649268503015661383110604092925611596363289127752106061829997006162499572
130 12078459810728499138443556635394402655617305857763496460946886019631378356878426289684070900660569796024684833513158790843257124812091374167233001794800865187165127573834070565138053715881022119779528619752011275112357369342757435573145838322683243473133776458
131 1144487915517807793677019336571155672749345708061819363967527884478133850912024587386041973337523834535886539753008180377108667917818903233041955341430972565949839760309952692810294022253791829766898585973124309433264933730052680532412293954906383089835153951536
132 108438960138729920076884139843302023676783740953447951415821901351601131591647853801339924487977238450305785397744394955733686913615153698478452514178999527699592852564589759330742701419848102803968451751481125977643939212511681255094818490229270167690580717879018
133 10273876579086719569845119872725398096120646637377014020135303462104070298602491721856949836423483201750591086157126742658437481150699833755483767188683707519376938394101835180954790112242153123916427753626141332733956081245083382869673276743958395037229906588609420
134 973326592749452997379454256714961533011972095943902795995867656417672810692011454859975585350011320865675252804397445755762479964307371455061589155977633214030034866539398996116114853869352091521921424764913290437561377703670034474977460824635229243911688987188814946
135 92205844251164648302915347031643697334874252318215647496239424217858732037050841091378625200922939436353813476036276013294607310783999379489342298024534333429127338918431237381517975096610234350193295436619071428583650679887156695372593578699885486551570091073144615192
136 8734424280317044099822155740555452756554005919040906746171224472732655064029859573971962345626827625013631398120976090090295021487931041051205076480640824251475203605267544886691619586902519994832441813926032449260298851057373415282034677951782987260944319847801199858194
137 827344623999933807681138581805666100131605389262320157905142496742002510415684406015791640154168076034260351168058579960688396190684058414966917300284603712425633788350479435996438162414399807675300393804975047527117467869615065359723848705641177841660876415312224060805540
138 78363764241837746355653534711435502540371956292657559630432792461843474885746091950943112738427505386367319875282299066176625139953582548628135338750590519605890631168668046617134378215784372397369169711696514753620919529315388909156035928923588438289721566118092632133630842
139 7422003294225822593042757502174464125345590782943326927170926846952389140724259913140598627346998759571778909057418528993197006301837068709074593477762503897188956865185765670039161319879887003825543445611079504229565143247320442742657627006365369598024574474585619513983799680
140 702917474999999958221311298976660773605801048606378643596016715581105773107995001507892858600446992915442348981599380515392182751466233921268324396854646572537294988420190579189407245912406638842018311149192467829197992973975561684795313060355812696134132347646211956907091761466
141 66567953514591300249747785818790407903102336106947899965822470606801335092740928829222025865851726381661275959432387074705448313776852252182067355704339445431429731468144364812636288281004119650245584621773489808085533444179358584649083050127835096756016610980645273158681294209084
142 6303823660066188441411660491295356130309878818436638331463023769900429544354050055138890092695708660311731254498078037532041755913267032825027702680641600253996450657315440038646154596772083348295487230979480453504576171332854621920155109733835665341306792905051288049666422428307858
143 596926969569028686157396454528988772477057826317331288198591798964069507556749015898876430322988933849401246132857083869438750667358543927924426584725126520592383293740552853847302720435948105642483407469924680727930155619725857263042088610522717402603227759265698541663099951360353896
144 56521925046573928220015223926571198393166402806874672062301258395263116871006657735065358584471659359051943948263075803769765411527099407321434074035021448954988128087329684655513028658671216138520936037568285275193860072020443398195264680448159805806982618200895508792833053789461411426
145 5351697834749286498217462735094769704587486094649748026489285557778912123528049854850726593052085036886196950336624739864025766122084611114825398437174351138434500715451315166682029170605333254372971209991977032641660536960114342094647464455188876045371575808377137019198716080681476271444
146 506693591305026364779011357746192285521504342207183809071822159440766197966643622491658841005840771603753914011502598295051837670838573605852986765901092908267344208153490394863096968104275223508321535412461212370742871571494416277571143616278271215087761736213078056345796866285725248693418
147 47970993226494307647572621889257391231324748665480786571742052156720102617669206445362070443576976850839069718347256758575855599940471228345881544337385279394615804083268725696830501704741800463714752849518732967440382201938901246624800517559838030261235490694463537350880317265290537171790288
148 4541420974316462474606472217131227931083457944359654617549011103949015563419202264843436611950031845623552629235569136970062967627803341888798889084988555291867897295437109682034182382103075065852327116868588999282414916358705044847964396537011197949964417802349647161511821344108598624324660106
149 429917216937981123225134070277819789038148703996509930223535825251843506996614587622467300943897395657731621072649365466637772158759334878594358511886593139116415612499908164642885821947804531361582928557815987208088661494110804533950187146762656078991765297697353371693164445023730164757193084652
150 40696607501480524901155682903120373494400250257541672154163126043906652235990854153940309913406300908306431659290583976504411527169603089113678858910894220519691310387120545779043428658403591926956695735634159617795884939558858764034894639519209196202033309641524815642688568798165787304349120336578
151 3852229334326849941674283958099015715033751329740379805814124850363667164551063646857157999430543602915843025051288551384765828240781713556681912145408146584648092832656884614315056942988235264791763891213370978088107107691503499921672949667587935766591374370465073426591023901379010691092063803168184
152 364625362999552394317357748974080264309365065649032632235909268567778247594879585053979562837394288912320449868649578281542252033676413364381543753707819563393277498850287891736426747550073681965471315689233622795389675277864530470573531169095032082594055058561096362055120254562966376902559235617004210
153 34511408278180392336178280714076481993668270070790682585065348320024449992160156736665550370531044884078409993843777288181294194274231175311882287557159714305499809666242590893334728135109151827970780632582432445794490126319461842025060562914526250485737834015057208380859252940976036390088149298635938564
154 3266328067273077452552902634890618047398522432804149230169549289732730173912440631729133948033298650469534047440114545016915528849136556597214286961131457436024864846187319276701527358773410975129535665374311314147339938369930108352047678968987288869010556894880146529634526195768149306855783734964390271450
155 309128097379644791211380720815806011794459357030322706262593181000933688879046678543895176272520053313448579034455874138981461958189057448951967805602248000638741456701338302548277985277767917073869243326087675293511216493407030298963086205451499721263511976745224613867928999727772747324461961880570286908448
156 29254922638361755155992223028692170254248994736931339034134675514133443780487531050138346507160967873846369566892259437285946428049232785681931897346109747107309583217242570940638332120481956434329838617640031191694400921846922238668840012171514370067172398906585799377310285548821927557072409576602950606947802
157 2768480414925979825746832276944799553600809775617799889918831749044134578766836973456583509189393646811788148903773229320769074184103130014837852727452443043572798159949962230316041743635826569718975860661927340005520759666708074068519010995915069407412146406173468240922955013218843163554377709249499837779429276
158 261978839798634644626299014232909786381538362269880055810443591603443839318832515647278959509017073501152969885420583052965760349539139833847119347070237298674936999710985811377726921192839918929549105050408407399840983559617508261843374109854253857173991429457243033308827348628644812486714121373981260539968116722
159 24789824691638407791435823027967579003148734931551372074037554381483275415656919280548806869143842915534639670336382290291489615819397544672667330497545080764951349559858663032359185683350856079695410278268812531979889006257182162752210619428268032270110294449819203628200393334073990060338644780098837244990384885512
160 2345651018618599232890020722080933844226396070918862853284120412196977386400852866257396003330780446779936535680361093566701492168704576458226004742073017561168201844594741049820779591153437717822872044458107434528126523243327805536492857703301262667149629060859809855345068082075291041549679811902753524692931183120130
161 221940347376695073133985571159821194144208848777712018354280286110305158423676680755101032897350572829266535357206000529825542978727565267608659748535493066793037646614384866486545147448363516292819116984233433749487526393066149741989619603759945521727987635008642439148502112390996563083749097964392511223141653407632052
162 20998692545807886191737641097728196717626190586164917188255826858253846129923504032059246290810441716878979895097706972120250713939544280428375260428527033363213892735105330304685391756574709025666151516112652845461230931038698409017951770182448573391115521899390179667274282497177856472165726110876681138241063042091731722
163 1986696778637564521643666428405271008654399931569788029147985555461128941594197662522434340174269348937948047263314961215474480270811977544295160093307395523800413001933266258480551449988349285819081519093091664594143333795146596914638070553303993997077826280204933716748883610893878214072144892130065030396373311664819196016
164 187955251370456231297485295023069317841628339036718730151199441084972246828066713212958560570808464902969359829400626278730752207971858761094013519074971584348292862621506577724399438363850937172151264320881280964334377929238315239668353406072160083799802005552871876047287474376126261073703392020180533500676416464556550797354
165 17781200757283974779827410536709864809594509921581575692525638696314032353212052118003980358163473834908842647195574837206723670203721891689852913859184573162609049163679722836916678100083187120572978579786084522157003671795167621967305763962312228115347855018571286919626465638927179292609675111047597502185966438059171886144076
166 1682099370185453135816758353614662429426556850215727587303840017129426320670495123297371018918164704268494324185923902879146559163366544868358610748469688768716349901272657603529007859062932508771105703399794141127168730237123081045048898629319829328536284658451657365675879699559470559818592674430449586691655921947147126185578786
167 159120577483119865772320857361446431140042704408150268448104259383002882272446550759808877593648786681880223459698480913647601987843492895938923820896054514792788846524369363375568397811464476377100593342810707786959503715887726921508852904079901947889500298427723477996396781457080827375531255300836377270559665923033534586998219352
168 15051693619660401832449467216191401788446089990799904168060291562779401878803445672712415785459161289641030029188821743059507659580656296352662684357960548376217650157483353790168778964527290452607789130021707335267245694906846909258360012795697961891374140564296360133256694370497526953317039973962056480460528440653804899365688861522
169 1423734158412533476138907889939989431286352784602689437980766227388245015310211087712581450584087760019353374478156342073238727793453168452373017413087106067575810502308030480992246301278635980297139971328147066453173189603975877180300191096836215619303976271308286251320967192620817940373202338762860493394135598396914475174141249760356
170 134665744147346546323726472779965651838761481457431980486963908421618353495489463775298077383753166173380263343122603010307001020719923162245023506586273162095539890971973942918159415289125408141462475687491394229503015007265263475466218740152467238410033886940402858500706135992950909092162173940327110391834247211174167980971198111066170
171 12737090692125054318637053593239034909211826153512409748505257471548319051912568523335406063828752398745269181728060979936513575581884899761197910957134371166976369125658197651105916598908378650409951549914638533901414074002335322349771381139855440283688724171335746408716246139571430730943822772800088262130514556103675767078366970786381504
172 1204670843468870261750085462223769986563612429572119144009275193292813029458461132995569050963321106449911532274619363827670483233920892071285063737931688836367602215791951232832528222393126509910839441698808580263695460114939743972941278816700475552207132037619883741940718905663622029167497887522380004892964896064299351442057096282448155258
173 113933590408477553462359889305169001557019737208801784073059742949448568938955799418335145759974539520339249630683399896187343224220990438625919402778201546348738414909433593205749241702854263230970791202993860769674850687206417833891798501128024925649202271445884354409294611481658587885999901731983445157888310598798711152252475128320887027452
174 10775081528893957235923262978397288361073651194722297153171135103981762049004364252259200400158146852352014929116333800912315132419354986174995187250168542588500898040356184772099787773078303930907119549985365925859819617874711008566299766364295540082860181486801838780406935257492790022588132664194794460879226981785430688525841628167256519011922
175 1019001706045675599437253889358234697945872964322550832644265728463141099528387755441389741534574281691702668817196452285850037746242723070834905812100216097695590280214196702557142208875350061744276293626992314836326825417918075685299494597296864955482224174909253077472263242514661207593677289987919627890712331621825743061714401854704609131782056
176 96364037342666844266708960546989138854947131327201207301581081396388494457423876129457517253465993935702175624925990930640935503329827921529978855575999876477988065617863721930604480858296886856076227905991280841941168947683175554694917909393601320212762303316374611673853499220756131266526597697433975492027572921069144253229363764665053166402774946
177 9112571637461742711733840631010431412833216433511885953398760679563634718209465601688654659565027728230718808760075331223626356845637792792564480506184971174459868946344683503763679310672662186304847361724566100044784020816317508374746296117605711035122970350614562082460085050009099690426980277105905058767929273322508769692336786805865785424380309524
178 861693814224364956434060152640964118264204859441566761029676817321085614749373872951275564157970292149905254877287881887884347178758265030608316401275485764792929548585200912260428667650017061545034465404496126044156717856735042303991580709734105149969894494976639056865647724672216879422622744647255423567670571857839360968190803610694787545333495144810
179 81480034362286645750090228702874169135958740872633741215251303834279447440600093046819544756867625805079771139493812174371314656552614387395229030087708302416259438837712987908388525325846936560732200172019971533452582961419919427845881483184782091338054920144611987895581468616852659223063363229604186742723281563915589389071088019903867200487575487774480
180 7704346275354764832948272104593444343847054121119837140264079738460634438642112730361878720782896641065064076106869376805049571793404243619016653562200381934817800716768104799100411421039554648664111430668221426237786922893984893462653846120748526692408689299745690100131335271462117736958115767389754330996959696341160075627432032279410831198697626620683466
181 728461994870384756367917465130059436389303242814700158799961890173191419968203907078858400093559153007959127682623145182740106768990875235963223055529452359248827803246808542020165925520208230410871224774248574132743755859480580605615874286392507210620496093998217623623262372526584470750238528953540692107471192907335437441765231464671842081816705077001293228
182 68875484450748945751283161592452902030060039119233225347624403851752093565080339981884032076295335993779166316588338538754116285342842320964103124896335443894668560409791562501103063746725084927565063390396149138092262884836260071400309490819520291169454684036924112029149805075419895136385497724042289599797926202586897990436887201703381394309338586948298481538
183 6511922811602245643153017618910166062170621890614735172212706601883489119909254419764511383202737272786126236963622422304734591205528513341659394933226992592348155955542551333494751204072249649924182154122198970887148470430730974300251701017863003383868446818771705053251753172803399062254097621488211533034148227707394799909024151746791387270308962639719503042296
184 615659769515286010732108567543715127534698947897249319865338991934075766014658428031149574910764242255918893448566524357106442000837671539874943477030455699899962157378816202806390025209898451064783989414331569313291046934796709852145846054012769550789907958456830165549018392435307184256117040171073659537251195400435240071809359623472334289752732463034002839923698
185 58204880576582718657774607465962106733302027620518939743531549326389855690320301343590110247927628091947028104517132765488408204186061346916785094262864641684593660428652771307346391471186876702543485775536452026749697414439155261455114518504178538027329237321237302149079453972497581185446273871081095159581181226995897126776379958621197643177221373283819334494963140
186 5502566056941433097827836928515198551251914494416850194340304205345592935143833867444519636151223849385748590479591174694429920599644128074389624315153027304228056217124690247133273271255621281904104659925419124184917463757408071693667497764355487496251153189858527831742955177871335993753652309650592261858469200773567238238174221915707717922090087152201864047841814170
187 520185808498636257529370741043016708275403803093474730476336835316605540432832325414239852852669841760562272712557626715861476613598739721223475369761247538416841376103337484153482349168204819317389952602012500050454405595272825553036258344215454245656529268938927990429794345423683818014693911744075426723152418315123105993199295348621946199528769886072562965785644573024
188 49174419559700257227090657146216242022652613996318243545094421297510097492857142534610021188545789142631099943734366597175142376281681480765423362130715569093416794719916986211918468828283324209897422158721391581798572686359869120709173866882450258258656264825117376708902335449447422052473866230659690024784318143557649677964408343463046040165258927706102447253058546958106
189 4648444236731728902337725911878812488639784933608770334439364061039683041329029772123602966066735433293387924110451901458590788769085561287675531491574723145226775700205336656063575439342036735953517175463873679541500174887708405950574892328509098755134420137908612698139327304361923633690587584637229107256323132353713700356430684564802009141788404192874609394051873857375836
190 439403771269605471178085746607155524108716653225496379076522151258636281823348588301633184117133957663931335075306028395570629603150472422444508977666372706353649087813707230442130289902718586946000376561449078936637380556064649973909107691781934686839196583883309562316298803233155169442628727038783125662935845345394523964429997541682334883122258134401203149651585067435152562
191 41534389825915341121218889493972940510172171095013770600877835793968490837411918129143839809978705976972315804109493810448953529220162692563370572271448958886105101018028827433959241787058241965268970580844005779257881402816293686294719894528837617611969150349521956662032208513782290724384383529343447051446155511614101624831456464418743992333336793037085608201398068803954792520
192 3925906175619370581135060089511227154854727119806670147711627863693380606774886203636366425832842430591539425724788091374182287290561539799553928700638264656803962064636389684832464138698945083311833752969052636662086272405709650561800099386163486001203982944365050324450224092501216689355785565076551243077631769125051058176398934457040303321432535494223519501775996698782242652226
193 371073678502511603768364426208440939418468465830632110958968896325766272494557655492430946272599649364398720038977060117555961899942852565737435618706764627695778037526438941087156614924582849898361439833911469732394774662817950194615438339914860161018454633993954351399712439520897626123417399947758940075920542070993103289280736605373455069200983928838063787300678996525838909054324
194 35072656123117514545650583976258964825159633673505308524637208347513612309119009989470681674541915316753058611422765348545848999968013229534815909739775566374372486959099188983783578885457913934417417810588141246159273596969043831870181654555125413964382230973557117648790886747479793830093256564106961336012358376526163852391262465900201377909791165313853790266170095871712230155823050
195 3314862816605638451763706136776389720405435434814531760025818984756115722134019391504849617355857118594134491675821368143472312634656942210671149357604006014368604465212442008382814341378095343164900136438692227084251208830602807765979445935927854930342716888253484983359171096839747679619154728883438712476911001763589885799833844364540045387852472893214745206578472455701560602071381424
196 313293206394776108505304004511690673530173885446153344249815848227466454728195803570746130608600032295584958402690765306358025836634633751061696564637228179335812007100861305528314807525503246400697440873043396914925586115307309250204223073608319241451068359906737496196892629589158827566430389240808133983029802015431018608570890626265132015900516745239138132030419625565993884211641626986
197 29609087715320363301969688623687823824896465555943962443820789815627141550101632970445451331234089852332145924266460358539339277607537179635546928813056887699467981011558163317666866937782426708606545911860155750754942484697090324815168737336234903849587816863599920835574372812413633237515542601285848427252346227426247970667376224213585799372771796634331404205248189074597787913986147657996
198 2798258442150691481161438074466001290205018791532129759453580585488807278611139588415950685667699522051264660523741044331739072530861953573337340851436128162149254206930754720997881917839505234109348079708553937758090094442192153239062648120735452717544572009912088715896753460929461208863769588582697016977837704431685045486390062270872924329492465145465253429075696412044455580029592133271010
199 264447508433422801599720410814531684930690770514971360072729591142287793300847877519028643204153030373795851813605318095917137478924363463110367132307751438125802164187977965970539991687026267155972925112540083312139943011650555776543879615745547753244304297258481682510446280471710142016357575682189607767340160337873171702194670792635990400045059393524178977152924625011629641840855583775421336
200 24990797138907426540841930305634796474805446755563625388677981699351991805487140670170608300702565424206385179627955537561644441265596271507759012305549935237349619953162748432752277105996902098385302455396636380932638100728638460156521969854513312350883320753504236109835195228262466148436996997092302173238710545527906644581170251654100940155413932290552734485399782732139882672428687877746898066
201 2361618932756772559660276236550116381907806067639821547539466487077376085346508326373812881206237822699813694526035430423860562225133379079714628164152908079735253824486428643611176210676440068275749218408586544904612652973068277533512968596551495470092073262137627496883203334765343414727536082132534299761529576938872107049573521283115306115344111347480640219861753305446013796884742633116845860644
202 223166358126977519862820060872206074959015215190276923986348416901759496117405423032158703883356708871547506086576000940928154363207258708700351772158510639759674413766831084142910844511330767556361633089284502912530838147983814608239983709664075284008260464473806311596016617682561835822946683393173509994468482055412530405481403853249946158805507833241482935174617022060991094520059195197735672255738
203 21088074601612335892756976371371062232762204395790026866787407356813673174437384593716598003330518639366088052892336532413727103833928200890735163910460745260482158289090150930033009510857023705233935168793261730596044039111537879211072466759754204430617467205580600238427965069080944177177915816803642693341974202672501066733267677704199803951176608601451602048383425213056957034808386400797623067053056
204 1992666118749571170604854699942287220510099644835595946244949267755353185867408115941588030493936245255950670370461071636538451076966737946399129472210210535832005482426242301793860432237412047006993646673608881887079190064911295922630792131995992481476839687911220622393311508963573791226412055023170931362754637763322260336846585814562117000604982318187568004356542619971365839246162860096577063669795770
205 188287570598393115877442133510715656205724240039271964751828489237887543861817231094724638388082611651486136125450642001496348396897029402393664302753659868976174452708884288721066726556591576350823020874658707903587056009174368118958362149625871943110627434284062232137922291330520839971457675391220301790055572995055657952433380518664524420692247445186387761326700626948504042810939374713179312789273087420
206 17790918811537745018557918687380679814557731034377414114493965330140282091048525406952011008898708726558639787078458343040362412876116928077760784619041241923093174356326372479142113773673754126930435043793193729517970310557721061552223218157157486217538318157617840295862983105721563406718752974352659712090043616439124086791501058485167120688898451267180465503453286361025368109807315609024826628903528860434
207 1680988781235517513008651759534038648967619609069999237881748096695112974275111807847611944010497643947956845486698356004282457498073632570250584117012553822319636819856287575027669469739210178729615954275197685190733760755807927396992721504310711498008007268821489590072357943581933465132516834165627130762302278414856333917294151080777565788907336684726875423520198192445996072645967288876639425310784745289960
208 158825804199639202258168022345287068062233484446728691810227139780365034098134752811201749956917787344437998279116417804728867300932831469237060374000975176456020890991320212299938519088233247166838098879964345388826281610511607337491187145115620565326594307631107703800262896309861902205858574792584291010341928206419753846393761227113881868959464078077495297782153060232336961826148581602470494398200933399615714
209 15006078701176826567646650031766624647485756980274212966759835931964623658104428851994676901996679941039347243600113936166131265267072078999232165877756476174122540174244503339399350657638356432060064255596754501330000667214490033547575146085254415016335529918601765020358243598545145687506718420403471653704797166385186672944534185549885962891830723926616074075752184469983820135626405509183420724211056302326272724
210 1417762163734781244648751608641282964879689102900438094463201274287715661965911020394079197558562766124138710340403891382438540662841968152485706952922133267766119728249096546089298423826646871765598473740966859776795308463031346030230390807432264009513579810160800541661701080904609377024155972023661638206986817420965773738267556390991526167809193882344666580779983007812435888969281748057381815319782823027733257770
