1 0
2 1620
3 46872
4 1104264
5 23549400
6 474819408
7 9230973192
8 174918307032
9 3252108138552
10 59583135523968
11 1078987217468328
12 19354648265646120
13 344454190256524824
14 6089633274402902448
15 107049250394211722184
16 1872591570811010980728
17 32616696338206978903416
18 565973983135023167886048
19 9788072280309518346201960
20 168770746051719859491514056
21 2902204675881606638394813528
22 49785437546943152037540349968
23 852152044676632228589583518856
24 14556487286699466633985199393304
25 248195807520324868957704009138360
26 4224695079813261863184647223513408
27 71798694432697243282226992017228072
28 1218452905085439635327088148656909672
29 20649866961412442612638681247729705112
30 349528540763949604473416233140761939568
31 5909372731589893488650749084739558228808
32 99799048447148823825806981835838469298360
33 1683710840164067263902615172041857534484984
34 28378653921772623303646514735967164991135648
35 477885585971096637581543985724655645854764264
36 8040563342850929232101529573358374163523138568
37 135176155255042308165590843899923205982476393176
38 2270825396438805533567794646549615206049696752848
39 38120176562469180486653009461326241277529374021640
40 639484008625984801957634249423737239554030778353496
41 10720696438079695782495176074116403384158084593688888
42 179617496414962947228896395285092282314815733771386368
43 3007595465014958289385144120789887451076809442253332136
44 50332356191207625745300546706882305165531562343181810344
45 841866555919804179924283516648264369795051924739773975320
46 14074007009944499414303094557380944288690096832860036975408
47 235169207344173906535002596107703835279375542945496808970952
48 3927718819321899160371603196820136895907780905115671910520312
49 65570131213891149286684538982950571640102338619171055699799672
50 1094171528424690988779172962472566251895640955308301954380803168
51 18250969764665004371700652328203725955188088662017377226470557288
52 304308934304023496241442577161650167007281611584092382714432438600
53 5071989163875347205452449288363161031317968906491050986166683853144
54 84505124299624402335495897187341554829505331377952053375330933096848
55 1407455898026667290576538877196884550133745292777783776741238389054344
56 23433607597881202732877719511810885629954572761398837998364684752864408
57 390033044788412853502993383379648769630257281506893320044846694481770936
58 6489728837651262510217803105788640727825724668444877542314497628694227648
59 107949178460904480345236259414887483276757180060054582707535974913046369320
60 1795081943555865960378817476068751671301507751571441820659198125074694440936
61 29841842850335555192866145521990386322626211813381169021099532440371050532248
62 495960957089314038445609098524816490516996720922793815213783975419286299510768
63 8240502555826767868455057893206401277855483438026157116607546704495041874553416
64 136882506743676870094291580420370348124586521991836509248309528752192495138755384
65 2273179623522767694752017635181903486609068356457227659032906845738319783700460280
66 37741091844255288549541884707020564747321394811754703255375331456939270040489605408
67 626459878893240403122792862318433324810883826432081280530423105160283062967172601832
68 10396166169676145201693933203480186423905521380656024737901324302644444692313837538952
69 172487341213764397701246384448095295774743068237458419124737574230214746478745168822232
70 2861199217887702997487301717438019379669845157134739563566254727471817188884770334514768
71 47451341130366406460641715583541279175510578335620010650967775908472798518912039488853768
72 786793866853723984246478320194126296393202487925700169762110502455814782679033751681466840
73 13043314627497574858384099691497036508231592750450701753614624698495394093709455670823029304
74 216188134268081040451234288455703381490523763602982024170949597704244804950551150823339186048
75 3582571515354616762153013817587731101122559036694101184532073281071329309441401115916116992424
76 59357988888422848124775598601616042852924606218800684187292526837010552951094680468822194558248
77 983301857324306435644920046313857533675246775113474348905185213450740235388180400477562481436696
78 16286205426894451506375725030299073879087918313378510393534645512311597084428795295697711238710448
79 269699563864465914313418658351877849598246149995657335547611682422510944464585687266791310433645000
80 4465496079174235845036948512851044086734186104863378519321228338966549118506963447033171679502176376
81 73924788330456362283469951621315657642717856778269343160730799664447913993104099821817097393219743608
82 1223610194288622706345446752880606255303960661724665269558276274526974820701144106859634133552571123168
83 20250248212378074075125873143397202501943741410482507712507728638799257320521923618798718000425485582696
84 335083829819996849914453418083480533654570095763479204368894961040313539407662386557731182044298100628424
85 5543881987396613178985867651869166831563697639927879732798768957870005147939097971269866863247340010993240
86 91709293305114347223924361444266483086638348167400247644362916042864380900967320550464500877213305995803408
87 1516886219386410040520701000442654846876227971727530414723278079421755868231431864092722800796932066514520712
88 25086168208388268514488454205836816732040643881112124080764307595431731709334517287536164056469045903436365592
89 414819007697673685698933155048416269174251545246235586527226411237495567827454010878248449240989353941127172792
90 6858470024769649386944838404874059210555226474509222995029528260879344425904043452145112100565446858962805474368
91 113381281426607428812360636425915472312291804640306591047941071206744257887300385139807678348369060274565987518248
92 1874140720853163743732134937881568195892344232276561237254303772316177050463265875593267675592622974763605582783080
93 30974971378920781770520397854247696610509740964658772133623564303015632848310542200065139747903855415592622910413464
94 511880558057257595010519067642520949854097428937636432063543684083822234044036944907369126183829826327385769159803248
95 8458170735338496254425400301891516783066523225303929705515099546259298737974397515350402101070284887221942251180978504
96 139744719121351537757103303643834783036155957244833611450447788134162652157202471572784769640498106903591461299182620088
97 2308588498707124907522432780775842637731589781413270950611765626896417369849352241003915016627824841751650381345801790456
98 38133863153510892971161352023687943511367303841630531808540652066824474763847157873711416423745714860488904999788248601248
99 629838481534990862848757376041225942722970095935214431350730809936018394812260002934187467928411867022982840325358446248680
100 10401659183736413658543150827087854777771830176233594166245202428230523862578104205847078736341269621812462157173961303959816
101 171763938563939439461108122301418457460645880464312937329156577927429807021616729970927614348105171185319386547070202395722968
102 2836078034662557135383596934098658468092440058847446918593434499417429870378351033905292950448291954239430129334172689872623568
103 46823300944235734494597817874410869062952873034360080968078109522255720064057293037524245860158657465910715267413584409964819976
104 772973075629245134229640940313530079846113218605465864559241143196699151832237882100351236443822750908110319549744180924937829464
105 12759274904210610877534807093545936344160930753149894791759018943793152786435905596235618093813617620304349385628457283340767974200
106 210594821594255460629503216738108780913913514267028325597248838553758474445864552959306092416722644709915547768462553966209809969408
107 3475603306724864090978607905965857888871584092964823811541902476526960482432589045935141914131807801671949971069501930504918081127592
108 57355394314225537227388092937203851512234327109495263262074507801626424853766403458537270711043210701365937081902321070462689545400232
109 946412800554567486198211809582491119900407606149631335849176690995588261156140435440647858294396519630012687613034285901398304405251352
110 15615284558381532096815225054303357011487034960458663672964531730704904467950796462077858368988267436795739474666503602424855733816081968
111 257621933954933441965121859104252242360083564598609286607856727786836928895375174785449519524027656218810664484966558789717896309180950728
112 4249913218993353958094127816389371535411686479211179061029596633580001677473478024737788287301233449247470964262020288549040650951342787320
113 70103906507938470929238440992207254651467126670010875705583110739965084567058740605363906008721931007953703058221310672386939038735744405624
114 1156298414867432325984523709109024759379826247282239701097050054922624029858308507712818817940485707354049157407279129151830514717451185348448
115 19070575534235215292265641235114018327158829360097398100167026490790820617890394466460458490084378295024298713507536314415598739501443563412584
116 314502728801648370007182267887170900404054463170725346241664240601083899933916515265510861440569138996273765225963897682777474169963034891449928
117 5186236996325287015331691478835706464356194753045195043913739213775446214431315488831887306166387828190008165899283567786301928333247783609232216
118 85516158255525519787665481473325179128500912834838758912808129007716434267329671346861758131538228896351327230739273928677261713317274250482300048
119 1409978315418704964259497465965741400931633397001545627593575101023140007074155668980596774085443332540130079634174587383610026181561728369834580360
120 23245861405616509550771525021988331819925122836795062529601212156307771658994401829703776336958063515296285536015215547247496710572306347864042191256
121 383220146427973538337118903560530540065534219358531330311508634948990930867291634552461550583852568611000083310167762207663375963562148136525712870328
122 6317147303302709891279667470792156600548405961027499149798570535227202630417810932097866208381704011577573386405496730859190999751375240469195330411968
123 104127190663442569959041832071320726522658738330415800551254937224746007814590454790477932932260023029280845132307944434156034970412939931426552030665256
124 1716240932598804023422958783127917150855390973295042993700025187283444506290924389975350733010938981065028773523536208096748437363421193295110144360758504
125 28285495194839894703584780770560132257254348097930734998633661236613037840721942752722349224170902390008858657687931019117709576947971592289259145873803160
126 466145183432646790964619470904928342256043249331555319587818924787199827766227857574167201336264031357758965754782544900869951199176391319906259861026503408
127 7681586884418192154038228262926032988971835200718082346952516977702133716209250577654753740747919158262836426329558393982363754707831192304122501744958822472
128 126576610191034280079559127419358471181279365310179641762359657988173520623994535107890025323346428450121426931930311265716137714148741341816868429900843042872
129 2085591116866651846216375124248716504952039063881912241122252325854507525739593726825899924752186033018444457149112264571156240713798878686618972484411673457912
130 34362004167920591856828104585710703375525774498836208307487459517389285428469251348258820465086588177489771797455478149839047984900347735158902151193713228737568
131 566111296136491367133059571567513838586300191030911801687422366140770237262732764250886154324078349295804199129074791867371611147567109967234796653957608123551208
132 9326089302204827099253439059912892430480293429334835860043014553551781467980995589771190318262495521311606921324081690836674664600282592575596810560700724007879560
133 153628617066803064885772468296077385860570107581668310374802558232007432612210804828579377569868042823853474074741691465025000653672584381118639705008403341963405784
134 2530578736977741189759715109332352900604098452723885893780648777010346060684794803514328314095982267337069288343313667728489540367749095115916817667784224788046221648
135 41681480946806714038362093258610066420549476006241196606959668201809358741149924229431515568894133966796121846468844544668107075615628784927525560651321636521086694664
136 686502848195080795765478128091443715186085931754450712343799546547198079551455593039554415007805904140997610834109505758067173268029624312034070823394559165464335447768
137 11306230007630635743201056316420575244826219700421634217437588641718116212309048862994738810291890870260022097731933161359962370827283600969457546144139691809434910161976
138 186195811238001698673840417305240683769637129918027192847195667040729463990834055838104516089546566706900805546621641866052585057037313733561644374819155471422148538206848
139 3066189230519077280278334509901043725902920587946377468379335068021570286218922081630942625471205167653395951640387024107605528239031094688849195757629491503038413189040040
140 50489990641804904033586757799238732337182734961616143855466806597697894473717306199415478390177811242087703983128325445650174320176740881531109370814870072718957959499270696
141 831360220816540250918092151596023181017883452493165555852378568048747165143387881975975334664622125736861700554623077549903085959116097146650125134136516112627216686145585688
142 13688350672465235186452834488752887736298303818036694708998283600669368373052296244395359256167915852847639292094892783852985440443129466386440142188066393969100283345910888368
143 225367479694882211248586631014949383037537381680982412064804311650045461695481672839637144540102131134071214328623507097441634372532314537298165062791528903691634426508241518536
144 3710307646279702053321848104705275721106163399333834985749480684482275855471605346906765546159777610270903700153969865340097163396512387372567311412462596991040466516000919815544
145 61081183194064748825933651190293365152352666374870857293415222521387835651303022338852522203618093080379347401535145031781782587903757256821428694097470580773879215803943070880120
146 1005504687315801934460654948276196868059291096057727392033774354214618029302695045105896510477088275016846199080549484104871887624671947167999090850976344938431149981900444579805408
147 16551607635498695848209274691775825123225997641284053484058175520765536168646873437419301616705108099809650330423588778198413627624403838197912288628443157955495187731153910074005352
148 272443198863072952371342200144162293237124279374665078821915837726235084149296454112535596739810832233020785519681407962560278915678936668857013169597951470976594162834440705847693512
149 4484269846374605533146864349705320152514612800663400790704908786373607349918573869264693391015951312121478415058989106314936244987016362847113923793126690474751128733749845035442192472
150 73805335003895735951157362478010933149853529718561045388404454750894647401197695932279869124225320372819065257726043335986325829378485682911049685761020195134513055001452010958745841168
151 1214686725539273963143750382309603748255856478489110516721128634098246154100068713641527115820600042565302476820091210228763776824035035472671464236033911793026236853113896136757709719688
152 19990404686646210879577574430466079083040539034572598171247741626351405797725761314570429166628613010109487364896328852166076388958043648731593902605837427307214751906049942880758464459800
153 328972739371197601507315927201440078779220134530487475785437326372116799984174953663520271525139635170100782564205072275581162546564681100941561256703850997610466654755252921633954045813944
154 5413517053817180242450381898894129815701050361955691439708887599465466471719754224304039881905474131123930857276816666552569336193533158829948218072837266932418065554832875298835214212822848
155 89080085187607781614265936195753651322929486746666629838387746298652587576943509495652556994624081040959731265773267827771474117128241147429757471492891190115790576663258420576833939413224744
156 1465762118063224987401228374745140362212329903868177712368604831741634181217975220019184837506161162410672605880598848361537679443171603479940708128728083628884846014433071709274441258369013608
157 24117281498669054240414635503625417203007900022762618275908660777563312683085598896136808093524193274714892716023023604317937970963371149409540438220558856857137948068859873966433331918550979736
158 396803442194308946749582714054830690842265092561177347800744271936221526157592317493929863114407554628725405949339302053461573920926059985840560114596895104337310007750468375393692871352854721648
159 6528372909153908195065439598369069187840526194319663575803419245186193435267247142478078560773434603576199296342705319853405327916560175799479953582522355473826674904629259467675388864792940027720
160 107403180612730142856881089852895187821153628329588214672108263388263115391902299308156331650961114454710466609774557721455591602348440312422743135377718883517938146415386383156810224708647297598136
161 1766900989998446400812315195299871110915500629265213329881391025912254704056673686245730337309266846419627401727118484456230956802391937533332799871329824072306301920395306127625010670605922508269048
162 29066342126670023972765456557469742673518931353364949438807334304157186254412062989398816269931680534577754978789523841414637310544940706251600636753766521622743878800864516518144595075307038420452768
163 478136450045508623295187006115362527444847873999588251016426766538477440172030825978132753308568000722151545641239109093553344061745224652974910013198405236726013743231977712687435569156385794995779816
164 7864965721368851004368293696758202385312613029006743696870936381590439203247739972055230491165329506209458165422401429625702846570653450838635021511461075280936457127511831295619219269180180895005400584
165 129367601577490772427013730768175234335904573989134804540181586871462090291922196882676628929788295899136879166342416027848573519544567955381100997242063147899875017743210483135039162183699405547941605080
166 2127835880146134062088055042393444868711793771215300577876399445499118714749300947270954814967032000613976582442406087762575550528526538564549793438017340964036224915331757267307804918273178383141244275408
167 34997323498056661647622581441584650130669212559906719725729315250654960452299636460802232863603930379738561503067296779992941807684771586632870918320642932554648312554135087264828914352124177081356193076232
168 575593431957244282262000986074054842566639957656551405547013948441793423692131927450792883323898095842439417494285080642364023062716059228352596378610020943440522073953903359084242312364532416421572917752152
169 9466322762147427593880996205223405249563065239174303432552888863352835728860996045265196594876185203672957234856579816308694651970914277918737839099521116840425934246645125562545136451349840576192824061855032
170 155679508240953598074906447687365317111800021565111869727269725797571936099952995302486611802421241104442653494378011336473628613980545752350874509659522578515152040763991504291327633139644560417355355909792768
171 2560156059614960036227163647763770328719478298822136580188359025432913535747877124281519566857228356683579393490530276580127027497451861114651939948677022320056319158303066278259556463472591420893365528673856168
172 42100422143968569771346583686300805887985029489330427091670603370867584363722668230680908223821522009230511241711463429361309202726629376698383410345801089144425885785948263893243647343225948222888932829438928040
173 692295739365015040687478974770635053517236411063058418161517127231447425224133148643116958139831180845946067334517219242682443515624148022485659610534429824358100524012373892610734016102195057871934249224310030104
174 11383668375158508073396430723583452744303000342037351816075033848758522433911695591180951463410648068896225650751080575009587283399734815567472714981098935715655830421510646998180236921876171631701715601959995552048
175 187179528582208749213743730629568843318877597915296420879794257208762378920076942192036657535242744041446237523680337708323458495489166755327685817171080321533308801415244737715012679656656549392487394703582045402824
176 3077656634069440452135841393119677206659472100716123066299397242496328589420852580787863319316263833686821789622526780409903453400909201969534942790600870669971000190219857131667785755908564781343331770001443686547448
177 50602019089081922956775318465046679778653714602593719672601258420197208620135383809040275507014953757189343291902983707091660349279478474212584134676511548753025691800655674198283459492817295086825136019518553218085496
178 831958287065117087386816326316891066569605409547002280773714463794659372979784703312326301058420190891258116404812040973664679716534610132798643478576355590253549887518834898765100457918207572667912684620175113710244448
179 13677963490650314209563536022103803998268235736927476601232089119974436183545406857094331119483690837805096898592238698140339213230075243278148443752773764557298114518692199226779312308043957416183550400650782929357943400
180 224868004021148059536449306620393248835542297152921337318327303599350322858359820534329373934367016721318268943396519785381236985403016396514297545809214301616422378482366619902592976807461071612931562987642973754899573576
181 3696752528406864459201654683997918133881147489080977383464777383646359890973061784076991102256547989534442912180088513080608557163387049556753907537580272570218013098645176543879896115754216627263069821401732293109455320408
182 60771468424294789081472498633016288658673804075844662892117817831223379322074084481176180308711554477768466196451850028750408641145872991840286275268820742441239741929059360263725848263527866799837885403477771822029505505168
183 999000872060689476165441388512281901858592764838217822597671537035824766647370830901786238538741950788006804042100818310990931536858130058859455859502987923151113984558993977216528060516197436340095153017259528531948531849096
184 16421731012481446188101222311481701101662006618268789402118343205667589644223417723533017668496953726409402215836140120118827664774206104419418074106126432303025017812908811334848908279390033498398581583091237339458062847913624
185 269934921525597371577540420762356031013915754191011061352933210623762393739873512041424558644768484220892248102158848704632857371960725985792061013894819870906975652707550849142566171426682837613960615863138973804749603908378040
186 4436969299365197987281608691835203234247107613422252779021444695512957118774446974045562220934423376321016295763366184689190145660366989024133986888863657882170885785317357756781703973188781584933409002938156308730632447634313408
187 72929145348871044152537415172431496673996275306389121359548582468094052321507132205528447791801050652004798858511174538666413258242215938922190289456426986557878246767374516276333620126960829068877103241722195513760864445922435112
188 1198680139214094421201142358609766959760873743405341622634549682476853466542033985393610702114006474618983410047803720372813514235026481358144330905923307581995697153221650255787995687196290791115184266236273524312963742030251618792
189 19701219671024956433339678656500564805699906712218393178416980329721044552395922168974319986299659236612586183819228088617597769403113048068423805975555823808546035970416509226480621854044719004045784821026516591247600230381722845592
190 323795394193836165969734694890783973824944604780268424752726100869665466650282712263985110502262711704488017230283772592255345388497086134718475217590664815451438851137602211481342433552363269183640690107455263184924242993418102992368
191 5321524903687441229328361080819000484955667028762745057386192441421662963940997396055930387274777757326351419005158165787427397722705533140642922094047551653120521435174267151979137145938414111654505880038808588268348947751087590360648
192 87455985226226996339411819115459704230049584793851141635893179924409549435888734595118218996878852297442375435885868718459389741147992211951982285314262728786326769674806245462971212957154963153355564336730550421227715123518091497684280
193 1437245988566550643615382497300220279783033839559537167432757525806303371427675598774525445635959594631836456727773096879960441285869326414012814676705429716490575108880467567552610297374156636807946467117548354019488705818394304914454264
194 23618968536898904863771332655144848827688998907140179003346290643127981960392973250654148452949273701601536342147109979026551847935610097207107176354394783868798232895130147306444674879457528546410975149256979746412542496844211731544809248
195 388131709635308927594881304558041073196892684459196663354137754994554365925456523611508861468424057934844206413424032715814311975079354211316812492082462493668483753065538192333336831268005339255056814551571796600070511804187617160325628904
196 6378019127580103100172883791685369765787097798369244861976135503620412307776828755756048449157868669106320237798292257568843286391764233815026197832771001624803289866739059964882670016015160705477224477074226762308465378874076758922822449288
197 104804787442937657083748804878002718376461961284417827679470921011200896067874463770196597781017057681926503084076681217888865618019530800992680833489738707543381829663525364358893169433286724717647080144727115891710884217874808389397437879256
198 1722126911422597659126142228875843418437102047546501204920756388010582950934256689501950945460047883411366109779428967108037554935248300986192567835584954603791514594458701695756110065549967994610485655736437904009125712622563020673021223175248
199 28296845733466801356035446570140702987417576639208256152562859112275058150376113261818009207908243207177803630943011270034447815000518178775854595008662432706520666882186262263213297019588826176113813085712967310504188365215941009799638553187080
200 464943151337592441192972120067276503080470417112362715032282145814649728365995719415395807824511149335958594761691835242422216199430184475263706450392670700749237031173410079922313782174789484648593758474180940799721369975020166335624537607597016
201 7639250428759740343022154886620024202677513466863195490298037412616539415408292104094464600297890551407023076881760864075350029470815880136875906909436302020993947872765503799365975748085548021220581294621323800631199075123400807156525877481139768
202 125513607764243366802417610914216626583701904239250956970430563386529463183286642772221292963905282892030421183071280622528727236197469611629047894887555800557144599706133779950177637734263715941884068179408402194215907300372852402223472575652445568
203 2062149560002021909875678505925189596917558294201980295879002061384999794154108377156158324280847283537759574790667504430331151051851264884535356074205447663806698121658896454540662628403771746682492888589261203641151030714254362056961345084928126376
204 33879648284618158827998427161998559594649658944550542514132479930516252166063599655448046981339786262273558100410884296165576975620250453658068853917535851910000397227404357287017069238917829396855146385841276130038352768480374709307608654456517754664
205 556605017749768137696823669488499041168157030398679639329337736632964336768358592861816076817370805023652821910817999082482588726828953891219766162675356625809322373114609984358078886621766105428844468510151227587143327825502794024086631097182233599000
206 9144183539667820802102443703753330322700429987086272845477027228009012626146046053280853575109206382082508756488203553751243534048599142722052345264238953457769407441233788210628232322972828172280905134523414980722277860664802375266988164028896204319408
207 150221621822036569234803727839110390765498690542034802458724293750776067498293583674492913914426800033260420294863107207009578098194308435967629471451066596633380114021441501262882992728116006920421040717261924259004704855465062156014298141870201708481992
208 2467798821252168221313912235530939323648139356571581016859071984978426644765147792254445849945172507067979939704646476590643126291875208347447754977970636076009119149074145230180133154449632756859504746648167113527053698943613462393920165821766825887693432
209 40539365858965773643807622180921209214627743283974981026261391677049334968300169241794454893379165128396794562042566165928610933303438971051490909062689652989647474289443032271248624618541250123622429661421867833421181321185687523123674613322910748455564152
210 665938523100049967451912115482047589406418195185313627658208150728466554541461122991185214950942975130379166668303053636695545235718413227234581031136733605752793608874103972378834441453805389346571145312291093948742261921086261531626726821317697486547839968
