1 756
2 68052
3 5877228
4 463790340
5 34838403756
6 2532677348772
7 179867149105740
8 12551707872624132
9 864008559706781292
10 58827234014669683044
11 3969574872302454754188
12 265864675607662372035012
13 17693990693350689189889452
14 1171199136157804759932144420
15 77159394397766283349870960332
16 5062380597820541411127372800388
17 330931941914078596164204062247660
18 21563319309436835333321321436887268
19 1400983865841658935966190303469271564
20 90785553841692921774527058458805061956
21 5869134772575256025000326196121090546732
22 378615277876574133950167029238944628398756
23 24376413373848623187061651984945384318191948
24 1566606464458345736428264318615114021165094148
25 100514982769674189261812059492064743804345887084
26 6439284889032236141448805769689140592385621921892
27 411935746946117997314317212050970887493755908596876
28 26317833683844872725804608817860781208534254196434116
29 1679341044711817836846817494790064641101827366069945004
30 107036314275353300968863399363530118369147710689891871268
31 6814889594730549685715951551740505727042437890029347867596
32 433461874656044427232652964886019595132208949292510631999620
33 27544426040697618053350626451518663544456547290139937289422828
34 1748764431927059716070535756427275417986369684515974877034555364
35 110934242989034317932147332784812071505963948471550756862390435596
36 7031642847177720633323660490835290894879996618892863211963837911108
37 445372461777165009585167651613371815973867267605966867029767029979436
38 28189173619302551555530835313744092609416219636526864990862827716479396
39 1782992426272504045327912664203875209865112823385626140311332569328041548
40 112704014421983265321010681441743356550364959924102962444851975418814393348
41 7119762482499108282034808402489766130044009131437614022731896816909630805612
42 449511074828088628380970858917098989713648966765872497088257369619408330575716
43 28364538443490477907972889871267769481366958812966872355665492749494928238872972
44 1788884703248268872355314514197720623496173340106696273382559272571906348377770948
45 112763989169490630246101536958898253520647345812051670553746268623888144791921450924
46 7104760611364006250569322789280635788102593528698992045539677623220911408144671193380
47 447433282818008800425047227997222313502512194994586734480088577072846611771480257503436
48 28165357613702734378464260898872903641224289506380737736560784530597493230947864993869700
49 1772222384709982125424240651456404598833626053152347919139019013863213327993139961786504428
50 111466529654411664016219365067799820882226835707329091987397402731971599896916408249937004260
51 7008111055908256179262670702693198416844988834249037539974709099582321256051835622831481046028
52 440447574705305420205686744020333683480645211349733396992016779721107797229174685822825251280708
53 27671351685700031320369025470829651570091435587772288784325434702181431059753492522827873954395692
54 1737861805971243358163017513974866223514736225090293965308763481440605186764294445834353729922922660
55 109107425954151838152406722429031786017343327838488478217878171172066391558997946322648725398520640332
56 6847827127785562916215525721025641053969819457732951010366075324094423037896297195132365622878928339716
57 429650774458227016089787561177501842121077146830711710950884428970522802971743439430155088557494362063724
58 26949295372250869627445497518403965791120594306963439944983636816572361500545219131624546924831708373143140
59 1689867560426512862509952449015820977508656191054822615023743755022896733693140219977868857625857919920713356
60 105934049963154055347838293702420936158066880637949226775653660805867230942712642082590135922817509255287616196
61 6638961370416537871544457314179512686794001731508465565127088032150011301455371000542150765306616841120341507244
62 415958667547243033636446603319880805921854528692408440584012027352640885005575896529982029449553462140817732880420
63 26054894406911197262753933798865205898512415732543274283454492593273591626715750700054036110504505283138261597222348
64 1631627513987680939471005364920744321285653858599770721041419192770753018664370299561008365529269040318334086475933316
65 102152403230283914151196950148476918140747345041561451830127589965084105679009351630007274772817996996030077915254071788
66 6394037419119564553941458625240676429739519258509241913021291881431526069560933541862014181014712952484495340230221866468
67 400132462408909162069088699499643168898216574485458450779918690254777043418914238207071297350016204637702530326882487191820
68 25034406861007426505848640365564072084685128480146437108214071086622731140956691157701046743702188428603673478986781295730244
69 1565952140725610535657466127314754292759145266353257123631621086528671844510483186932022684195778593197746118779449730886185772
70 97933202863711342704511968709673989053535062338822613957308191769118367108561240800674310709710053085550067603385757977174615972
71 6123422845741565491315319040666081905894668102082290948965260588214528234921702423529566539521885506137985933482132798713571797068
72 382801631338841909370743190649395239838134246566765230467373722432490126774521133700647140869313065352973160093118181718791544068612
73 23926042345876292040170628556099726661574783637475024013315598062657481507488519002548039175727064538465438229488439115144726688280684
74 1495160232555791176594543652342059027876693011623340642214705152306404309852763601679791048998517594169343262907443188129254822503681380
75 93417131552345870171308731319621382391457287411621275687711631033527558494149378564090085268609102645231099306971823560263816463431013260
76 5835650727362414386753565431413141541443407494469446813908446191563919524014840959121577789369935857688350466154275783130190626081707235780
77 364483606025564803518825574364855465411312140233977148449422921476418678136344508725172244516800460587299718856230432279325103891018344946092
78 22761168277987933916779175427063316094086877450071741583842850023891314176474598309417530312550362293532040025712246390638655763176876402710308
79 1421152774420669304570219904377179937658293236889033654239141875334133237929185474314387372181061119116853550761735225091781560730564112456092364
80 88719361693820679894966606476928021507049339100518536432870516466910098046718058031319477503140253898678205464734703932092072816506202019391331716
81 5537696692022546000073958851339933909643572333735911737723346719523007532273209225442313415269284916250723835411587817191183423150820159348087615212
82 345600742322285515574856344855444412185594049808036592486835316061606330656628475074201870851586839480364564140711586196380526431146255986470449972452
83 21565348660671755315713439203251202138487424628016010583305310124237709390359020136003309286129872193882996427579643850973339789780411221257440870338060
84 1345476547643253018439990469105576396575411066886550275508303956244276565301726233447405924667556078514949600715449833524775589407698966714070837886838084
85 83933449564238649949499066319728971723882885347474236458765463783302012589662950493138895468187508098124396592233210282933248191175183306832214930431848492
86 5235217330990573314754312176111262518752584163881366938818989425906339020735281041768298350459636998620359800380341229865564925587759996520481280441159423652
87 326494915810750622346034056465838459291612485516257839613672159141538421805369978940530539130572570207651736581886735867822802220638555673322453743068899630412
88 20359237577642889131092598680942450034171715591494067533853198523243700808251668239313747442021955869799206385602477568474557263868076791572699167203007014859012
89 1269378823952323949971348953741100322550059515971076437240934338685947185717498805938905289104519659821297796294493616304784421611359738138460102722712035094682988
90 79134683168147860043601435346189746472966996701674500298725405235602066989004395978104063975204893846986554610925375342115317346807646397344985534307844670302325860
91 4932755111706077268551784259595101777817251264649978568137856203811004270139875220907885720444764353828544211796051336277768915346965991263640325171982809712784357516
92 307440063309302788201987568437280545159390070967027113217200397408560909761379169886369372521464764055607927852313628969991188366010783557486759018784252410183664287940
93 19159346743154839967714028716756037091873428886880892946807107696467488962593919607402545425464078887816721560616080196537532118582300025358970128337903317136952984286892
94 1193854337589960521118039457107987103039936942087509892894048121083518048075035059075785997854737393603668830566080550668899938558855343745486063661547072458289168434996772
95 74382956652140761346047930703249696054471597797916921973747300720030891042089473158728175300153118640396389209706015568696603781567002997711110994565466589102025021258325964
96 4633914264899529592790525236321614418484452751210361516820990464071679196579861746872930411218181219604458689422437257610784533809942377456192174301852695375606281410746258564
97 288652944898254841402459598864781464288224711690890328573516546294706718090261413449862298003661967703095771078680197377472093896348886627568790734210815573416177178917727239148
98 17978703961096297184482991184936884632249987180776022068837177570347134086019586523933983793160671495429467407240150380926799266927623237282552148277663856727958323551944493278180
99 1119685569815507176515659899020040627830481486887082387329605197332966982008185282580519590129712720687285945692214626734541920847526937157072201495273258251872859449991036596228876
100 69725234761997248969861302105275660492673761974140504718203707617628051631044823371251719509070607231102750679505388892144361192232416653167752297460695515567102692183971325718735940
101 4341511541820761600403928166234586505499479735222735409728782869963117249047415238470161896002427228648387584786672901532917877666850703106985631612617309086617203547165679944893033772
102 270302365561254942452800605798938043031691962978589814909524461919740108019216208419225545389695992851895503522866688263812480448135763285910710303907504058012353746096396074250506290596
103 16827417166537818712983118140449239785111945409900221734700143788578306195709262093748898577584671436133987294781902230140103268366833046447617853491342108471229991565116827976383710040652
104 1047477246301121647523320943544495823080901955467581912028072398907597523389543605212266792663782605057931362482191188330025447317103057716800701672000664611376775262299169182180327484016644
105 65197662604472875834609543714187421435510967701247835207232176537928938545257762703556193456133621733252141068751282894664315639907809093414195331001901308211446518133277092835891667723799148
106 4057705232736093667750739081081356436854766466792378233488766408362135329505933759306476191281976104560894205740476925762158016797477840889714623773674463849058211916240976794646951262360161124
107 252517064540478054678272620124387166841734964198790488244148334873370105049873100750895845763049805340951032053924053487008019035996490147665142368762626875385979520222170476216431952768172400012
108 15713156819326993768047002686726384434753455875948107187207917376585213240762486098879208267748955914751529802387212708895359832824565074342221549209933891511799939429081865109786667068145837221828
109 977685830987918896953183874549820697454398407863849409535879696952677883955149240354869707999685847815156470789698392812601374970993346048036976366174894730085273178659180434101639871398341979624364
110 60827368794068942358025394805455941793303826196403631002915561487876364278883551940643590248407172930238205073696950680545504723683187990996810582467194549587361220524399815855827550969432258669704484
111 3784105396869856876674501568555412630225915899124495362933845724251563720785304075648599866603333500875529867992617769154878243017068954511843894684234150192240925512150405707953087947883269214169232588
112 235392453422208170879116363383765398245658589703414643255423500439161633612093954735392464528468703171625977898576325983577075955055902780012778974655427160214881744700231170166623686191070816104978090884
113 14641567756269922333310694685565478156829358156503693645284859948550628658989478918184779337271612166495729465300838908941092954865801211163539577688960070452972686277185809587722116698217602438908267481324
114 910644697844772366160646576607231887043524085475305595957904884430488235946658805403905484754217107415674484301502144730197090287304492922175038290200480935919766191633647165639145016780307718901041357488868
115 56634003793702216883487076323418468869190121045979976832223251865726757687718443201860835098368891844796657110124168581527187904110211437964408916579682306650712586028473676135744420873029478867818951191484428
116 3521867868856456819013124472313983735191747477954455971437110563767237389588156387196048200004901060531026054331569254873295708099417280654499001837890962401346563800159181782996095040241500373340062165891003204
117 218996360321296917428328266353712449686332250396629258733694924746475365715295803726242944228241443432752412184572882381957417608079383827082330206489723520565014382494793887852688285199569926553716213290603309612
118 13616620156323956321001839793938785766632859680523160748340949760384994142991051263317165105498794196469629130632530248569629636192556588163476391797916855111487182838495385197329527274719180997669074606706862732452
119 846585572806134244083382108545854294555207303662728539016529410331501876131287547748556563358167301131985707423544083345061335783572598985463483990684672137302180401058737064254518598330349308282599108065607170393932
120 52631049783141700908884170332553822025209893850554965685499569855180640289004950504519687659709007496852695214235150728867211677687699433033910757212837498449080596013728187734584195840391455573141474273982547227598596
121 3271774270589635540083669097571886989829287461297506233012791695741320565564689886249644090437176735654868787621476099584370652915123584163161171094910726186116440991742326772371938010628919612241704529823111148480264044
122 203373916891207883445966195380438323566561300303915826698676723915456916346824130727450984777893946178737186445668128936235337443133938778862261417909759972374863169228776121539315728999136488289328632549624196309070367332
123 12640908005821112737875842156123905477413570954555275371441019634181301246505707966642892903792904633645431404438372098178070451146008761582421305525071577809063386313189119651086769784670187831434431094828485040148730036876
124 785656760347829218069805576445372561875576943591374498431943582921549433939582279448203060709083405397896309041754466107268701298124125480381153964987705390747174753466876672237723727218477885851752514042688519564330433662660
125 48826933611252219975388326448609049756161670863005401095948571635329115610888671260038747173941956021838038336146460999242362234687103560263525327290686063371504196444620114752227816181783551457527110639691622768029291929809068
126 3034299964011931317482996885511896168257511827131299419992867094461260700703100206024122593886489695906174033314549241751396211521405360249228449885038929937301955580988835391133701817689970592739557899859443367470162010684785700
127 188551706876287602746576748583445086265921102165415352179056406961353240007497790168750528221260927950042456721352301939303135965634286261038933078252449768483211243412391753763587044624406901073441618841115612378537905102382942668
128 11715902345018424697782357380013386764996261479717524084321506527879724503505942302247779476664897746773997521510506427853343564951292224279628113378966139987233464070129206496657818401440644211155571134360428078725258331088333652612
129 727938601275412898759474106078015455961004396771305923918297151072713744742615190205627931562539446238710301303580041828183864901415746461180895659359125495385482420870513439050116406903564752813722374464403693773261998143781580396012
130 45225970220491201525593070858895715973135168355489648429372456716441521120739741799949772046300671777840230797074111525944473795867716266777463707105003496785534784500134934568174454940461031869405938894220805811034850019296703703982564
131 2809671624532801323148553671928874274133624543616020466411809932241890243293566723056419098232416220336484652218516699572663783539532199445480274474318556970968499244721193221878108168357991427186422355976008771881107508303450032261094668
132 174541279215912678632209842780846216689513865287556526781653515737278157579580619857830031525028991268631249885236588785290748027896714087840529546761009688667343810087604782885245301171121800308704465659032126722989311950596667009814297156
133 10842165613031945593766329946108065825143332747387582933747662384425050163876144005577618940660101918097143029615744309088729508416873518682563208516771865689347604275467124226492027518422519561813897016583081771417046375806020660167964567340
134 673456549106890399178637492424295190197492853294294901072179147130040749835557508240920827968771106526644760170503704731083016263343762168319177728170888909414973231950804194997276252461348209325354364071107268400356904066425632644867494470564
135 41829160298441792574620537244941611511491098354703648280211214679763247037486372993816792559024293629725008723447603968679288956120464886670141839988318378725614920701476719278737662799002094211662346707092715886250525256844448637723936851606604
136 2597915891708684539900102307023116176723179894858951545438331951861475443498492191359654826601957659024457818599888884518662008617221928447817733770541282917297728034295275539114655699098715333969300808110450034306580608366121311619512345521370628
137 161342115018009298366378776478353894262724328063014213346513418233232551384988244100594712367279662909975067327537572285510061753174604340169583478846993335070408262000089065099579897290461460711645658975654247276776910797914607595156687183647138924
138 10019532567739860138638902010570580677779605571111829855820853806996612715976871936916437894754736293823083852627975110600744499310381551565033471527320815550697341572156790728572179656898403261622030376552595223752470272624985526976100727560408795492
139 622192200841581262201122350473343056455001436515289634018896862628424392746490691530348241218303864202330303786980749573218759433644749056916029809788125339033335412811161372760120796822454438299905842596818516929146457733401339475293680049569165059980
140 38634862744516738542404509045049122042689606366191599599651646291389545903810650438048994790663307087979863919942443043108193852987732597797926823517631336542590636504000633877055516961792335580803218823986786886385209117191152572354551560597696999437764
141 2398900359449887793644668908854761506084399061588954996838481490046328275042992650343450048901029022571226966711165849654957952631651494984729696393117426759339524445733336301346838391028177100153684854274773034360455984981707807591940755234331231844814252
142 148944125789376666018192766842124971046139604360323779358434308884949854014414470101139123669720946672376020662313303779581261899695019660031652841226720981057750237731340069750817324868804091899132818815055868030706357513877464428462935354799087043284980516
143 9247262525003829704308007708910134331900378448512610999680963283083852338923868768949033413689394317607853069335754369633242069081309569976189811297279283773116176875835995699758406384444112553977565176164989486031697086891967299218622774557919796621911252684
144 574092572965063225720097766058197215967036528276808125719865781953610282975089999275485572487139623334120725179633224917420376001638645219411050321242576310585133509740324801397474744914265410269392153446981880138890582311487215609888348884793379146528183171460
145 35639359781665191842694188260677481046883297730805789383453443079822428055021416969278390106499643799530357976555823759377357803642248928977337559518956592952949468871878889935813213485022835947288376014794494278345114395130154466237065472132307856809972135437036
146 2212367998732100304850264798729764694727560245295515964663137654228799391169563311311481339577944911154452180644873865276802562453695960840930186219622712946586686393646423175464084245656557748177508236981511221620114641163143939470054396746912030087113503207456996
147 137329749920695335356985376867209501176765293487223172791246374432125866815121035546950252047882836812879795087363108358754258633946891452782684100575307010029706818032019403951781425360964633426430469527648638616717845542356072150044086152498165604575823017629164044
148 8524167023939609102905354271341303391131205683863828888468586078219439483300190644767438850398370616434001353512873828356709982319284648951603076234644381206707609906604118644114440053544873361044393308602484856256550749198699423881733502258596530605522735164978004292
149 529077874409633062127410119495484044470208565010341168179725507751910219147558986951675843979300195877647865588574687726511544991237385058965042894120793088114831558461426192327864201601673986092593190610122967833851098024709390434097751796876631312603328897990247457836
150 32837330141535194038127222730001089439149811578687936429412272726186448031383992747197259366204554421506812799885221168095234120405413777062089329576209774798771407019336833709271715158759029655218087868934267402861162907685190335348873415487817653512978048958176898765476
151 2037965958424476505052075876201807242633986285022828827750328933924333571588018894776432314943852344186926158721446718202000694070208433711980438118293228739372852546939257846501666274518506376959397888029048823537035895593369122871034256483975544250208811157288346729591116
152 126475705380871159876849279005425185547262247164229804102571098240377667466139282349717799388864366834654535033018050067642931308578783354539388477707723848408111804722843743733688197854922472270025416552670035873430779608596971776323966898272890638605251891630746384936094980
153 7848716470034698159888490668733931991932546635171263525703755525801113712448761780357279854427192171946834013714044478362311731613672144707406151599296770345642364867282125061226996158973475551425910644963926963937419405863529046201712816622017934496276779808552512799770415468
154 487047994137274623459648803973668014852979357095299019318835757097959305270414243080364569749190620744604596081904519162479456444449888259941086600627433648262752728475404839085976244345039948537501385133566350143129021924491962012478000926580231332961334520161782955112385906788
155 30222243662026078708050503475861093699532330582261981239963661767662744262658318710747022486004887495676538559301498090711222764288036711834988002480899078272526140009374130214127499575791550514933480081902671129105905833878012747309895115238340162553017253470563238373019465075852
156 1875269561632562033132162009845566796322271767035566846855726694885234103158882270445003164738596654960529812544407956638106196167305229912824893133710432053448213302553343570030590727236499787503783571579014332196883870080779429068303278503661420276415128649733540024608188277808324
157 116354448708304374089914329113851780666335698313376649740367327948310421696109638575011396817003390956668725977058114401152403218197897203013482056632738039414901965431467727002592530153477187933793031806767651452333809719302541569672434605087272425456781467021365864688670598941649580
158 7219128825206934347350256510346929120858077962501229196149095351162238432396924052158915720375209598834321008938770588846301027456129449764151102980305035284844234567464325665771117717648033986094370525346824067181318304131794835041099348639274060509703276126164069762318189809133609508
159 447887891395269256940706281152015129981294127621257038104496948990916070833674757758586443523996874710688140430839664038627264924521031161475294085856195611237751584315965752176523653260744732128250086874858843077296252703755607196076134179587180311143962256433385485317970153017425572812
160 27786688819031103870190089777610083629038288519460280361986696306555208368401033107963924242264631394578709324113821630796673165189424915763480652785974242154273813670148661384355915448805788581863021627236528284943458305121663590494101664259722514110206280446932275926546081916493396406404
161 1723802203467223839060764147018285432282047978336369602187576357344242556543175864098889073481793338711135996112800787214683081520409746837707202059231140798065053487815297820700285305717395010029082845371528966947195519938333212981073089874645104137930509319570903754195344580337490424737772
162 106935383546737312373454614474177116475954797280857413295722422765789550547634268032414678046374490657806261142004996782417716265448424608041270451955097618230214655123280469583713417473482239070322166121443122543065135043211425847006482107878239487461150125910674657296449725486160091070701540
163 6633442994265609146431279419268576304668606545658903571592986633759976282817800023285571958198585708068932506515236330298951800123092402095426646297572382607039684233656805286204422986708401132945177821504554094488071726088576028282358036946376279160600611608637796473080738045299559981135898380
164 411472050950629491000888722606917313390316981820040165892498508135796878683408419913976494055767900011403210240783197517548252791201840007344653148689104861777970678294568762816453222237115262314885730088609334825691700680541436971721649097011375916321914982503551755145931746279027777642821077060
165 25522643134847849857044934914157971282141434087358338254770115209887614681018286301419218537073096320980641841446882114172613022516744389335696989590546484102794864581157882844169883883993113868130045957365190462156441236284775307993631587890941922269057810278931482116390559938938511026671445598508
166 1583051759265921343881297514327347633167215778441566830183434062450359409266558524324070297869220580577314750745486870287627058704009081686412184216265155953039506382060053368252485507778685420887478557752651873443228652295628218030332849952216307445752679336184687724133060343934828712142577354965412
167 98185856030006014596216042414817090480736923189075461308306109173220861878638436962069709929149775445409586102095022834266511120990152039241731662309955938608619045713316516046039879841714181775358435522877653609230468361648352668286799953227292884018323163245427361764000538013025794997166158517069388
168 6089579192656828484433077621173737072774035672620019458252367855815764933264638464712411225583870732590646395240062258879863616570847213134293561472426289693484235181161240877281322666052297271946385415612235690666041276331014146109019634255605861785743097508919302821081109395207483030372259998603387908
169 377668143245792480987861156253588808437285009945622078916876189963652477103210038520974811635660942126494331505694629148076144898844949402018676860007580232785113672446504094561667269798573818416592887602851941581615966519827729905166885092916729538616079813490531923622686311992547519103316498221337542252
170 23421695033951807895286697295395108449339646012210658408871150317744822141572917935900193364972928260297020818481744446460819718983648852070563669499821044856686419190000018857548366658534434225307137516657012236331922767713190415024157868155348370331415607986220019236868855575514435260383631844718072907620
171 1452484028150350434269392965975679928891308508968630494041865940417402877429416520001509955833942424954568516703310786443523754675122670264712666599810787331525970271988762173699344483193242322176359859971988313415868828623403558864767810904427077460471375920854856245968912442016387741737436014254920706077068
172 90071969159040494000941761417665229396123608805010712131611393446569418705410537398662162550980247428247882066288280220082695747863935665412657135449907119696935276954565813990959211015165028615291174426136992166268031165042665939525083633543326802346015592341165019001494134582028657051511971013533475921806276
173 5585388263827659221232840546071681340941404576904485379429195628415232840347744294327510149373830373932108589252819549666644029509778699922596148316012990959382722961006455303907435370812215035361444794525970403102863706912571025268603697832811026135690076349073073041713725138154176794118357431184222584105289644
174 346340010003207181360778612495945433208558641251899991212169432467632046916604118288677821006576498974357319277746085353676355993514787729625984097358679502853844570342062687455924538665053463007942613042182987110830947154616920748865261070075747904006566516400281989276647681532467490235747245671013772412652990756
175 21475224526092030975789124919543624499449914322703184469011151550611891521078236857980367509395483587129636279762956582647187638712099404552662656646738874172883269080358141739277667958901406365910528909184437842044130832030411101935960186210832512046098436840172325091721274923988662425776842455584718904036877027532
176 1331553663776989652407981649558947942524837943338908044353612999407292607805217662629389985990802504345044482216482341681605240951782814561662723190655247897487809051076951842811524336175491543396496189186477847880162687098973438914034432737256555829208203833639443885508792378851288169100897850321530997894569384798084
177 82559243835828940582927195843908219967841764739396579278526898248208874342156452670481802347508645042723379585378674917230775210609068877771367234468032058649116420155814524168606705328121092718983499748755464285582065088901573210432530951772414134178409054432619422037435102572460151255802428752389627537334099905674476
178 5118691639886001541026031266056006128661012985745504732340520235115970786111283177708587034125881286529409914506351682065772179257417595691675701705604165825026966826760556589539810836835328119522776974397252253361795855253210688245671957954340635018712723146381352530153430409403852948392576173315664398954329858525331172
179 317350078963203663427328266270249156181461921549819978957526844029617145903800351714568005195708333226883479223526627525297976214346491126162974421721314181235984234193773819135576997685150311345959241326204228233520151283047029842029236134143060047866644830200384406435996275707450995767294745796940845852631463371127614476
180 19674549063793417929696512835794759680473878806825957246896173306896488650462320918221577473072760908320454741734665231596398010063190417278292304859522418519229619439072302371281738595616452192634001983593111851539355200396112263525789378316769974100299949182906407269885516209580363974918470568533664765974487422107869663044
181 1219712980800212732399613708277714363206240110740063303316058793832836437496398989100812260312195061204837362991187310639899568513894343500780824189073536988038558615352991145746410682072114116775634772239839807607509479362289473744533110102580313877217108372634018365896305508959177101934786839412678878930880229772417219714604
182 75613150335296327152225660816222999759245729407931527958792249842440380045456147222619202621440194181325660023010893997259542390850919166057838670108924215150465140269616674564438517942888980118946846558832710227824841021612226139057837393919386962790020183661259284065518877509459542002090501753172192396166935832166495344423076
183 4687313401090903444775135193959870414317975972028575916117834926259844301616287914870312308526897082516496870936807922688800041702247975280146730201665049570990172081082964443734515511397260938349111890789084035940032253237049493569897680891371113314845139479552622628608845195665925118074969510429042218270970539691969031191616332
184 290561296837717010244100498537248912777921658731959161573309937006903277981236296251571418970766093549269227540817765930369113509083876248599769418007240752793530962033069703031348209190647535696715655576827279529438225124846785631392511752561207111638197010570952665348671679662032774343523108411070119807891940635448871240080374532
185 18011040026059285535081751681406469389573255236718703263087429448375604660075910219591045926924016169265112567835302867357000358691360099556221572751873904286416182820673104845999384013659272687051026690523916023761335165902876738688875348407961167214165515961778026467058558198157780152920368437810234466138279309271724648110846815084
186 1116418970675742300950593015872603410350387889971389517093856339746783579433660484555402741838817290669194450277377439926327605735125982050285586414405760457456044262446249536807770504202646022975843500014585302392607449295809736898601519677273230089084810144681028151426709391282122908675076758901653029048078743991373640335769081628260
187 69199530630632112382395852586823126038776850054618354576907856660577494584207759595719298783158569053476897244595948188941280503062245823418446154594945444334399046632434855392828071086776720128308791091138764486367930321051256077641244007742400786966983308395720392555853844255718756871153085701737254017102681832213642488860220814612108
188 4289105683381221851568606420123418068653353574031319279044933267133045757305138003160754122865288789134051188464949705817513641931154250418902105928200382784787920658307157250687878001791925993532583521910050943967273085419564029138829483785541453547446952819343300736339262634480154830879435137609793056678976596089132487162977523585084100
189 265838656913360833302225101741780418755157008502296873926163681966277604697228611011486975012420866970042755737593780259561022110260854906657130453989423440755064728671149091883751558842491973103862386711005443273624406762423052431465250396510153993329579642024524673926366350267535332132322895411893431335152170505955497235136189317308294316
190 16476214504628031499990767591561020432015538266392964835584647548966138900175092036546502070261606794323450856751118557528273007743322370494555672625143251117895635170417854767992019344938090600517636416801778719161111554892224101281809304344394246654603258001251388199004399110826861119110272212830325872309722212735687586616613839950720974884
191 1021138812896145617006115020935319582843820424338956613725193198223175116320445226365748669490559422214388530353620598077455674213487131542804155539731637769698623305589960270508846156217464707050557249659788881565304792271088952168394316524040308354879575226992404267774318940983332140712802167465787110119608396328739627825243219028394066091468
192 63284929073637161701836213841053784412791631985498022552713205944937646160687819815462140469969627893901786440431312105776695402774307847419872500742701448437831702256024371833833715373703310648494716322189674364360603849414146561363328494446839719417124217560741504038434880036601637760119940651543726679443022599894206584293535650572314100276868
193 3921968504530230494878140574842463783051353820395803508242222502052979309529145677007139339229374201666122997139191835117160157362807908913676916256121806669442050200591210754936317744138223494476355641200087963610860006836093555197436464831229486338781997313809765280027553955537025374584530797853872279710005527782209272593014022110167733086783980
194 243050386788638926811976216418440058523594294126010053462276828578557281501414184252091015126636695915773605420714572175814097654559105707753585896888136848558013743916548132862118614954011101746353728958623534986408068483097303597833375590289192106850696307238546591602763663705790903827964355383891320778185589856770760493407021908533510834542321124
195 15061806398048772680515744578565994637440052872958833912228993232395793834296713738938893064121839597478298608869058033619581063897653583310316490684551682604339549503201823080272512521863441030441221147113384081343332439971159231146382628800013310735668988848518072205553700051837214701092602004538275368319007556602416159440745715284621380701056954636
196 933354126617828680913769400460195435885677862411831336543924780263516901115392343220343917560550877366295809224251942652822480201765484012477994520467478993696233610611431311478620253990424637182770416537183931381203152307524943688218252794968714935750536963183315733258476046545415187542380363901472046899871012976116602775907766090950882368953554605636
197 57836846410678477386960408155546752315967827647624436696405335936731313076185003617683794623322872045176082298548075524552390523130649424721705890633210813901208237928367483611467492146631685005945736954038173396934244927787644226833299552577204269168905175693652006606786467938916917323155344447054278044161948436039988227034552421553466431324135183588140
198 3583864925009090208332214487003362687139184886217434296762118410454387543876292520772233801336281793725255231616390143465820779097560023714711352209161017454010208163600588333855113724294004597105850041175519788950832675287148370141861198156699482019970391172757850743398711220431525502846103328874734794291009204099358319340602180535651559055172037973811108
199 222068852261212777444924523039752691238133115165168247411884080897122069711931870281135794224002882606953236298491223705096325423774018759240461300091920315598628219100003839437922573624342811518456249528236759401736842230085617178078420767552753618160242688598640994454894640168416151689146522617371842886083864788107232732935571614217719929946282318189301836
200 13759820238558849292171167566071962198661944930553668108023732256059651337508802075048381873435730263301720303172209855978319361548652696458766588594607699979221673122048829065444778401400848513625915650600928858999117813158484858218936917508067020521075980307369173585835254414032881258478742352878856575281729502090371193274519118740933351627415249307176997380
201 852564172078786776830470453056442717319335708191739569214375832807618421857637671452370813549828454904291416135857264054795953756977129998141255702831741193356043377401393098196828189673662663575438142524136811730180656772843693233878235461922240809893810308334075314167760095114007115575160280935420160926562932710341601156524900840832575689911383609541726705772
202 52823929935760022659221401833904431732692896597844489519859032089833911736779393118217308379658818619760127406289970165189863273834671856053366323780629930345376844809106519480556003739416263773951391090894724926484362960371317906625744691536304212807942786909678413642336635251110825540309233272637164340134056367230890120349571876781232634526278853654098894488932
203 3272832326116021841977794179087817737078969708734952007385726451414262771307839634828964010767352474274055707194969038659975854851093772493334734678629762366629536161445876965780737898001367561154831168056481157229350883132456940381305213336879119968927922924454708765107901374538648543334253859606851173298666018858228452570707832701036991686000964157302747753528204
204 202771225199462087648051350739882183181833102901664376652918411227092328679497934505695954795755227523910048646590592997689507722227061066832493736564449841473974756837838411124266250425911423897909914648206688353535245900853490125662187805566343113446638120403797165620126352946469802485259929064547678572331916045533846070960261226966898909806398454533933305712726468
205 12562570675440738886282222321377585557427519262418070616290828116994312743178819063164947367798061141492245340883210042886512530243946664781445446541194945439070351495851058085955787014923504721355462938021305791750832755994704663645503626001710598867491476204875438435962040330536118221648406671874515790078515064434730043908440904283895726631342895475397850880771998124
206 778288180491736553786803555557867384402876683004682905555120901422072367676503551327784020475268834372477885522943547183607607030875475345561777393469538717091935979131637994434667073437559143485118138713385719772199928161777800577281420797211773429794148367226631406808438009511146815125503790527564122569955077372843856042281346569688893797316223756481107738960920973092
207 48216110700427359853801457744932464244241342798471234300260655469869998836126901987431147293787437449935219565856281331441775118552094232621837579421404586290039299849912384996251707374587338242827726108595908710557717235832411120493720441101996321361726427745225590828721276774017585503128772127453279946792196312391180936905932056543591532697916717025817564131224670941900
208 2986990472641113955353129166769438763899309171318336458719375242404536229629996393546784110813977787548243415830336396874315149127192181247760326758620160658030568090694941998499658223237365034224717235675511821919485416184221519654273116668180170621300266125982918634703007193832140629705659289161585934892754290266307864644914395293339489452977403613669481351099900827309444
209 185039956169867879725297714757133735618806329700832485355708781191853588342144034159387431123395497975209967647333432078677830139608056445014270947456210357296562995942493501912645066060281246506424197980407667983617266385144796377370002921998370648033589259911518464574269392398148214616729870661594945130861869569795692770959978639191493616029851377126389613378453019412911852
210 11462710105877897044396673935902300330493574446046678100292008175550231364625061101476140327099009293571239981739793039448790476388224134284302405136416712713692955034917712721650617152791515013941260451565654542373624574146155568726501607898261923384158354566754662714775850239135580848726879719911300505342862634381463850858394270382089047615141706208450084928534858064861723876
