1 32
2 768
3 16818
4 376359
5 8402216
6 187671790
7 4191671248
8 93617080958
9 2090880805128
10 46698565884588
11 1042983688447838
12 23294398631499904
13 520266066259502124
14 11619822622276289509
15 259521591422934396449
16 5796255123239978798025
17 129455793163422424194594
18 2891315517878705148898049
19 64575753772980755929378769
20 1442259742864861419913671403
21 32211984287523166678103420266
22 719434856913055630909954050670
23 16068135036995220478470113907268
24 358871913261104500485189593691809
25 8015183456646486144043078331287316
26 179014192723848065141082371395687016
27 3998171890875089516402611419037481699
28 89296710086239637023251863713250671532
29 1994387097369309062787739223925269594342
30 44543409161566763387107666351595818975769
31 994849646967678351956734025046449875384183
32 22219354977563683565836185183372779393755982
33 496255627293823466290614729753454190802774978
34 11083564210998050119965549122732657487970071484
35 247544589648718320504200694156248543176611226529
36 5528756156214334389447279110375896587893355525727
37 123481368258763578370326438491776498861925363209911
38 2757880412200490027205156988434048812281577759527678
39 61595562757779429126215880758082413296706509079781349
40 1375699009523162116182841926320841522375761570366779578
41 30725391246855412279704978680827263351397400162704297555
42 686232715686522840786177019284609841095424034866768850324
43 15326585633850826369346655883788183347840744280043749218929
44 342309863435699064903851883241107687955801632456896713882867
45 7645280260371095893918447660890809021922383535990565990049041
46 170752632345925625817653487832823076975219123131311337285748418
47 3813655021149952528975999994285611768312766910137655938970383551
48 85175639288990921941639691145162743862868388294572775071686339207
49 1902345515798827270378876900925876879504504131389731981242022020682
50 42487717047844415407508046081363674566473590554892327403354982064805
51 948937027971836225661764324961880948731615665397423843211210934843502
52 21193924871087108345157945669066263355153023382876407498307920678247941
53 473353276561799543299292402089452014670592947833680279570894259804016343
54 10572054293608454997775119464871077228088304541972185112266976630845971247
55 236120330250661822172583472078249173901999901163241340642315408230075743712
56 5273602349109015751137782289848106563230675699190354778204055673457171456586
57 117782664910744923305410294542928822277722409412199101537159775778090114791423
58 2630603377939682840701505766961220044487323928842993819110394765970590105460624
59 58752908479967448439117730644161908472558401027364113510696637030090168274884788
60 1312210074617557834197004159877298102032315268892065922233656842815894709472750071
61 29307404934938987735016719036625286313816150380889971092432507684826407325493323269
62 654562863549739603320332611917183265625526932129975068820995647350775152910679813213
63 14619258965083357378183130638814135244588705333418607209041875512805784784556901504762
64 326512157333731066819934844203361413852575617942962538100396380844280165253744061369382
65 7292448211045098667799921372913582457554476022769458952492493354837904302181613247984058
66 162872345535419982198804656008557844740675109204471656919011357273403764170412511772641242
67 3637653662048775031575440999096249170386201945267125429320966165192537903499886825686348111
68 81244757184019160178714015126079824171770308596780441946496088089237876107034259630430389596
69 1814551681693805000400436656983871134784996914366869789204661588147656265811059559167241985950
70 40526895761163892685251516973150952449154395570039090458735562215221402494593789980442841061408
71 905143290547176733514512433847935250442483894341132263890122204848630541107994366465382500860687
72 20215818681273745659799703133176585406823532611335477720046727039891016154222530911410845314424927
73 451507876401626929192616033128587074429775854324263853849625848299912602435327019522970110424188814
74 10084150717158201996738466330666134762575782640569699469393256287884787407473191444216273517269686921
75 225223303958282525497577206128275928628877951700143196286211458723357048178392549539433053900761979014
76 5030223969141528415122916211643433547200369111723240615645482584963707522563151880175817512277569831369
77 112346958485311908882872672963517015508969859602313705105316166051300749805252758417509806763376220325309
78 2509200218187198255495685940426990604838087830832972815307892077551238723380073249094206751636727777654490
79 56041443576541728636299733662233462921728364665973942093314915461161926566802685026239101353091469800859406
80 1251651173700162360331775322934494885773498621660963350385064044080083751590896220742067852287564008831268106
81 27954859130016534408039403979924643962620136027673218170904941730573977837964538050132176664359161006235583000
82 624354584887141883545002829648832524615195606796796472791081205292147693255229277810238212903966916350343119303
83 13944575640913440538695746216448631721840959939036319467047859661235245292539643400502180739969396387177493993266
84 311443520255890200674987051039969231997034500139103949938291033491886675383277887103829285397733219586948979426239
85 6955899469955278550877370108942862517964301371438957931834051179129332158798632500317204771031820491285866414596608
86 155355736399235773241619223040425028781779377440660935654823289749753568478701933347026624745055657961845669357921223
87 3469774820121718104191632141054173067072972652245510657413644031108327487498190713615111388010058353916318251549736510
88 77495286504334867918879988141753848600276323446927658530899903053621313796924880106498541564505717811015521284052790013
89 1730809560194535925032070650182961671852837604488306039622594714811267453134109841779506696065412636818469996270206805911
90 38656566983505916396410915253482734577539017968869947701289463241835457450213101753057760780151650469621334143054245849028
91 863370647653646595777832961487375840948656087947019752599937184869362072248896927222738679057635881619901993575194236582116
92 19282852394728434047277992339016203578053909335865572094334398245515559651436034644452804367051303028260444885634257248105337
93 430670648217413512035505552807402775933034609106003833930955932187623194683149887524642366991658388748508623930550153984812628
94 9618764041709570379815046787374058152260570767913392641295398038731161927402997910578123018390475192242102558704366907872278479
95 214829178800637148456425011871506647189458831477866899868270493098643927763462813067295856374230416276222827553808336357066420111
96 4798077576706359697138739780627132206420478772147465985744908775643591067443421275522006799561106714766436934595069881456749460444
97 107162111593120770470371595805144941574399864840341462789619014596764558751806259757532744682744235535749654204208644910897542252000
98 2393399851817207850920688631618508591896481608594675075138497082538506235886887275953234602634221279773466730647980044132478010979411
99 53455113617286750954921663551241537562470687744080079988526871467392556385631658967174061364388671279739257305748230238633417231537673
100 1193887084795920936000460736953553763315186155855554406876769366519487451703193306176796788743129590163332206353282927697849432786919379
101 26664733732444184649038143981075019016478111787550317647207198218196442064121523887802514341702328969283803976001323663351875648848416533
102 595540427630711920849572049197941417102150325631032019510113750887782158569327392336472959812297096648931989476082177046439128724891233595
103 13301029160888645086793952293137286547870613143304523612102275929254099798091425613267813060142813753837128738495193613880124136952562246353
104 297070305441152378817946441122604663323860978373845396306214033986722437680435373373739683792325091319652735634810631722674623612381386236783
105 6634882557388778242659139303370129207797325817046016711250922139699685334620198822466877781745718990302734489503909292493604171384345300087883
106 148186021100187844405240535414701327841308501854607398786332511972440898318169558910002900694872179888094997475139568996136199513012799412477738
107 3309643638688237839493050223838755683754379201490139507374866939651341530774495172857665409536833780333265514455302401220827792229761076000597533
108 73918855056535651694663071545860856923654232872833228738341975652009569557527282673508262136925879825251465127841548909291461360502373135629601979
109 1650932163510738764838787050667580534883077791235412444212785471419120850366862721251841055737638133935455325664240078912404353519795740526190534718
110 36872554457582368948774641324351366785183137118946129066042903943612619237780065557781695687806900377965754235730597808575602437536339779767958770090
111 823525825153344513073851042173677520260580576929534298710222190528708107544849902638150007622118085916868553267521310061983482588941266243876558802293
112 18392942790949892542786945870346847385543458862568737409300231893407515654894587652289297421804232004274867044446918644921518072367881138572274624350369
113 410795064560558806209845390292847667965428627874755776738453347036004157328734054261927642281611585715442392965124456576090031043395740737912936541195102
114 9174855105315018011536519860202594516500656078541659049002472244822095386056605320241793602380327523118089000358558621392520299672920357908858798572581323
115 204914745734769308240394343457997398483335580027010668443521634988766110827137942667476569566344985930203505593720086734722718836075342148655006686694888949
116 4576644812103921597079177041537027505381470597264614709490207360225678856436970713306540943295054994053113930524962212629844329134046449273617143412674927094
117 102216546989101044428801851023863119318549188797555366928166262606864451336445822045070061418509629428356965115191433177359004018930490588697215521076644467746
118 2282943708181707729853454615869225167225411005368508779333071205455569340083701296252930751461703894901465863560730828571581615641233531718365203040917583096147
119 50988143585814572788890027335104682438900314750927050565280247488198366744692993703094549287593083808767446309803405688432129488418415500676806839192921753591980
120 1138788826465762785433869887369460676024227996552072926745585965236108690044843840575392835615275100947202981965353738117205771844681441691687551270941329558310088
121 25434148021110998888856486604273173346990443612207426888497076703096125559886723270053090715409363279497720253849642917301524163743860584034166935720682781113459103
122 568056052646239410340522284922190379632249645035087979543833099748059267726917755035248460715560192510178528403892149499865114021031481728517858596511397111708821908
123 12687182550018503622419570288209394745946442427047189857815458857610653049255117248737707803814627455297866195917479546537653787730178511652168136231151185700894695201
124 283360418936924467663810105400733779551573690643973514637786626230588019658858424312210615412362392780838412952866006861769806544863153332203548520528618672285016019442
125 6328680674653982884757897594081838312100125528332422942047419533358921443334559442597705258167888236542495002050302113388155444608209298116843620416773444733374275113145
126 141347190380369748259309449364806503675127622490768187845997018325056961040282676834507595582814436792221103640293885303193926503308610555173219405695547055875683479496639
127 3156902560819571231850452493494045011963009408233162335503130019352279864814194257088203254912549403421676425186443383671612845885751938237886307364361736697730937993334898
128 70507477026534841998285843700578971584273562278409284138292299137977807574227047478347467273103385525450687504240669271318763573022757334232910154954934729815717792286804155
129 1574741133396504323512060944047645875210642392475958874291396502080157687459004138382231023966584890436256685709591603646990060957800959779214380785423314587102168452564693171
130 35170874661671036993166305081667634805529146628267281361666270826251311023817799700716644059907852545993071778238957331189299859003912617752956794585307260408244472462587844152
131 785519853538690643161025136068284740259668130492516090197032445766600655004734167298052548746316018799770455767484732363814731813859047156270575114850554339557781506510235885380
132 17544102790707484616524206525746454533796034983126493331890845474887123597428063689927468033902969862149666828218320897036293441106830006903366741573911454256863558896514631391914
133 391836745238609980062566024412963750281001002845255087891068677819368248874225732973593086384112304474266737830391974551273709892109886506466103569659174974200535387981065280216312
134 8751432703672379525029059861181035229498685373183908060475140599951195706593512491572298729623786775057121892397374601625440914740126050323381415798314395821241558082881235587343896
135 195457866822235512476658196923302944983295289465686875028714218352695788661490530539831650343045679760581122859939055276243841432483278877035173138037657343669266815901670727420597316
136 4365431238095133110670711582833148732614103048732411706819315485429327172256343215647939701525576644858143023930391202645666496698220472188489081659237214699069316483929488704079099289
137 97499221721624056879011664605181231767944503864306744685857607492405171622189659091053688620250712106271646948638563596171316011032207681497910079519081569838633849870531408496208234143
138 2177585149748096403946164471536506564819860940761273116421114161943544422073273546615841315902158735962036130072169910904105989244868931545168709103545742636212709513353335336325056116374
139 48635024984530239521788494688842943270495177602755989462796419657270097957591416458888931206185385020925036123970163456262340689939999938570634751688202409073608992809731792373966840481110
140 1086233369803934747186783204471016845429831619387939762801909428319804712470932104293637437679342837702160918716454389433754218154631551807168168540587922841280131193856089528022505451327879
141 24260354221076549839311449757653064509422628733155183760752776442703991115016911261790689241663959649556904878475989897539527787588648660095114212211260093018266526766303640886317404031631568
142 541840090070463203979380776326634943802415482639788451652465140053704906488819845846318536913387666350901346356327339668415112040327271491008498523652769224215492790099436450424716507510959370
143 12101665150152932594069891037456165247681934790876522298594101004268418618651775692292449918857775501671713292457044247732764135995905863145410916160909694993490562312749633063432884646133412726
144 270283247936454788637689803238260041242759777192240754970654723389194963081609322139369728319980084531411828534649884308187675101045923346051337816759695336922634385787722424170861301215852070348
145 6036610103540660048572869138588016529539197119770033148057374884829671236879097991576040340073496560955910523419913892047804541247201321690933489851413028946279673983410360578331565693808778531505
146 134823973814080391489973260068598740306269367585255045795723658889599227541016736340057370836256245150084284238945787638650450509364091618304205068637712080231868122328604409383203235967977638015261
147 3011210530949839261955656210277519884465792799755624867810768562382768939222543301214178153692975468249974668010300632449106247099953249586277368497590800972737021165990436349986656199102826674235412
148 67253535148036533927987251053975481012106049417799007149747829238679086655998062505329918788386992170459815149844699658614653167470459903746127846490481211092953371245567523189494043904484246191895241
149 1502066342894152893049612741639116885883982784358994965402348482428580011993520879890463925945834466244924955914208433885256387700528456288590757176266539400773875546799941438462645225385982248338411040
150 33547727914809616083904121024371659002345708177074700630410665800139071497676300031666489837919140325743388766879973375172341961465108740648313416621333364761279558059348593781134605697046079339198060558
151 749267869272405491802733146789335297454278856509285214385947974785734826537930711181980732928056771068740106506190497395462053846202810048200275220003120699040389873829394800325914885678944813416813975835
152 16734437019091833582418064905348937678215341553672127015534503693277316637962618266928366797832377784589856556093381878654384755117571947074061987988262570790719475244835958847137877939673455815232365719402
153 373753358218726319898980882692818250678027842140118609849846485863204782950364920377026878950743567905138724063320377426759879987496065639002347491735302547832745486560720912878251434637392593068427176078537
154 8347551376864694965866393646183760873967733251620880861752673094508278988155561792052316056596560206635260245053911789173195897580330015569965811147294073553803696537254860818079012684856270805786522054627045
155 186437425797300509190184747152114436093965403471638080513971720409683904678655454580447405699799368830001502164781052598630328266336999320251331834933948998575267406495185349450125044657152149481650007793514740
156 4163965235872466659904540214395043025961691377397040428563240014242920869348976459691898265866732125817885713988196570197662139452592848864304101209387117126365467493551974229198234485181993258522848451530119783
157 92999602474695284486363346804813558416716509496028337298874151194063611348907021010510874797868404781121092344151337481455762627066934178642543660489598524511112092468993414462621139791167653636574633966940186009
158 2077088921382207084826846816469892224593178560748556888306781775173765180378053475247326690332550800128982131011827827863578520832680947046843400895996573041244469877853790271073499299184633134983401757587812983947
159 46390503534707032091554377757456839247378416070188101069545702716630034225621353585680543286900396623092682426983817514467720255940282483294655307534724697794707797848909791185702207311744457878464862647345405884404
160 1036103363726747061307453435336259313075535800697429072103662015284120941943921525688040232922423292764569222022837475856030321627801591585375404341196785583741870088679923744098934113033891366190236479861636251159220
161 23140731368064022238016097295333759526738993018061304164160414843425615974812185459115185128307262113760113144280471717893779274501891521155609629348790061436590993479623408222991949214149011742338139205139717727675065
162 516834002278298368873741794070369920297695155154893148897685338613439682314471038244609681049339145420743562481952023324434367915565544341545197997896138429453737262986126297693688810695867202417890350919920155473804885
163 11543169559439531366787170240859981622026326856498114321619737697954391156161287682241877354971990477844022134105257377126453537661129130971107123250829786068992117910151138358901231614645874278975563068978088332849402984
164 257809592423494295594695023568733980259775352335672484041605239790918085496862692913626489096139926798228919401659556919730573567768730662860962867248809580704078259300038082116901381469452026616035637140983801962483203185
165 5758018679645509440297411910487700887862914381191143766280550718921057063118678162842654687004911253466653176495300549640721983450379966689558641962726894466544426179221018430628167473073418116987561158488127749892742752262
166 128601805710489176637205596238322387923356178162809902926388453103028570644124943611005131908404807027191339978328602337615626431735816020733095309509852281345376677854542977485321210542967996415350851235525201876795038260662
167 2872242233333044581006370124061519181835482941369981708418041500179836973908492457741714710371396701603984046506829188433109665767749366559511442114738059095935661275650884226134518717073816431894622698369954545514422017553774
168 64149763693941021456176525419011371655520214533027439552707407202948541911440875478184640443299320548024169540415108777652170951181469805468838412552604729447942711102590353040733079276868719789397373459149528688649139546798018
169 1432745516457735852852072882676515456984159312692070358024218294392408859338531728697819071582372114824266499241960075769797216867464413416251825471614694574628373723038244171189985491742827237180935515293546017313819182208970339
170 31999489892487763914458317543030584230848670677993318014717905564141586611137580244027293179346267782096058807415507836287667338049847138169458534274939280457610647308089842047337612036493966653822267294039239029456966179818860402
171 714688925295710239599072772196072443625837555622948576838977972915440644827232428957555072713407890282965230416774779194386581860971063199927354294168556454705395792947311676552947063102539237938462007747316169366755810038259777489
172 15962137573332024816724269949453810698111020319702383824173596042527776913097402589256724184242010628627652034377204969335618790543632042983238921338929217514435787839678079309433915728409999947683532291400229055426527114604336929301
173 356504525104479467618330281620734117506461416918135847110832547405196792895862584151663840148294532588579772988588656241328090197985516519397632613119730414225515543538267769833094382681360002610583803395774361670169726833172227344255
174 7962309298242680086222836585151951880531803059701259240262786173540969124597985665011526111269443729877732788267686869589984395608655226146928362308935282419941071889712556594974902270621296238715431823402464368623085352246753740281592
175 177833280916425714661077100282396074393178445065568000690295324489071245400076990056057370808889893449545246535632962684886526556520749010807984137246103543077810295513049439423820682363066822086780957450333395657571640055836347621728668
176 3971796951982272297068494419978519618133992753746860286149636183677154645510081583590120081760532951560674982498092187225989456628772648368943130267315649804393593291353040673223899983732816195868065066770892843611381327444115054190757284
177 88707642048112166469748959976835160134029009029336971954929233474811342675445752955613358620046566539031292586945281943305388040677349957337851513977145109028266162957402700643527793230079645934640821104154819854401344007247315647053958286
178 1981230625047098416817609206082726091813899636242666233410692531573801198555986356393292461159715470493130293961564108713122601638206601686492231567021286317235038826799166955296159561532463081309247477475321460087200687349022179699416141622
179 44249567444207047251783218130452271214164587686984240583618180758678205415486016514910816866475610701455923374869502602497275904594770638280738434937492808559972931166322598480072723763039206865441422322731792950228947485225323747051461357810
180 988286872939328529066487403523528616538143537595339778777584928071841537610556392559916128004190228043349621594125665482435859005021040164590968674479488330761004930063978265106481319406882474339732639899999671531730404052162795893770143427214
181 22072779456108854253587661423831900762954455524009353635778088618875991816168442859903535354326544675496719335975316584331898426847212412345156113765755586380438379766403271228670050236005423689672711632243100416750878660227560527266182600153195
182 492981953174168112261611060083666595729254064277445208914543285091227209956510200123007674509134778203806615051254052407361317113271134796289415015745395075248919542024984608898870009952392463484242154520025831113427303603386505433198225810516124
183 11010448713025873814091055228012500167323231591113418994475937820345223989515657055856924820595164100731481275646991148730797535528542507631519823198647042216605826094597853840473945485768567695913057140887615951813038689635081791274633609908851051
184 245911599971577786793418457880215097018212396154910325522095357975174761040302204680701700735187315130782579336133272849245848908131435665945269139333680903771185334765475269708087916832871368329137641796148029221360138795149443734728700192197882946
185 5492284336154210812190698260133984431312976357813869474647989611412807991587360063158839485104598502506845228875166119850671036872083395744658143681104269900996513583278229010576433129520028557688511525183071570613439779745163869773707942896000166172
186 122666792589903696632672718440124429315240836875583862899572840547736397316884870948014944807574612048583778614210687216963033521518297026709087827448589351762505844402811487042639275773114917845132714202031091505188099334437033982083949175180084624230
187 2739687365645514359241271358569201906599905206239957704964263744637540238602269182926859776884202869934964235410889992231687866052936160121582912436995154910224905201351909134672437286541218012387478053081926955627688177513657122923228098031270628831881
188 61189232252702133054162701661652485640173197859496963065602740777884732619140784548513773955186388363342312877112663709426089699803019273666417730326435825516822620531829954569798474453961306884387156495626188800985308463298005176902000563061972931095152
189 1366623867607955196861540815323416864059358507938808576771146688509822034971913331695505191559450472762152600443938824067474141468709107769544649295098012302315167046273055002722670134659042432694747812215271198681668837809776050852425330811893971269184857
190 30522703533892590185973447882440314282425214971534311457375838853541343957044802125268200097478720236728853326035514487259303277130706945929837122751197423610479408780951146328810100076365587822271113563111234725656717487442332651608719468157788358730082854
191 681705810281632249032159305856895011527914075552927720909411875118581522046326930871975620024769365550006193054900426160433239574051345475734423738957533409357263263130921342210002924511559174730110895878686079020853476635335794394500360085840705136523505007
192 15225479985929353454180496192132615789805432628960949132588983505150910739556861597308178481433343321458199588938375276931500943077894025445643730025828891834908733469175845013112642719713016999108980252633749757346517599435399639026178679437583172234572370799
193 340051730974928571131508022233890812391079285617595054956448785975164310040697514580549414439820790699310973823199655323951086875784102434799516174559636665154886048441912322569084657802585109539743618063453569739968524995451608127682144047030243504886944310447
194 7594846260735923776099967962649111216170379380899617977054039274507581045322291156513566783197190025445054620225657635450389338317417339398850125435996085406390784990604513423408139976607961482478964212243676484231998230472741090944391232017205724310914405565781
195 169626219983768337842137443094800718141731555805893307943016406876828581225659972997410288916558456815515958375734560687326431636425036388116423370976692839086571863790700835115399224241359475779380525155963109650417960577440059110934638533878581129673903668156903
196 3788497293846962449733717547769490020777276534309680938959097213504105065355593078317256416483724508478675730502989360445618850672451138280482384306350990338031083246439217303848218914872233528754408398663879008002118592416207472589795392842175234054190309004597629
197 84613756923069910195356562176848410382392787834797626239446168718446022105010498705668051596918058110922457376485511735385909035119222300520744666666842343168537497674109639234456479459639159688137274434429677959820931819565461652696468669471202945898418812378155933
198 1889796218744658535923676514942921436364927584584162037453797915812575300131661817574949974715028360914909018824933621523188684586826589227630823059547990621995683794266147684409197265009749091839678318641741623431015387030433294762709870018960531062353189130710251806
199 42207436216650102806629076098736029860429386761224968259411333199041706130195021689131522202011442079837888267869453729757196995019087026711406370782731012043909763986534207980825809483191667685005780093095586208878190627615250577326211080941707613243695824498355272780
200 942677127995296990357288982807956415597833203723821636748857908961808822602188975624107632913112460325693404895139078746964011047149660000948029185311069313147607132348094545922056960725663364707195707251474247139903829640352154758551422977052313685128359084816374416879
201 21054113855295204700469085992731604790583519275754269177954901590144322040339533916499411702572628985722005166080289317655768450220467946019567981526747578037862765300379379971861312728846854367481828515043201942941275118093433358442674721530649550031170772634033797106336
202 470230683515581177028805703075994253133747807665314789396831539353518214269970963490892363008785857154335905366904675975878549577413005287430122772233433510445281382237101795521568807261341337200139893139377409480408362768098686303488942342954428844798640935045538684785553
203 10502313098488292330256831329992841297129175886695764491510783108520114960327499136270230983730110794083789753955053610354382946611040068715696040044644332271183146911541079098741111638171569311135845571021149597100121633958259783059054197545801104415290320242464844004223024
204 234562703552338460846638252707978884242169371364021072462989564152004230765979329173913871741643206706582554111053687623746699784399926692862468074243941053769947493307478559862828928723890875941744111275372324043065945501653289407561381517033832182429379666423028962886044997
205 5238813714828380889942598835511585864490010204566667622398322451143312456722932947565265312640014112923265142591180409487977532539985646352142675832793126207148080549110817044211080151208449449667227268146547599932566945381308804855139694556002376613375332380903037518632840184
206 117005682161017737482554259054013613102839399022308731835519429428332932055970438730925068685348274286659576167089123221964888230719268594539586543014583387404816487149828332544762638025039216262143674357212585536599886258207581124937160577187723332530103211669180255045873599342
207 2613249946111815131132682661638687799969772248019219723349403634977049568364742081011999648718597098969528641184182215953617017388155701695207570532958878745844906803628858221386980702605296203357894664840323797389437881707181705981335851934939857624655302902242266714436217097645
208 58365330253410695576093210277935481249745904621387711199988260954973632474638480150798477502050908622998226532436678324888910631855010267252891600090314076932836094738550206775057433249111774682006012495751448637979396132875915548838215047681968570593129784440290908411994761007776
209 1303553753309420627462868703738421840342971210763514819747971730909140289616500709077771759352680595049755338868097790918136824113711751958657982704826424479613962958047818207315748691946734704599206504903815975983608950923952047597117679175613835676527589597450473044714496878312037
210 29114071322637270868577578543290390275156738836801695177386776967271289729091629637419536137682274226786220431827353593482721543030153391103190418825346979642543926430775689446320775611698616314599978228698984940930212887393881040009822741614505916459215024353234935196054727136498010
