1 1
2 7
3 186
4 1181
5 7081
6 73352
7 759243
8 6588378
9 57693478
10 533724767
11 4922696680
12 44623406796
13 405152379143
14 3698469278671
15 33742294413274
16 307321953516448
17 2799705826422060
18 25518781471597350
19 232579566114463247
20 2119395712048039464
21 19313705643233716026
22 176011590202006253506
23 1604029434417211948683
24 14617616089876521423131
25 133211701593622104994187
26 1213976611706061311458978
27 11063122226380427884446137
28 100819478560653523390210075
29 918779660699869177797546010
30 8372950038885683608016433329
31 76303693910452122783565053851
32 695364578318928675075850325510
33 6336939878755445359572734849646
34 57749287263405410275107169966064
35 526276118707818984674604498409842
36 4796016756803230730853796247194253
37 43706670398939656684954137268450261
38 398304080666809496712309843130551452
39 3629792407790569723156885934631653819
40 33078729409890789114404716445430669955
41 301450390851355539675713481988701954737
42 2747153225046536125261322418947568086605
43 25035133704955465824278251170203036963184
44 228148147631113498323083481248634298615665
45 2079141173534733420339718604924536477855252
46 18947460518619813161287926619203996652281191
47 172670458681082599092388368766824723585020864
48 1573566403346044302053570357730774811106096083
49 14340097574710181639304575402260323853778847346
50 130683012814443182490446090325688206656866131493
51 1190929821031315046398253872246501438234373899636
52 10853084942525996655618422185726724193671270059128
53 98905452436960901131575573555075586490045321499858
54 901337138110139105282189462855597780757406498209997
55 8213992419216580724901246061203806669592167141472924
56 74855088745602657840844490907567907778872099618465661
57 682163316586905134147165307786240382406298608662036098
58 6216635345638995095289397184498406940490131183632464397
59 56652936446376156973687219410915451785401233481949087910
60 516284940252870845952175103646422786894186178589549072700
61 4704965995614558988490416021006719392457721942749390945265
62 42876914071998731966329254023684083454291537735995725836075
63 390742411751994809652361653406262597780862825379187769038321
64 3560882018826876727159398232192757851062116532640991374930445
65 32450740873382681912116962939733635834658525161888353711052676
66 295727456754760540173756893215883886266700842192738550065485103
67 2694999446079593216943139332022795987686131505696815238013134558
68 24559850120350368138701502158917919402602911669238291347596801768
69 223816831877842152457644424334271247894149430892454129728271863470
70 2039669378532820809465348295503314674956416927670030050358504692878
71 18587749361027068802149984534206922069159583295109584076167407198106
72 169392368167477790459724574667548097269093311632606331159026282617587
73 1543692775067678479017713915271751680110200332889391617909801472461052
74 14067855651206769859771568153121139204524124724232871304226442663794192
75 128202039822667260521079311047930554868737848014843932627207228391924424
76 1168320419415368982654263581374699582300064167190327893800566453679609758
77 10647042779592063850770131579909318494352987809782303777593348571153793141
78 97027765728162949106790995317544631051989216922241488465681475062019851142
79 884225556061866421034600520617368771001386411960371308634784480691708752482
80 8058052539140127324524766643089308363799438717613998071390967755675707213921
81 73433990092681233320355829390563785444820401896840498975822196383961158399625
82 669212675735103015871927353764268714931107237408256061316935296779935076090000
83 6098614617009221650397529719655645327339900595427640482466367931890823693846909
84 55577399525410096674248451699050293079830836783574212773018107181213538670465632
85 506483444517409785005011006571623945109787955680073455167950046130788264546913467
86 4615643800551268340991770699219908706250293446409939364237089244194123514264566033
87 42062910296834095977574599301905124862266375280462101541443027533696850331760813822
88 383324298644578523586958573474874403777079208409806967347348046160721985482354584168
89 3493279872800846434443065696791579796386013029841339622125542500649598446965857302108
90 31834674485455003340123151125997500609211151385110290336166835561134047377775685827485
91 290113170572364516069302431818115374176573922412691791067641006170054000027416944456760
92 2643835789117443351096367722656461962737379779000691376381551771132317837430316190494378
93 24093589636168322238365961147668592818846787998353034509702247189194282616929648301340443
94 219567744693348961485810535985572609216301593715589719046209546907767677429059883741306873
95 2000946942225361772112872769857452700229632187075374394067026999255253059920763081531385015
96 18234867198698817192871529705346726801346469071271089177730538267643047215572422184108939399
97 166176511099479326221415004299607714128055798851675506387102868525592991025554917719849661711
98 1514386287560452817930694251172982015934991323243974650339538200121120780810754362416333932307
99 13800782148917773245225566824829763593969665179500511811592076209781627849671481885654531989575
100 125768167267748342593712351376355493980094642870885662625161574939581940625450312791341723725970
101 1146140249676262677996923772548669850318646865421297072129636848541909494150621812205162166872560
102 10444912257736552717741532892987892755283671393870812730171305288409138254234767908247599958203350
103 95185726269215711762837610765205539983805491087394979048270623512871057956342301444338174828871706
104 867438831636625360027232558915443916742388067155314337456441599663324041307885001569684583323954591
105 7905073125175762063817987802250701975147913919774042054479592071397295417444238647127574043586527215
106 72039870519139442414046999391537380357721553592796628336910843917877928105544216047658889052186231505
107 656507898438825254146425965881408004994319876711284700324431737279835485168526945894759721356593343081
108 5982834472169890681822762283955239115986749802492561377829859590980779455414861962046031178281013574936
109 54522281310709563598540927512850311734711131869666651127963131038744297268375773736757178155535693969541
110 496868026877902250692964649775648045087727915977579223848632375293093589775491486481709334893680053513287
111 4528017357282640034233814523660402615966119602566590899851685050255301789519403526007147394851722734842426
112 41264360109231075370844064807136562269588992618229281293672985859891529987542153579651407619080160368118439
113 376047015916510521684059765181132781229629981327590289759688625791068919831850025013212557269223930705279676
114 3426961130752583296204521377309394634558364446154512450915372819716651786935095574793466848775315674471058018
115 31230303910446203588697393178308448304045328465677810893797658650829542732837908315279060328320330202176779551
116 284605469722570828499608659211755560656429717341440016862431551715041044069313824650029256376185632969483401628
117 2593643456953726697356167805862281812829945566384982979148915997804798870232144769025105707438604270919935742042
118 23636180950268608857716548927965863706988374425293537987899290916310178116274190527321712735009871685975568161645
119 215399324998203835920117186267830404944826039948986611499509581634380704339541917479131901249544272488715239050069
120 1962959638331698065334672878408921454254046149844344452528708550829290578741890609905262745557151320266972148504726
121 17888684385391838553573576147664916947011303215169855869014250851374514381292730858903580168362188255143847485220034
122 163021705995000084748843624078255678745339358893806734860375530130855121702611434274926634315552789032060068607338214
123 1485636173849803043653467010620898756214062187393373169478477487816577501265081438210238644973500141450883095700517006
124 13538778947134653100834044532159916271567819677965718340039863779988594210846655688730372092188179110241400863942591809
125 123380500963695490669787726239733636024087701761618300227723068452693629577182075399431508783826250563668365318019003450
126 1124381162990640746131122192655741824625510462473080435156462161752099791350925849153903741621897187532944184682524277906
127 10246619115772469677295105994955938990685342276643311563389407137459996805111662914711854235571947329316818309060919781284
128 93378657309103054501765409134414645254765275171454666024592925439414376892786838810837625762636465959868382259752943404967
129 850970797521788840898161867520939726170992268466785840045606002582694416371869285362129693963648507968984142879597123138767
130 7754997973870793403073139309292397522093060990429256967699952998922048264267998560760633291215231598740062398591425353587511
131 70672217836241607539854632952641514388371641906672851602881421527480236219428638337409658590258783563806790968575102234178790
132 644044317061274989670098286888618629506794443869404232513933124567271145205286732085105941619254367231885189676371798691520749
133 5869252374392203744328983533234339444213955516802744210353820969326743666723859854961528662560536070348930261414807296027429395
134 53487194160011653548222706493983032786327998601048813969208629844117347610848676327201916581610993475823316723426216859495497728
135 487435154704358065486085570788304824915514379272032779631155781878123098359272559829613180460741356311900305866713232784931395969
136 4442054472531892389750682615670367212940659319024761209918216443055543647956979978429041753236544253529229911500417331164887612135
137 40480970128033668480404001418819921190534823308535001502629152447703167950342128896944207870739216996160967743797650860286004449402
138 368907889950462296514437471054828223712954695180404042085447362794293992978129015638074327882242288515639851647459683121295304463116
139 3361901427689747251837565729049666343671963325273921151639973064159336319028000069917092040626149235991785079524930727365759636866000
140 30637407107286503573472113296579608408538843646376309294834339496032238921214396519002016504840128158525009344339972448512996661012226
141 279202330718731844116423130953750844308626377647888067984648210331911182888780107526680320139306386336005315353177339329153280330247739
142 2544404009314231511953072636068347366897909851410296227124226371611278864775359326415861612429762578641075890378651718096326112011992267
143 23187456014241617887463459919675203089504479062685797961313231530918212783805871065097874730771884152569884040444388085533095360916293478
144 211310041347285702491653186538335663657460398060058044489107219984006467684879131849058496822114038523698794423500411637832564718720546609
145 1925693510610504319170441500946832711981953682881726487926499310117378770420216508362658844042873993937311567261312431359834578178244986073
146 17549073736220921514649592584341482121273229129962087594555407941330411867716969552089939231775775838245725309567803486018988043452825203475
147 159926793803071463448564090849099279005881886352569426236282882261825159229804061213250073322845687149825956972333870672457732438561591325219
148 1457431871366556037513137762893078142322549871334123101207336458700444716121775995853318328273261948354037178001848888810643554823155509383296
149 13281749787909692561385307755746184056114480112347008825501785602474827294017939661873171099522832346069538569597348238844313103182673334777187
150 121038163700395634934467273054630590514425549406705915890945896348823489954809822290536906246997253527973312763712488591386354879476674318272816
151 1103035165238529474878687503891897128196718544533176801764352031726460566403344673406155572659437834484846099668493085228557630557118575867580685
152 10052090502334786034514986954568756515018625770841887220440342934732426822208286213857443036398790019232423329113082243867665070161909858993174470
153 91605894944680666660945371661769121554338313956016142221097086914529597246142126020756878522660636723762582095732730552144909640133955150363224797
154 834815403489130502251341396669244450400514063429532427350619066287853682907998326805462010059613895424801238078045964744962882710093191550530777082
155 7607771948776622250721133158646763673359824063420556285415026123570307770468403912908752729438683433480160422079888865156022802792619600817887255957
156 69330529578981388172520595153518885666606943441393700163369133113783411608225333232943015017435600200702389169824495467836309789549219957882142991152
157 631817352579156170984260435298625031835354763108927405307314027461749645924514705569359126577055909952749543826396710932749174304805884366831226989792
158 5757826594492872057715747463159993971424671874638513237615773868444798949289818563785187225826313954627972183916597326443052004976728331621628854798700
159 52471757790311593392742068023646717249705952175310787974833812177821204287889398479133947075751189139058312946627302810749735334710111306719865686691517
160 478181362432576787341589332852420115329019901591733620107825968582361376470950436306299913895001206916259714008879359120679153631439189131882968469541530
161 4357723564200754803764167922907761208065477357568811183628288533761171324549408365613720594389025524577655183093301035645567495848503299979054507481719873
162 39712452541828355150193997436035989402032392036949273891873104617996854973785796430226479578980933124586237312533500376078092323103484321738107333062896132
163 361904297886830198106699065543394503959307452777483962035464643803187123514953038571733003849009854450932268190383997123634356205881623147788149012124865857
164 3298076861181172286770653903249767903958535423550989976844635005953711830769407481153463681843106771008029677641725775974554856244373824616242884256377474014
165 30055766250281058245497794929990752029226683483261222185532218547957912736435321046068438943605489996023225922629730401223638754187221037402560537884418960340
166 273901768489412562120079579515913748246717243506248011351981789159051315413618566199172214107520483074100642407091085001084107836500943585073150542118166516025
167 2496099356007142457269288982125779020046715062199920041513127190904261293318062253101137613390639125840819496027571655289475222788859588602004726911736749744487
168 22747249970020205977519714650585617113041764170835330909472768305622871545303832879361667898937958250922492127357889176398173810941035738940104576326981365063591
169 207298391369443405217043818009593247044407305196139830989887803649347135895009771169760914984477044500098599166935497542963188166281897174935054370095659423654039
170 1889134867774997078204035644062683071741228576012919814713558189289271729232299397957120921419313980215580194203518287902419475797693554515951223902572044101573704
171 17215910480863071928790377579119252381039658736601498708775516490646959005399252675842864905849342595498375333244618978437232636450377499270362526219438609153514263
172 156890637476917196132761675195658412661449093961273478048194516485613554698818341747853223414844183593809141656983992273663216495184068735050010103920262117694333864
173 1429763018068357561346847495875388488744470939929320652158132605023436887200376867135165641819318460221980626619925621300356119960912734971051047784803588006072410510
174 13029600240719898007033778970265115975504295151043864232387821881416339176369893365051957416901825107340976432332072681112173839690885905700254090461134032057139691034
175 118740294921274308059169688773444856257845174011917837760581642925085535312090210049495504221086615743651999278929504628905193600561606308224782546121052478740313891396
176 1082094414065630890286076397033438250269007843008015299458697015758455967904366832606624400057340478887625508349155239570567169637532738196994733299121930702868343281052
177 9861254949117105990071098004471378203136822923438454077117082069204565609590944917417173390932685367564155935128844098395124368031849319176505822149503880631588372552789
178 89866787876781867717693312782310353274791411836855186653292778928728777839180542836231797241805760922502491475287130681689004812625868501497042118581573837470319933936714
179 818966714171969489371763253494846368797397016832901798966179597289341050083288276270419018096400294699326023093526773424252624600071742834837684210863340760751824315299282
180 7463340960191559366387019716528801645844066618441170804863590063584944458269401624401876678705758849468047184590791397079868450592416929850919467772180942031671157176535068
181 68014312821481387685569542249083561166628291353545975640732118449132072972386354210680068726357202078220525658618834594899125394378893795229039099313165293774251535864534190
182 619822512900388069027283340055791868169626962165066875624426006931942569657280170892498662950221816576746251824418679115855246535744172853247935335808311302097451370729668647
183 5648516195503099577086642024153668501316064441462638050552027625103685958488012296870690209505794336483371729770222710421948005604074327534075041829211258368689978790178950628
184 51475599138149398053769590970674838014163370305621728197137333311202179334862358795208866949527872986139867572459879437397556094764403157125674087597130622643010811702613229288
185 469103250290927315800741768849697910162064816341343489082835823182247958228076926260661857647521590625041849397147727180969011273964453023267639865730209461983239175812241036619
186 4274993649766457295572680164616637692915917899469868363279929186060164281467462402849860935974280381153082191611919094024502180046912676341559622675582515168040666406842421480545
187 38958525003204382481798981812045671818764826502575036169483998687077716906674123060308266906573885723645433851175574191865366266305587785109827827772039747372422033482172073592406
188 355033666660116922685551756541394816895437966276841480851968752772048101375391330349691221343781676604846361390721936409647469150271864661280723349504625672838262655992756958201983
189 3235463982575299101515740335427634469152990219209656764350101461837903703763752061095550550145589514498228266032089990874222116402902921384890319742895422412425781563971513674343738
190 29485167649082487953729242772775253888545040690985725633305596996723571008399711194095653195918070789498608254287215652087566745301671543064289265481616321657845089138749610442777803
191 268701835649090716679136916585855554246676183013246762496665887960174851635422537901908917772580850659810638832098370708932595297794257107721231456959179631248691366186639966585759611
192 2448711750276844067947529698232573913173395985809645310158907151473704856633218135841721197094488851540322184938128697499585003839080670059166075421673716101145813235708895803732497438
193 22315401089312119726441298475480342748723520953934256894584135780787052700820164945374775245917823170910534557279550269829301521313692623098772152040450039587611862328267067253462373396
194 203362901215536180134566601723414032311546100428431346772915026526247946756072480334748704716434275492274345543314361998487436670185454858022186752594282593404526480305004227092467552284
195 1853270278462862028613045128013800046636469595763213320738490832606752001691603646031398334668037752449720827459701893527473504418669765587428312892103470276727956231496510442857207227515
196 16889072217717862184102025903169630176416009741817476871666740540879838708091593253816565774288285042948476042048641071673152934005921234363455215843592543539279330208796943879032124727638
197 153912121556211171707020038050686446812142458835430333452744225655566709547805724674715843516367363352584131696234205016516110732762672354585389790783112362519016464194311323804211697140016
198 1402619448632738129001552371076859917650413716527289691301282928332940611200672798310081946659561008503785948577787842763546712756861640902431095133389659724602369935568392417092852208463535
199 12782237667773956052672542106129676807077585450111637716223320054911091470932711992205052590207856153810873909968437289885863119696322286774437768295841279564873512041042181186907850987386627
200 116486050407133822743313225892163486469556577253434201532217297514734967678384881153474131867373609063585974016987375157245051722219820526260648754261749405885838958137042518821908160413276525
201 1061551216002102509055832316599388655262002218687929698625804076191803814526439516241298612877181396507490662421399909319980075750910403035263560631170307711012767709420532035100761960876919231
202 9674042344614764230961993596033598542916056995267295799800248673158626631177027672490233990480363922301621722841489775180451834511468182455330324507363503174698553907413061654893655623972031081
203 88160697170935336271154906600421055748000100034591737122947141822036555225609401315286663391665566283930762574626873725858538261379966365071164196820220455496638923990185645621277906103027258899
204 803418906884562691549913127250849106904831524468110515399575230120619908397099021217253527149325918766113030514042001708377911942459838280826474825979313663894135221522906921087602223016024769205
205 7321651945288687762088214257955293582495152086943700700008389264662092180855659676766565719490758425487044740019712518285469543323445362739423581820045614295102111004675191199700158101110842079316
206 66723083995896002585162443523293458153011116274250482030410958172510022717653761656393458826160557217911378078182663096155376937355693885736927388950785692923287297073444317556720328218868877310502
207 608055391213745427693871994647324232406531526323368264207062007026606929721492042360129005597552884651857259749883488896493296054669184104170782863891726896519752225047077689084337168200666250009060
208 5541281017628657620781477531404843685668364192268819783312274179413483857538660114370402776304927826863065704921034423693907567127241409240253555116494920554541541184659582841033368480754624873286258
209 50498352222549243833952297232834430675872890797603223418483046361756300535146153514430017192901167006139160578517073441936668414814824040453591378424823772180294588270660284848598236221238223193983957
210 460197483051298118213631438155998077150763833196056294769564715346753982487678372405183177467328665828526642859712045094177816848532466846551670975619714420198543331348355105054112832716478562884692037
