1 13
2 96
3 787
4 6413
5 52512
6 429491
7 3514058
8 28752016
9 235246416
10 1924772818
11 15748396926
12 128852570569
13 1054265189419
14 8625944461642
15 70577040980468
16 577457778340216
17 4724730328967287
18 38657504527139644
19 316293746374084822
20 2587899431736114271
21 21174062230343694856
22 173245105987194078561
23 1417482692835854813457
24 11597771683305323016597
25 94892381189492605629583
26 776404662351999680560835
27 6352503669585179041860758
28 51975863655746305626527660
29 425263887008056016731749175
30 3479487609691820810321842245
31 28468991597609028844905444005
32 232931849024896590509730969934
33 1905836604859373376006244335451
34 15593458685993942166099314153913
35 127584890106432683515648052282186
36 1043893116418830917793943248589725
37 8541080668702765228679219403219084
38 69882689943918591833986491013143464
39 571776633803833304714146159234557302
40 4678247491995594297734221047270645192
41 38277184310179028553802538422958467554
42 313181985609408494411963228263369299517
43 2562439162594533053978513002452188113265
44 20965747596310391636036849689929167500864
45 171540686190234067523191740123408126754644
46 1403537216282946360353863246343213386815144
47 11483670499642847415298971822810585516346631
48 93958811077070934740952662793684380498987696
49 768766238920846312774161552216080652759960822
50 6290006475494108557313576126408361501452749855
51 51464514775383396851685872837932924550534757912
52 421080056337715726652117817231633291018005045479
53 3445255718804218534473077678722397181446424348373
54 28188907998134528094004460527568548315922551934455
55 230640219183233245582847881716923681901503621277785
56 1887086605426864348870710552024205898552104272693191
57 15440047139186752444632341472301194636168781132791310
58 126329684591441090676260096306539854142051444212068032
59 1033623088395154989086779516692722624834962931175632829
60 8457051818966715950605799982304835091462614599520441587
61 69195170146340057562665860607626458844129007272094241279
62 566151381601200302835949920920332414662121626152661068624
63 4632221963051298176763671597373920451469401725885966109847
64 37900605760756709679566817437950816975809507880046978369469
65 310100838968885369111717502751201800304330830079081693404946
66 2537229376654866127530428823089581716593167975721175313264481
67 20759482403097800586950898647261180873013124371748722612912686
68 169853034814183167639067579408890372238761870948549058156982808
69 1389728938101222410689493162681528415658612936299133309021496002
70 11370691866111295655929167206935261675620612377028258686501718666
71 93034425613027286863288493644999688163472142045439293996371681346
72 761202963818067205544068847379781622838193746080524880196973999035
73 6228124141224065035210860986731115369809903180445363893949983901803
74 50958196646970708205715819738242681386581428276008399966586799206568
75 416937387025329628585817320384187495207613315758939276830727951312146
76 3411360608065071981123565954250283966818801938065628655547672791521386
77 27911579916797213720839354679491575832467396376585521917553864348595339
78 228371134851568583815659065404288701494878005678196260270166659894341856
79 1868521072216602660416477802615986391431214927273428043922029574417168354
80 15288144885677970864130377531057448010202338361455277291920219248930615945
81 125086828037862961326383040932350148060674533747485219206828086873384230630
82 1023454098949038538208437568621118601292854226530982091391522874307549187011
83 8373849661760786045219643848466406173618899652481716199388197510595202181375
84 68514414305221152435950810781621461040493928875605506425487018555688547461317
85 560581471748136072890139340959399500073784666206378042955882371809249434915027
86 4586649242411442276500263495567082902314517043111519569171605599229485726516737
87 37527732065974059430036838180811704983595013117145709042439426606469307543876398
88 307050005261597959723233877830553583500904889917499072074146259407374416262576412
89 2512267609601423346618711844578781265335803506739322644035454895461424433924483609
90 20555246487865190311725108888574709933964802162688720713749369115705139555220083203
91 168181986887904690573108670682512852787254946449077737987356999548533326884053473227
92 1376056508505579299085698251477660999163097885162540995138146284557565053061899769066
93 11258824738838570606094492256938222857318376465741983887984936543270300524256437960821
94 92119134436963020556852650898837392863430675155181080737034465587086624013859448287937
95 753714097719461612835440602462112495036241046114799085155715103670078911819081508550244
96 6166850617661868770825155909758283691942565709697285223868186466329952696260311492492667
97 50456859776970310071246590763718228534297173790204080975166141438375449914128210720999176
98 412835474117274448125030721016030492286787600310242553879751738071036987123167542942803604
99 3377798964164322480482485940139220184662602630430622537589004191002185206163050381614677906
100 27636980244261805609055108350874128572696653890755250982042382349270064012607509777422532172
101 226124374222692790889462358546511029398804851780094929511200335464154429178895043942430684148
102 1850138190413218698330086211295665229641772361420894129022092681579870065136834640541168077091
103 15137737076740053560107497249662716638483609924648861731966625444492032572429476646164535839045
104 123856198954160718608120463321255745482250660320260698801601963415117918561775019247265846464450
105 1013385154042867285093839313612170922348649185640891616140331441231516207307453532192533351433762
106 8291466063919503154378474545903126060014893261490580326305822925411082584049426878728659188356412
107 67840355875413432879605580456736737581799721549952954113224187189746816239566680733979581991225711
108 555066359775602522934412980402878019681514882392512700993773041459749575182814703905999722326514362
109 4541524875257901243540878500211723774439350837026023813732932545339787402113955802221356410991506664
110 37158526776734542354374473809808157386683436491666872947150614295913564783606174655811454486968784815
111 304029186262882347958708637804815767557782707157904445824081608049975095886068535127328465941398321048
112 2487551421375091512824313428037991947447731712506775402320140977629627856219716591021838559557850807903
113 20353019886172337536290814912817195844530759679624723261513269780815782340374155788337076451158361033609
114 166527379063358716821857804657961457863200024775555965938508940870534437026711179339937024983072511431681
115 1362518590990618069363534822010789022231268489064274955238261531870809109541078768365052824397281713972097
116 11148058182605110896938475804215529757303509074941511778450781145299324308739993843116111467503463427258671
117 91212848077464889952057937709780638395039865337248991120266687967697237522707795632766204504442830779819704
118 746298908574452654315783916092916742349909215356297599747141877743613430920752341126039757140825115721434346
119 6106179915206733665395272020665886538488985237054486349308671269213988845041748354214940369531531453559689593
120 49960455158771580380020582847499169023558435584398809813912807306750341670579707573761874250161067166261641167
121 408773916643941286294777283684729450088837601860434208950583045706220107167359582006594171004280712623682934807
122 3344567506388914798378322839926934178469920872482385811361827638274391380629082092943323665056550212075556596756
123 27365082137900054853859656760260510026992615541452631019195825722330582481500269046861482926233612133584690205407
124 223899717671579484400442666264836827971917641981453535620292183670022740998589778255500226276367372002660940717657
125 1831936163055857281091909452270554836297952920295402036950783484323340419207177677360223281283706131265256005184904
126 14988809009730190453389716489114304797747445861970811123620559571859916439554653002043990459550660730299532287091285
127 122637677044054687059819648605783045176610782292636489673527175368047002228812672815005622628780992157947340902522532
128 1003415269418566631319092235210335494031397044513262826125773376319094553231307827211645350379475066496811528100822436
129 8209892972293093854062114289857286610062157745746658401740506430807488310830419274248590649779068640128304847142976438
130 67172928966452856056711004162817057332487194609684412241121768948482589189413508946673592888341061395468625403420596234
131 549605506571156207818106806510902871883957936346627090880762265787942705601735612647234592793071628885740978559936790700
132 4496844450599936138066858571778478950094568481328362202739731864565642210626264558865990561914482270429935377219503703657
133 36792953802535081440246646159491001669984311742798094061151859034269596810727929357945728128175822466804193811975405161457
134 301038086682068151477157517920013627247349139627504093111275097266907632404960430413542470207164710002610889766832650652346
135 2463078395922544110125900927577303135655104824685841417294304038734201837528591819026036781950953427801525700264806490260106
136 20152782829993151185688426274918775431023145612265647766814809534947640627419381920419739744637706453411919376330386137837656
137 164889049599555820078858675430089410643122508958805517058776450498210595578531814972902779888392537290586498131912588014859257
138 1349113862199745601100728057845127046701210402417934050183996643231974177042981241350667049068535102488888337413716248727234438
139 11038381369774219318705332912816426846490613271750361366066618100455296658637349995206848981130908693634507400659466939460145100
140 90315477943357201185838549192725758918410122046137832761947729834491688277633224635810278179006592724641156867675196643916471479
141 738956671534522569556505682730994086869304682856392074645820490140808670521752113524925880230086203008760530361803095912232955810
142 6046106103184756991987187538907556713651220144983933755395094716296302316210333679851997359481491299407964707324992341680474467319
143 49468934267900675741494594378950813608007631527414907018111471914033159963578524619744387895711413153824195926304057442965472930189
144 404752317580539976292497252870841923362636093339612278656889911074281995237439310729468445817451472130728467594851150735793561777273
145 3311662986302101001602834512453266902168778966160589401488577811790500894991008777071959866573720432577592551905762723717221377619633
146 27095859019166826050714307356415541462322760602339759391108064269089797522923727323971502458266335304710676978394945412134685846304793
147 221696947733916956820443533494459914216542870716224092344477734923452150306961619186289162400045534306712574255986471250903978926478218
148 1813913210862521387942925418023607729620871178467464654172246500125210631860975195696938582746541442962070422006554655633986028593920936
149 14841346126653094574848797227396434203035977683285217671985514820587213051851340168350024117654301423411743011424810412111186554880622551
150 121431143194763907687331011720694242936766658730354051374741365493048230822464475774999326664386810105954121865899015592336383660267042939
151 993543470501388604209840229615671961646923664222818561624147234279200697215942839535545313518669614801229495155938841329024361168343854873
152 8129122412960273299286863141271338753558040556779559861181680392303793367053977768603740685739547182815077914921364698013433749110611222896
153 66512068336118864569178862793818475763439896818224940074418757321720840045726373379216712166170201278115242753066397200746639132567748355885
154 544198378326249086058173361338478201837241228541093103957743141918325357864363330044995669238450365118680059127573268212930356465986815051147
155 4452603600843011892640726886252146999025133508065568169640951076522854369386030692364983760929527173395727197302077973050770651985829866580790
156 36430977407938144374981426299437165255720794214412170659311280991575053932292047616933032418447676075486384673926732566736867383230198908428125
157 298076414133613312148075925335864093267225499624262369181302155973714419538495312804069916573888089060262165948605503888041282776028839502904814
158 2438846140960067602744784318865520633007883507064091158605934100140653024427491138863931736562558465119280785773443018037648672983632363672327444
159 19954515745783311100901225516057813416819423421436161968059049078205127538612346391733514050030903257348179108157776649294812440677690330665691178
160 163266838346746584972623953003026600080541604073427191615958119203942664335009334058532078460952476185680265916590816591033696301770231390797081020
161 1335841011795814043605179297263269324428622262668955410287871801250204677265550621723085717978199825252364921957936821524820865531162811806088954310
162 10929783579233641213773453783215578107656474283693909506763006214267206199823775682918520927875734473416015965116328703354295302542535091378140904299
163 89426936315041860358272621341972783311255744173068630892136240194573617895451831846909339458318170582684031512743483070301953166508731455517870864903
164 731686668882357428515027156561938679480475528917856245851977695995085335985496834855663609348368551149257893614363921012120443531990556140386451694080
165 5986623309269185001179163048031493488763168606910959641270662847867454841168228789395197939542364058204531502698409927170894033779546494985052069361174
166 48982249057277173956920450807036436050936037229922566168584945403627413527452316117062667359358925711644945115532117910800568632031204901254397573053526
167 400770283808289172501458353477424652130933899053337195173453918907706904466347613236646513290226773895503100279242223981250616464916357415139261613107625
168 3279082187425899729585496622210599221831048832735635582133336148823874630931300868343609950046372940379066292952947829621110365122061790838341997811822792
169 26829284571001995120341498978902793637815715774255099885331548124140263490317936651840680831177771371498033078653930987849236536308836229677323391765112602
170 219515849084850634937386022281392968571365383706997661790596209933086488291977276120794073735699741923160648830865124631968162414890294381984097046229390033
171 1796067572056144037430606721524038911944767319637866661561333933526768175965045661599754154282125315088821809158363122541025798015026396427679859648173114916
172 14695334012737930974568983414180925764656340916296275408195961154664059147731213479132282544939579871419029015598458802446087674082844855817751137065322737127
173 120236479465362642290999853038494766501162673143533577095912625173852963545962546357824722491092432824465505732066417842379045228256449787795899703410833697483
174 983768792304645364281162790979812325978255785980307409699893614973228016486573162417897098319899040302297803860496824313865909778889407298172255586771320976525
175 8049146490448779601445210697187483869076612644404439499374000591243237849163080469063139152833231319664235340180622109382841991248301979319898058329207809504157
176 65857709384056838165776138702890198820811586295726402870630977031830954693924196779344270669805402970780990631869706069952954031335671371378890493589364351115099
177 538844446484047742350026013155434751256113928500438382580055701962128643509221418348564041940270021231630944232386197985945835360607340402490796914535871968546298
178 4408798001361856830579625689908436509537108681997973662205745987677833193886286475577788202742875589361498724186308354519536802140065798752627981435007380686695018
179 36072562209078538123525366684640041333130727212557127289688040175779449439766786235132766716091514191729570475498053682508850639513329019138296658923890614855268717
180 295143879108522866007149987285816463110673577411671026994215966096870934162601671606491219450382968554755035448793610013549726887932350475430234289716607193655867095
181 2414852287739711256827350437686801167123225103319618379783579696592187300438461250913710801009849064486691332910528971684624017041714850435920826840767093293503251359
182 19758199252566917710181024084637920128618238639013502081607414674125833473718057373025903534020968124982243072014677585708059384660718585196370945076656560280862088896
183 161660586730766671472501380293006103797632001322920886417094553468336503027519106852536498052877990527041831328716936554703275312022620286166103823275117485741320689369
184 1322698742333032924856206767984796880178920725494247660299350014271849703313649672028014664094108436242106468911961491753291429219302055426619542155420003013451661598887
185 10822254195347555831891109601741980796404540003822828702964836059591449964707807729808747423688423780403699884237485209556862241789186075270189699801414830963254635785596
186 88547136335923619819158639248230492575526025643261611712551194108066601668876747541398482657231925195716769118420084967011364246532048031199627787232499289135499006453049
187 724488189961688930442455772105959043112822694009243022370756530695400278570581363621941077628302468005490629631065020041314818111977688510586296485788540849521414177768858
188 5927725718906382068979540800534019993938174842388928905321680838621154927369445778109829702388880149234781452057448942109913858462645405765750148353346390557622899639344422
189 48500351952517382627435163497660169827969968411339139492715845524347831440225396964393004256764233468207225611813367980563117213193437410283433202078293812804964434254761052
190 396827426075988259124542629203375001009294667304554339704972141358616131052086902546142145111033535458573951391245228716283554202600901449667574643135872761676091148868061350
191 3246821924926679494885907232648862521648400458454448329158033317093118231619653528042567454218493833577363394539068192527821975149010096257137080959654424473702951374446396944
192 26565332735257907779478631945097334219782061482891382013973174157233591429493909415164111238919712383324412933748338563465756886134439384002287246201228373461709046082934493247
193 217356208517934675206086420826673687161424854060008227405145795225240417779453333672191938611411958671182334003038167149841640440633014877290298467668470595018579733033800267049
194 1778397502192371305393652307793775678254963021662732781255416475834601271262925963297588342796904782350847698810847906502074653302038844665836680251969547480728155127039684473300
195 14550758395029246087336965296743143793228680233366269358231960322039672158171702665784285862059252708419598626845549025667456064413615777483210633369353251842768163236890868105910
196 119053569075251428818021295512394775946867668740575121490316685820617405809910705721404852903217111102079883329442258172157206945163951280776255931975312924640567822297570925338702
197 974090279335379963371938015884057903713163260955587277772682237968507237173040857581088067302384302036639912358955229317564118053242834685657140191068438290063135077128938288207197
198 7969957386963576743412781555216141187247981582773729591724628990203223712445652894836841376214106671290106112843475377225704381315573419802962720501554199547410909458485207513322518
199 65209788145463289038214716473427357998608297593856526490225087109181312545836446313667607423816492268282317809216977220431075145724203474354584392569463219634534628914928797949929648
200 533543187687765974941779638691088956441300474310059833764173808041875459681735935269676138535915643026759609321761049653952880707610563583765183887938482102734929165560818189599211159
201 4365423370077722509670287745538332392758195439339151921359122144629419813362136094709507128042872946324931579734668901209152969632282064658223934220662124076002735364306717259686800824
202 35717673170204570355853685717362272299407847635961147973244838133115361580149155502481686286369439792704879906773051283554593491473619053637957708320510355620797771851508425184726237521
203 292240194946048901035595517271565419028768939296922184934976121425704885212095601137684203357261944874511469065384609125665639955671253145425353991368263298447871555759474285750713548707
204 2391094490817737626675321886718039893068014821180876562344226928971766107884431271589685047553091806391824862904252704594705701769662565763165564284536526464669067300398819170457189768915
205 19563814160041965621315079663340298989663838998996586061535772994472152148738902321180792937949186428295060112928164079374362865780279164064661802092498960501076537365977640521066542171457
206 160070137737535895663392033477542392736653721408343779062116983276335910044013834964982989918409673379116218515956759807263380860415164070657823003303966673220587971444127338458577979819499
207 1309685769130141414584152356997217881791292244361613499748726134307322567514845904296553718821460609319938317207423637270251889186092378206549525411872446406113836705074607146695393467693250
208 10715782706918878202821936546499145566040905403608292833184994605127312451253651281578410025655269371963476788568132099588191566713388734946457950223096478046873790395420169757196946125230548
209 87675992003919684586436652776028832705182368254278512791040316451528649703142499761025088071546623213885990230617863880606904425376972759107957758541641252782824198170618650746053852403955403
210 717360531107826433122290024095965434364620799982308029838901982779179739637744683174789353650925857636216121530963133158513827966868045891870890964724679990211619588573974653953686085399904191
