1 32
2 2048
3 102544
4 5289488
5 272151040
6 14004742144
7 720677122368
8 37085631944448
9 1908405940870656
10 98205502293666304
11 5053600235887926528
12 260055442333825587456
13 13382307648283890182400
14 688646068647065495513344
15 35437341624991790475134208
16 1823585784659453782490632448
17 93840704791094785743100964096
18 4828990196002155747059499264256
19 248497135278313244873728541218048
20 12787523630230361775876715322659072
21 658038815661029541559575886889917696
22 33862309500871658298164070810630027520
23 1742535512256910749751888418207784510720
24 89669903093830408662845142236247579844864
25 4614363072832145999117381009012610092395776
26 237452543532211198273658216807880789378271488
27 12219175114738027377599369804511808038724891904
28 628791918855057214230498381379856367468192067840
29 32357280545111622933046292284346600189125732252928
30 1665087563754777764860956877989180961682862183749888
31 85684474970183460927643955761702708546635314859459840
32 4409275170105857760151909756838185775864021751998087424
33 226898834736133691175355338748786917265801047870087236864
34 11676087161368816203698230541669990026015151983478474418432
35 600844916451089008379775232852151860720418042073771297314048
36 30919143428421744187384658134026807810387597918226526701097216
37 1591081831887541515665073266947543564485666403830186196651629824
38 81876181389797203726957366464007835123613344134125284576121731328
39 4213302511928120349351275756554151499718963828001205727010372347136
40 216814191327588217761522665015879078402108088097646662857115822366976
41 11157137050556506788739387533604083462031385379293932370739410581564672
42 574140033928033968324178485018730790920004607489832371044497743677442304
43 29544925106252239221561814987724142623452973842767257865607341618774422784
44 1520365325445096114348899812617627088872638125080657410294491428655311237376
45 78237149510547097225224533988853310264266728783672999858457362048825747700992
46 4026039966245431932436289824087393309417442950286132059633992136823690328103168
47 207177765437637712745745394440755983307349618481328856711635427165671807097177344
48 10661251962623020800112221302751508063241650202782439686197238186486285791144624384
49 548622064585142654631032315491807700854288479615564042661451611497294646425635081472
50 28231784672652261353925253321462050922956305455380797893440662845989219169336858798336
51 1452791852995749493377878429958905775845354566981608408657903035700841985406893025318144
52 74759856403103570719235849797237574316252807260376743513357223131061126777816659505729792
53 3847100407321060388932089230936806364184066390864567244169624883229962886857300138407861504
54 197969635792337557112063059279204628791683461949993700262908744387568113680680522603004459264
55 10187406759950470616290641359991743058627028902759562870451018382161959069614179501677395813632
56 524238255413820846837885863045684254527318726955283081964263940150315415326376444171354817356032
57 26977007487297249823786106014495951507454139268493958889655409487716266365702828073652077914156288
58 1388221720666334791931147948944604481749740318939492293293490436364125394947947179876872536063838464
59 71437113498865545721886646066760270605145497979471085739557107135416645435693708252602824249526809856
60 3676113915434398599521134799312912512945618094992988963106883546265017436371084925450565385790446530816
61 189170766529711902249306702740867948437594603825121603945870307220760522949687069502554857868462898363648
62 9734621867725789120445073833875598776885519026215105642221232048022148348234949299574837384464110741068032
63 500938198041933208542513534009279844808894126000388000483870814780375207410944692798144475331266155807261952
64 25777999563543776653095788027612534032986947351111465497102976373502560281560117455558891113209580475649294592
65 1326521443354650785286560879260635066443958577005868693955741444965684006624048119967310429835680659736098016512
66 68262051729114100692247411689012884204640621745350865333771751394376171829011078330173793916957549015010716068096
67 3512727012150121715595721979931532040669346927792943274136820409795029914895334514825984526889143192214466858325248
68 180762967847132114659445540072751790371540704211260836942987461831454966387520286818975456275166736322988442646515968
69 9301961248876829119847826734752030555785738470337707901264854302911165580261658473238905519294652395178340683400142080
70 478673724525147310752831097783400064493386923720878625176822447747060393769979301589685904452274582629628460052371126528
71 24632282205910380043180096648642019031348186240151622032539413516143214365229436810054839676966466641682052772282626008320
72 1267563468777224110725918633619254152823714290434278317918915723109679761727453171378840118510059577266068411491683812712704
73 65228107324664618336821949624853805247468837862472177489863096434245675897415033822125244019489232996341599259641105677954304
74 3356601929576227013516373395427851757525731869348924659659889253226708255609258296818617883887705999540634355906631932335343872
75 172728858397744113041566854470699540843808882768263224567563768994840062907782167656521620659529327198530252223506591572360869120
76 8888530469013540757956501716535686330406567251898944299594855744848023916690902607109369166150442473911257058615000921815430115584
77 457398807769888640945192420835197429130201781401152497930242871380164147639496084456786653070577189680507386477788223406788509465856
78 23537486885898509255846143824200701782619729297378252895411824205155314617726811572595821784999932775640314592000288834237836834232576
79 1211225913781920358698498493001491625187675089002193366538851208169762367532756988358530655332709649023567860792073321431152579555460352
80 62329008246661197428419359097674381051871145651400566776042481790429589933192927668079987414122870833018801867009967220292230561215234304
81 3207415912100301767543232842734606098873463265293573109536303159051925068161660669027592255554158556375599462725876230584357373289439677696
82 165051829358207158490366513473852983840479850130538963766141674266021339424878132724309939471738479320928759479567768164397290962869145364736
83 8493474847373901762944337513040990491309593653599306930705050387835915192651694833685281645181992245927517061657543860547375725252822181434624
84 437069466382052102137914031198800365528585491643861672674383056727863245173993298979535034440232258756135920703750830971327208529772494414991616
85 22491350345560423737362616754777853523110348170507527624538306687293949273496249825190959730418141914568270057250806364004616304542112442134568192
86 1157392312380286080930481366962046716112434220468188746866351122393948260624944658213872824913863833213615722026138386268084915453594842504380348672
87 59558761220461864334000105182360123296764590679223047515842885918223593676817085355268085400338970272227168682430125739817107870795074026347188069632
88 3064860549160506447818027826591269136315316718756939121036622386101241482398518081935903339536220447331401210007409284495513130265074362430957570711808
89 157716010093461741758805388718672003931036440758822709606158658044852016237360979031697527419166455891967883054823573612952800899514240036799171492670720
90 8115977689952072026507351363139635454601023975608049176580361833150492871419061637479062693998928322651731808451696672179144576172952933007833844397246720
91 417643673744764822481140763785959307229466601811178237368231751334947906531043113698269699651153543977191487075336639035671394711796103879019530756080530688
92 21491709918691707939182690681993096548673331802740042148404509732568592199178178557020276363051445412830579764961052919247972568849868327928236941506460971264
93 1105951374978731833965682154090190313125176447599876323318400252988214813073703911551872141043932401511840074417753828878408497918235424335589490581821034839296
94 56911639345809882212755511333150406062840346685575158925562815572644010631610704683201362782606991983926009311972923786464563731529144261014051142667629981079808
95 2928641137671918264765609803583264623177511278350343138841346421985939339379459296357797505662029630761228126784433073255012819247533258292601718692721722293404928
96 150706235347545731673222740955896364666423664265569261902848399159253741887601126696632993367297888963576352474417076043812017819529968894868298744834703229049340160
97 7755258601156138387013967530583063437576064707375291986343693390463263245613744375031968331864840977240280434457386940404344855251367273385685922285576016660925713664
98 399081271137237765671911106948241904442529857823739767422979533303538012469795812017032971855613066654217488664320350621110644859860881993835053437794604584592178882816
99 20536499059975956188980293838384885286302229664384241110678846689586229470907704072657855622434893636257716576555418588872593248382795784354741874356176333060570535597312
100 1056796758310817613676727233151253858948179511049073969351128976347524750047554669424986833654644808225013718868411891821283752250092419413323716448262185325374937412735232
101 54382170257677805559077033812239336010144456002677741176365849538127055121428055253284423918598715902795851797278523926723111711995213228104464927785383801970153804465921280
102 2798476072790186271373034580235322714801733252786144456875283131624947668960808471007061932445109508111442822565777305751233311876380007847618816750312124587746764500776466688
103 144008013892632731050827596627409104690921723182951251227891437233737697240370329251170429893621430444180656227784427915028826541153151368338662515652387265542523246685513803008
104 7410571870505158822198782420757070059232796126110012018815764780069673347370813654733820005396925939988188750462372841269126053194901225867017642124321884422303149023111658578176
105 381343884715097729546638534210783267951952501842379205195958740010776044871241195695312648320606881159562298192978232631622827380810193997626953368696642146202988001640950391680256
106 19623743072839079128093154004122121917658414223434300058925298513862124126115484330652533516039889242460602346324865951541796592437878168760014112240021534915466655342498310216239360
107 1009826845595024303885292982987241856507950902403235141593795024942213473643936978503708265718094277254322128260240254096721976009918275699626397559886705545321047865199412433488524544
108 51965124813309327285716703224233711231644388396368263083044684869492664143485222665633578809853744016647114976407938117049264692160423508908458271704496086997094429843232470884897730816
109 2674096265753030637582037332958419642617833445174253409352806903388425498904260327932042924988774409865337279039944499629107452290488804760089129519424612535610192757016279508675351739648
110 137607498571481152699700782803705630575309988078615793521993981965570036149758463951874116722753768912542699634479204330104192787713145701597781739352427908390044256951928201822043770345728
111 7081204931030343149165350646553465181583741868758231785102080565493969329584963305012757134807218279826999787421818656109058564254691497927847163756633550462070725899013234173778313042199808
112 364394846180574114812259470742388073095816408856404562261064021324397413939629738892750712319246542266864620886442219108041911246675558876855153286822439762975584885267146362855502089207398656
113 18751555027181473378338269165715985386786469362013949760944692929993490097249752166339302109693982829854726364584925283286976636442311616840922911042751956518758361639497616646147085025267567872
114 964944536463533793488109802181350069614656141184734110217035317026255733555215979970414526821400906742600740557929933047483854996978938762375073049198665208545599285520847701098450320688245729536
115 49655506282071768270750292029184856377710327385826602481110678152657368909054514359503176906657177900872873012600787260444076343409803430099280317072200799814776930770154258549785209577888387945728
116 2555244587596096431167111863093219241815510861586843649035700513654491962748208243783897617651151065486094811142671586982163440051084605411268151827992986636296646490330714080774417580254881417089280
117 131491457671363110258809693166531929909509548477806264658868224512667726781027833528184759711920634137780497758648533976563582500439365974222596797800822621491244746787631058352752599304332409119874304
118 6766476886193440477586199654645449994574835284749879448548701148852773868586457693098940454172792203860756384704821512771950957358654597442706762383833796912769378759419370850096305849889000391633107200
119 348199116978542840792762907790350322262888540987072816690436126970436707616746152989020940440493310410313325778445382262385311531421358238497582187266132210982638705710183603582737881778226914711191987456
120 17918131858548828454198531645705414928323601435553653348002718055729102648667166381001400466179890453679209251680587168471589473421777780807087543504265150534712321302813499947331840974514681000774504014080
121 922057046227739911881705911273622737435115158875051818305576591756382042353008468919442204270780423845492277427889194727076883140229702699477578500833034002848111832429316590214422505061676654284337847987456
122 47448540015771514030172314576635336057188338025834766787257648910503997753227497509684582489176128902857422384949639888156423679160282045010353009049282070358306280820265096525726843577881590046759189781842176
123 2441675337593161999072152807478105080882234312573443510723697196720349005596680255276138232470385667311976399500367313409280350456257365889365162266105829473194387831436021160678685648014576265967343021391246592
124 125647247570294771754928343167850867664935095299302139607815019552351184463589335154325759556480235330710851189586763402408466127905604073702643839115106440710804564742957552567760113878083866590962584809443389696
125 6465737102277048506377526663538462377398980794479728355856569656132174988866494514476445458605495972455180309879041426873638300007908683221561102726330547659726206086728179532581078814480771251220323014988794313984
126 332723215861718749557082005789803455841618435865516940223862208394575004606688738646929513715925968078615969603704613518788549568938082712166154041369518162234079068857061111775437433643089530536274683336045666801920
127 17121750640677430973254464814136252686208438993722879792107436847221347828525170355092791077463870050222057458918817880877175288744862836982559132396742460388268299278911715584199262057083553703302092026647638974743808
128 881075714065514050201041508109524678772329029823288511675262095429147083872842987449799845839577717209003586554234904995731471524530191407909047939262788000334242458729312229140583199799843611990380330666911491128819968
129 45339663578077958779067565559713326942055684268893210386126992112658693158929081482062901242891876141921327198407379351380135955057768059611524433318683091666388955772550892215189302813401935620395822864703358014365732096
130 2333153735321814421017096968716644528124606046878274229214064722132242391384428310327556773628820112964694398906775058349501354289774200297038912951804059700662118153288782287855659200498984747914169746207587975410714126592
131 120062786599020038136610715154707756296698658994309534300120317252773314088223333006414343350546645475647957767802841110645878227473210432862585355081616967076205001714813679805859020896802732497754864281492670314746932172032
132 6178363863336909115561451152465216957622833466513126474409794992291200833931800678488662313317921348948376867439575771942988458075077125181810684393771853026502596472603756661642807594318215952575553527695595678966125070225664
133 317935149675252842251010532687841524925858159869274795975915908527726949330713734030027833328391823446678212600809352147548919863130876633078029011726346536731146887027787935960024464877328085780174331835262306205970587212963072
134 16360765023708241349562158540736571930097952090984894311767833212526571084007003245839885267889240876126528957402392384335221321490825859322853067323054012625006203968769605443434427707508526649372696197182289408788926279198423296
135 841915819733693178157390912912530031404289181861053562906287117116663325574568270788967176523157818669325750022456784382099057504986661723402644056948846968314248840896607175640032890678655971486499084610985688587229436592183960832
136 43324517312650626954356097663518702339522345770057177125205012267500038324001737039185900449908530144415268138858113943034617244289515138947460873575864253570958993566161446939289749333891670706871987315809914304070124102129372111104
137 2229455435304545167301187533101047324455484340090048911131308222940356569660584823180570388768310119947727286093518864466569189513461390244987769459799635619443078163938211792696172357881655354993763659884180782310637310990192880856320
138 114726530064712722104848042665977917458314729740757739982238553402370801189774825718470764704699082310049343250777662621215757263169787295740809830476236816180408549025011004393042089937054174037023155837506670726895947461473339909130496
139 5903763085935588389710033234947802424963118312633131995097409665006818593504012819125877946089650262913081262949953606666470132918350659781550898552766086418043095754019172383110147876239083254107150362806402707217976474571241426927465728
140 303804347217646130550487346460329820933287730282805408521257816479230500263265762277811573953993374459451058572752738114846227185852027708786107661600600615523136234706391030951933377038895752686918374024788942807627809044186040795666559232
141 15633601830706503328994346108105543110005256838194144336301837017730359562418644805613194863412008193444829110791417937822581890498951276350720462660125739951502787720510555229762732099960209023102568342724797551901034821012405378871793384704
142 804496408426882061825000772191493040859587505701059772533889281953224715736261293749297450992679290143641710547135614863055742054240717617679914405682182639531800341971170022746279967254529677293585131921224552282353310885315262472850230663424
143 41398935330471068375042715701444883020974982361526688073382500477432161644407742150236405232297020642073637034378347321684583816356196610031330553154502388448695740046530614848178427286736711600330540288388917729261548492243773473273448713061632
144 2130366063221889002864081311066446105195562351649596800195463838209474562082420471498660356989716451187137796278981344767960544126826434270141370556983919542898757810710328533348329229023626848442451091475224238441629830560829727308199518414061824
145 109627446384764010039332061317804285310626824016511995702578105775604631263191837394231377346242491668236121361139571991864807893339394611641180051330958573785856887134860257971276824390483321909785816557100085874148344218061823156602450795999317248
146 5641367091000524587351944135601336960259146111108909338685785645401347652704823743499827592963618160978005584557659623281136630222330635990623850773334915381531624661653037851141185872649653337347785279386784964499935356646674030311927826756777142528
147 290301596041251520600023871552036266293047707061199815787975228954479682385738159715957833184352767205827475699359712644184441867294070669992102898162436927136898457592114895944591507204122030630711720708280626957048816062384124064825955948056442197248
148 14938757805450909958082500320634624257535891581037364100359645601525669074999267711534351810088877364539152117453174746736584258725579576594938795896147541900082954675630938985360316443750377115637473303002633830403728991087785361213305646203842578206976
149 768740123420502270677051068940210742579560429698456121153010315836570782592779838406791269590747264171285233906285841915124889291186009188425345802361103395922526860475097702178280767423021454277773676228736793540121191873931915608763797504576381896170752
150 39558936897747740489764337185226258610236605679481848908507099211791411394534840083460707615646753299112507152825311859271935918418385102841162756321454469453077597531831363614321039532905413034402958028449246842801638804033450664345814842208911877845678336
151 2035680772738824819995908938550809427562071053290181737975234695095842164847626929408080722692615073546543776772254555179041708665367537428356934364987342242928725671795988191951926824341098542723704879385621950948782434088308481163611288492851464102365308160
152 104754994281316856534248936468515713796551757719816119321109139363610615338587290373914460156402211532960141058375869068226726607832924897126389312102455891042817174523911431477392192237888085644010652430931877600633829724224622624471531195491354132159350989056
153 5390633430267520128664879063144566259843089715253170218332303998727612530942290185157732731134752745800916914758605823804737848831066493992600307220265428288836214110368196254892709608175290642842123767127413468556077530795465128522851633293375665659028583116032
154 277398982061712123798391892616253478125838301060583197649966146690754638253491672382583142394240823215371034343609487592470430581913983533369932999324791981004127728521600236635216724781569958295097737743811465797199617671233490275435903360676052792038721485736192
155 14274796504769067416192565679432863794125468415991728754946436707634221212744372511961816388393249809400100333928959052776561698971714447693026771416491753152713313037127295990084877449441960119584669243052535968305263260806447833541579742072278585264568770827973888
156 734573046152112847268856720140950539166958406939082153862141099311757568398641494726015991540471288772551184812743452599559284545777282424673562533950456726535329842113014926790302074079628040966740356124211135277546226427767518573380522095890784607766554883362648320
157 37800718206590191154279900517227249991815451874107393825976133962763505693419469622375797123823658871393771629050079439892723775187835106349590373609026518374714856990718039307240729377791580265981988261105243002496495888151378929700554754486912394493716582815415188736
158 1945203822028270644674025276388072916167507104084233841232676221582511834794142875806271652633948560042741451000139544719943247305437104025635926661570373706504390781251621603274986511771044308710848175982797158253815814819145066776601380843862478981213051214856664717568
159 100099100989401831160173794455988970493787093140707578919325003915107178624382156354565472625293386533990293968868722732671009622134480503422619933077922028287347478245850649880766007561789657806265327762384782539642978580260661298261943561202219813892293911566034194384128
160 5151043764883597543080146824568393816868487734838607099133774453853631201127647618879124331165082562413016804768702066653706375613179832531039491148816085368427602877768008772216949192021575630636744334959265814024927568379987645528750812801468271651464388216897729744109824
161 265069831851491271209564754780081454802041652749123799451151200520374360093594395707140646405797729853827911188539812614153335933475900291570246104813228016257305921644025212068870353343150045765635901713718081515217058240505821204424732131688900413098979298244932828273839360
162 13640345328994817062975704477355855803253846291905575247733791087548176551684169029784075387757709585319100176912656800245947725242007054422478820440309812426004261585679531896968967692232761190696506465293542120038060546447575183739164078394613738042847254601671964835939625216
163 701924543410404567608531885200057139499670347688468431887755377636125000978284619661046479682356474430770226106083106272565690030997175418723385340088285817789254959161647057629942941141374121730453097701922695781102857800785105750035155013158705515762109678181970768411437536512
164 36120644511440150015110688695625677015866005780351568825338767169342549074050594303882070259981908631456193869756310551427975247465733774255252526636161209335528722321794720743694706032391010949272300478228789306659589792020845015126193338565555700892027153741453333504848875884800
165 1858748169116224640882158450951245789767953282673790361640085171538347344997625876998261316439545485161225757948385747275751314515039252129908451282073530994131386200748349757597432962473662658606259404495581139888352170265084133003477917772892466265916347657123855657550759537433856
166 95650141433624343854414896994793279313606500292338160860654955202243077058328718440779016989092159125748050680725848686251188555524613960679889349468049721596317525938898438043884244451903250145199862853724140691156243560937804952601969904225592975084132916353160843517799767366973696
167 4922102793850967779941474580333581154750275063955692925322085917691714837385213092235441893336524454635308036271399574560263340228221648165493792677147157249231992014734547738876637025421997066047895757919860934266996404024620888944926100279730061264792334400829699042730085777785513216
168 253288657498198300712470093931816737934118019555269308777360241119313304522507098068922088334613460291643567272228620382604053471896791901603703519452731256718638840866845040901732601064271333298807027316698908539523445726351972982601148919458887353035906210466089425293721981739248165120
169 13034092684408513803926647385155370437798759953590603250904330604965352303393532749650023036104424935383371245251710265885815687890868903559563084385570198472926052909387961163750427678469651824608435544014245953378133281438878055991186248844240813331192649369656826786238327954434005249280
170 670727121315963333253150073843800412538425160603730589070278332710043815025245054699460897401893854474735235633327750708009384116513490434313847379332102930739423674042875774763239535282279276191690752843928732751184437714568057895417855916796991268073204138209126532567014460365501579217152
171 34515242615003261684234970549453972603048510961700388378608537111134765788270140606306400502359671710532741352321521521690886193281285899971368306724850677991835901558202964539434221636014051682842880829492230946809275243397584239580692912469825977567004316902176251798408424627514980531057920
172 1776135085212013712561582069620089271873871767889454370030181544014943571473259780908932523401622408858521324648359043824598086338450981300664176642473181341927160341459936932017809292986879594272885554810623799117531151475184905733216622155426839015934287980223963132753811545462052241992069376
173 91398918330355450621751354798792375545398832140024035336577079075954026191621335042594438730710091270089515771813742167113610704039106286172407749132143502742833754132806079402650516262938228227855157177315711196754473090682719248627217449591634757847159768478369026342931293157313212206377598208
174 4703337230096895251643416077788211726929430821155979843129941720112651682912846890234331698540799130063010085758968126951623873387311003562967882348971724935659768817806974213949338549886280774797179158036666661919497497564020813617222867601561310266343753350452261599348901630825844045993711982848
175 242031103913716359213826666456040375484073105292977631988636719482414250560319810258859935523801355767807378985240840443821657435841176355147967956767236363680546259752876259174441646787235574256239983749799044197869760790058294573423673244302545082144024194149580973780794338017419017298535084786944
176 12454785271794205745509712278483338388297448033014450589017023868430319685323498825220161675909292560170530268960266820865477366897968492445601024342978040123164510316344726398948532859641177949193250451464660790993567243004146184696062518217475799929437450694700239825342820849097118318007661495894272
177 640916285791938783461264112281519861679429946554991382331756857017279337586791043380208071165589043259323126755116602782094539447135005244965875471682414438145144529279731667380470156845015104196938247955876298374166918181898949526426352547332272330616694138277403071520240496871628132984273058032209152
178 32981193688147712602430874788009869138153722336284062579966809051476732996409428214638150784214080014564865568058442640511713289714087303811201759060765519315089102956659357295085411686835842368967219850127902642045014665578541097236917663812612883172482954627763457759551048995263931593270957482531252480
179 1697193785224291711790941177377441215296437569488540094804255069596627700725144085393319913895336422195122075506972475616566520341747744147112651119967129230046691580776297502472840679041934306640154582764041583899386774005591391649773825508922875607465624614802844665186511465040750266166943792450029540608
180 87336643174291724281894299863926154979646811572198158957232699762698975941357787585268782816928935165485555639060454523526944431436455624764766035071233147377948032087035012600318096160050490226003040615909250007432060776960512876250262608275765464186588298723631448590630525714045683331140554835799825338624
181 4494294822052700454810296904216873044265197394699272615257400671829233285997915739640528891065387088941151173941678717324393461801250941082518723915031449747961302589594339544540049248720701098381406411670107499730949829499645223733302032735395523325844049199461754509666256451246616356239116616686951112875264
182 231273898485204977456742233281647074557601615473024162305416725094688847270642067955118745649299194520586651767925096924266960295800908780934738193270321772646198271929704672086556512028622614092956620135670626617850378323233665243732861580168947324531683097287284331183617638531846627053766284888083112068020480
183 11901225495508380150913135338406681921688414275182702413539795297092449335367317755186451145381641795497086743150515389773896709908249687386002994443838556407296287901761277720943045819075829791334460913688460875095683890204038131043532396038243315243475560093183971947080338421584043320275403728418185263695897856
184 612430409236170723184669641631983474253728287722801040727874991114786448703331150115682926197873446714963294809836473957814474065140337791543885430029590866303531638276541633547537877757965630792701080090345511609157041139931917036651743123876672868391232034331008208453789660297117296343601251084126869357901701376
185 31515326408926409460285241421089022154441254420237317970552174078233094863326173327414419545460606836830822645049786437786143293081484110423668766260590434742412887429288509738075354725550123340842874883845355010913851673350578373811724418175177320832550225938573829518160661335268083302727085013457079231723355827456
186 1621761074698957167029169299248240188783866775125419115960753067207241102171193618390779960291007536964075052377346644765774808905999271832889113304424359376255572013873968583873358731276332949456510743881399585729686754434585823298067510546879247010383261749456771351515817409456407154723041110978996920890066577885440
187 83454918070077921137536237222291135891002452076230415149320975078852598371513224313387339164101718727301696746690261521332323265100602653337273825458033252371404865820693585281737160153963495761610208861332141538679589288188716205179602856062080872608674582308533719382642399256122692678550658902588381539884814295069952
188 4294543418719221539020778810673274451385046814254112456505358689271753596850837075783500295252441508153480650337104413741700968258732904654044123545181884184092754953211783600322750575408663550938058548523840908271451167272664253410089611035266531702790564882276028469043805080310050513180061639594708971016793648095850752
189 220994802963891506113268995987762199805599896980536410479046007650662168106537040533368850739411725788718034900775833825297290626791509158145093679078110074500863065708654771919054176533020189370119786978480658961868315587908456748629369385164237449583110689875206664816288342138002168642373389781405887305363202246987431168
190 11372268987704072901646789364536594118248129826496947912918310351462537411121641453304138108373429380962140508232977639879847335826324556524478872609939875264345639530684862688338699883489583324912120626613220331055195791483186974558295984915542258284632479255465173444326464298269922843431565443768580339629990439330961791232
191 585210603119146166087187759136123132566606347837051836358568035173164122074187868612830970868847970473084791264070549778494464779642863899822778715543996227062650369745620428200533648071931632553413835030263201512640797360586128914036597701644339100326705212667511922298642464716104638719782164100823335110500552532835289154816
192 30114610406539087544477884818111579710857258034832202225357003847613259264543310053502495215871052763463365644397603821473789322817695988886592931577713763246888780089503290004201464825824515910424454809096255504975069644435578008751807313548066521245680018963356441456351915895191369271322781667625238148046707431468270578106624
193 1549681012449109293220077138773197564017545490560923452836110329278520119831354355159423347325287576494399857926512113254006372661719707563042893815066186835500304228504538126393176147408493882228958280138466238285868222379539600721167625516580852872668504170641245275648105508890131791180582327260688885234621560306974832139865344
194 79745718371433163170040781423757714589418093860544980443435739471260459668666488629055529520124484624147720905940023660908267532266079357273528920522424403489710322708251943802340071899652656055116897646179120728139629031257983347671517101304973217052383266864490012879936058247797695235827248426575633119933024520480452721631865088
195 4103670076285955255935952392412839327102515771526724901672800291605298818800871555711873788241026672278043078302909191895412807884159969483195530907345841366393783114032681294534290543777678625281297361210364531531737735976122117601563021834001318016991591563095780002514926505357720709337985909769145069931255335001068240327664342272
196 211172567492191657380734540809272558587957159481718049859174450465970667298050924653279093128153401035877074308167851869054112314402251241596199234326798115493068259196667885005973118610416707128703377639385537764993448528136596904571051283696081236662670117430011138957437371924460624826354679017957075311127548169188518667683834794240
197 10866822242592198047065929410811777430244903975467581929754825531339560981512516701732664206752187243462019695751501123180644913832409503913644431541770874995918613176211485314322845519131637042749328773380294385292511297263909607855489091225381076378711490695090223366689567122107886393160912300436955764582596307644102346247896185625856
198 559200596244410194197097082925660127407140298495388904540721637330153003929017982799471485905788587384089989505930630900752212710344101680709128690171014520662984426610054451658449511947039715989652715741277663159446756448067587930398628971010836282464802276933189874142351647872678920206188959348365961969024443107635887905768936476555520
199 28776149996681126235414350256945933422017668446256110618702802493061665517293966336951298070624247428502607750702290622963733432203187362579055627940958956098003842106194815942625391074225006611750735105982526858919209811557808380758644886160518717154207640431043881170527487818785006329905974490625446299521961062207053828600414880940090624
200 1480804588179601018316016918043013498996098161218108709799931019020740935933236444554868655762261813326468897404891414321095482004357215581857201573577457339120069719868349767205367833445457202170495964895734914102295563174631285373291889244702420690562683905308728850893665008986036975523919882664599350446478120592704520131480885267938746624
201 76201376091890698228658681090517586084892273653801472381473712969113878898661151343590524842822593170627339839805640920200167270737800688045862374488210948638277845962702398223212050837761544089706390998822152767046144858677973291762337827098360204644489158343480899503662417348093476276643229858964946183426345270146714852357174716541670534400
202 3921280204457001171764395056806779241310357122129436645724784146095174868694280409050492024006255146745792089761953079093200864092460516720466024337767809441152327180218907282113676892461494941114727167340212824113875857689128442446411538859858234850923509485503244836458670933057757181021439112257288005865188496617698400347337003338177506560256
203 201786886674119939808249644660140228095917003437614706377041221084684724753141165558480340607323683467203834337044529997936629201032717708052665398374932961645668382856156736306418660668906149704436880239930957024110225377196936653937892259545790010660169809150763299694466738554646726724339114366091918553463516551279211817075712766057612237911296
204 10383840355849432720934001218443905213460986272334132194857856781413917449992799917450038826050265084161210414957553162432982856135994822536761214517771819360081866266444056823002868792310620750954443799127007282512832001587592154226372911709020368069761124177376603122943803697225161873955877421567572789462675611675957532873368792811983669624353024
205 534346618419759762350637664239501666282226986490113811544155500347393903759710554044190939587264398975236820896197272708621154130337199070304302385689320041263237220771495407089981849572330230902354483316493870265264939079290676684023202266406409434529315809244169852751906283878169775429873962770341180342832986822705376956589358839738839655181614336
206 27497178195328229317025882096056891629744237942258328958299115276932777232871411730741173990595186192897675534558551696116561444523904405385842142729903312440678474638556149894265902677715694079476582603037045758274060804576286385446096057948913583033874792242963762584611489721067397929411232431143124254125362903886449280756044477919301590449572272384
207 1414989414439745921119275606488366668691819930198140383522097967760051244640409714521946693331498649309402318754613812838068143357472422897400875650633970541317993048761291497072226207533104978502827962736337136614705716094045925857955638530397243158902631399463052562116542958321529249592421099559197399772042351837033521089809780808077460662700096062720
208 72814564052856448677194095865314283537515484101487720279438018930950468981703128399833537013575251666201006298709846227418168083866692883728956479266696924308080581112071589255604450821711236014057155649395212186340741750780516170253109475633669054113574569491408033059207504943883101747151898571856682703394967663159426719336336200486570650920643919429888
209 3746996750719018450023871587710187617492755437478236569064886615513657704185161927089101270206548695233518256973586486065745578735699175526457817576630167125924013722637369593721608968645649774622489823985373038792711225057361941941358109724494216357957395901912008484193745484597497123606506300958933659056904685780186954868283449958385959954319133265218816
210 192818357598174844100792379565124516620507823813933350816541845464066268635070599005428523921799159560730854297424502099862684712477331040664841846332313593508313013328171067376123818311655149996123610979645616623992900284253997688381199903960910861544135567304075794040373216714720213791251462067509246065234907836934074029938966214828848244343020101235304704
