1 0
2 34
3 587
4 6531
5 87901
6 1248691
7 17374552
8 240722070
9 3341034465
10 46388257442
11 643972648584
12 8939498283852
13 124098004402538
14 1722731575686989
15 23914973741837431
16 331987784574422416
17 4608656564514739063
18 63977401355736064653
19 888134706729480020895
20 12329091824535469725581
21 171152533719866125083878
22 2375940598031974098276164
23 32982822995853754490769493
24 457867765576379350472404106
25 6356123330667316349511527410
26 88235745846480377561527457540
27 1224889203693759117215154664114
28 17003919975197372802834742216825
29 236048528839199254594572416504551
30 3276827228569917856141610155447124
31 45488937121111305443219847280404517
32 631477724051835926458902150659671617
33 8766177915127001927009651494384383897
34 121692139425891085320668823809802115511
35 1689331079226215625855035707584287348140
36 23451305143481031293430601219366748902720
37 325551172115158317729861068721359532132877
38 4519303510705229675335205723419463138188806
39 62737001034810977400071359866146126974093346
40 870915460649749151602489554690285552503837634
41 12090054148076000018382366359873894356738212678
42 167834211134981526547386725485989317936381434281
43 2329875621920538518615783869878030091566053142377
44 32343348694586835855684181144994808767188890069160
45 448990579126849817562735427011337142856253280070795
46 6232890170039926776879688164640518715696890347656263
47 86525022300756702596213746908210197549332723852837501
48 1201140928189736900527383041731679890347417175759103471
49 16674246258586462706439906867296205985391422305385801662
50 231471996138712767794989810019542357384604217217275611342
51 3213295771546459809328899787949170259982892845757134662519
52 44606993017206275637534107103807482972199815487369758571418
53 619234570205614174995514819841618574748489257706660672273330
54 8596218372976246297411656170233223243619401966164932959507844
55 119332759944842672646280913696662911895256021553465718342442050
56 1656578157765327124877897188975024244439677440320056149223332145
57 22996628872520820203974297637253760237946900232965067241782035643
58 319239353133723393638970657439212912289812020678774558166501758292
59 4431682798125996491558773499688438832511148902833836933722150875403
60 61520649726974956349285383289777512356619029338181404553247931029971
61 854030063800955949978928557719650701839191028160428932396672732480285
62 11855650958056433259628809182103214383035494970498370372372193528092803
63 164580224510718323214856379440462378310029585819890769546382013642102184
64 2284703758218513086869647225531560755604436664150733772927393523118180870
65 31716272585822439711090206266778379248247161023892169509379385641626300557
66 440285504464068851794046962704510095345881743254790280995933422990424704908
67 6112046266364651477079223232940431218643060582485725538546471547855472360530
68 84847466435794828774073443300196252483993006999535943497546907316402530340228
69 1177853086648055840625836198331689302539555669636465621229127152830349538468292
70 16350964289265714278978769011971218407472481953699212408436283352000638684689177
71 226984193716111902623920730314474271646694229581094829084892412909175731650735245
72 3150996068823727188429815286003190694583951405299303496787502713040145935656730616
73 43742148134598561948531153392664058697507051005436402017883828745553414742790456681
74 607228787861811318082975939303059357898539852811656907363594025401723843338638630563
75 8429554023581987855418572642785399861065334239745608942390419997424589320952170627937
76 117019124351294753203449912494766899331034019833090578075379930042612436912990874149637
77 1624460253251332482234849818195465025781062135234140189950390380211671106890853058162122
78 22550767910990487474339418725809957115529548320322753678941602997153340960254561787764726
79 313049908335725013198431097003592468482679222045597291124000832200520939887173801727564819
80 4345760884765427545922192047208285327234861692572078965158265486540961968107746146669888104
81 60327881161056316089913742089119541421322764021590487979251157371210119765206605923776611472
82 837472042730436937274190007930498416296894456214141422753749877650883157979013836164023154646
83 11625792400742262034139055386057936579514157192917431520180803533509232417724883631880518948806
84 161389326507537075808730179013524656152833331905310190597921173680524919563644632134161972119597
85 2240407691168942588120683835251569802257064417627090993673160614621166632502329844507688120847563
86 31101354291942836526441811012430167464076619853615672609304083578994022436055478400865686129255964
87 431749204667415271036513364413546953593339746472085462712253656743705821141036720506214080234072241
88 5993545296490082899713384059351993377016683201697194439231668466377435686008263711747612498237501441
89 83202435193251265142559094261614178586766432961037805452106426452138493773827512927863208985324941181
90 1155016752128525622412922902224850663504899210361876629426830563602539593412124570620738339213064896563
91 16033950143393601971736688697900132218769299401499910464114452047321435640487223896660208129218966907606
92 222583401259814835175201836893564041071445776489119716441303077184783426936572665128789068853466367313004
93 3089904239025021393547416554558881448803575080676736599066306069374108018554296829016447109694668465403483
94 42894070951859885394712952110209715897799583150936698685351511680561936999634263491307945107881427797118812
95 595455774837781592939694150159403853449328069465334836709399953285455545002760134035505074854295063801084628
96 8266120979414494411728287759025610623260529161182988614180945602030977208029105282810342553604253772370576392
97 114750345758139735305459895938896887942474778680022928423155903267491337584350806504264070604830784785407661248
98 1592965053911575812042257592843313382047280800124020874371381754173763130206087582173920173057304206104684396693
99 22113551346781115722183362503175592027903223976564366052939014959225599208047403284682772809429854703280368388049
100 306980465118144013800136641688547363271182196110033737083051170009746159393004046198548853262484456990203992271174
101 4261504834132818947285573067147387380986806263394640291996218413945293698860728797694172617341230689639165031664857
102 59158238112474658698149365856371412539767643920671742993034574345033225956085573077576445789964937050412045021605829
103 821235050243562317702856062585099676800563517877175033859302897440497182035390802979424235753581095811012893618350593
104 11400390364335924087505963375246811181513359857722015166790187134943825990377230536618644325065574609809974986285685961
105 158260293956884986777068986215254850095492487998328221043573340029181852952282967749981471078983662927869056483730050742
106 2196970440737938872768106074391278517631237100103759090408621107420258730981222298171534500970918878197635659071277739084
107 30498358096006004469626714078297144752694788445738460980260615572927839707102819655169855910763287218633582217831067146381
108 423378407512750883144057668781423163878335061831215635629303619171729323583813276467322525419973332645148590788375159397672
109 5877341835379230807531327907089428676316417480453931876462120581567075260015497144914764093200021742546484444917679834019012
110 81589297982463996587292021100997343857447516679777211502910911688493458829876140679464566351256132516180462634393454950395298
111 1132623170767432142100645480244081786925928725201822037016917153238017571175624040068905864134103106754627800573827719628727122
112 15723082299776519422289534105464559350876291648441221954078386634554760559336842304478825416423230660006619312859560477920569469
113 218267931811813329323155217512160932219419648311258347172544611079268783568795915919839566661255844662005287109355985525237115195
114 3029996863788186023028996340857100496456406226715521812571118915754137678544620942939118336077978910969616388372793185400779938344
115 42062436375132893942893623358198888954915255619439071931004269259129247048377106655624295377376667861474757685063277716390946806079
116 583911018178460841343549752342380991220554053771139314246678142425652155597930700211850986072504874238075839577836326526868482958871
117 8105856591601907840578749041250743775495728734181217195907947986348140895172716206900011745010153458260312419566670895930221672760093
118 112525554473326779099863839103274597292647709885323062343074168126384017377302585532960947058504324272182883310639734763335740789976977
119 1562080486675292059085592702870431546009941890421536905059799576035029282365153461210876068437064623449272564527032816640763952407626218
120 21684811581445004669072389854251324195662068061810076440407520754304048636471172248012962998034541348298436179209164036660900590954259636
121 301028696878228024804508542003524676107988180446837821625894696399755613364789327098563113089807617586161966892023226933119358574549187063
122 4178882348313472708605431432055183374738951615564608176336808919549677115590272314890365439211576211956490506223467035031817058904957928084
123 58011272221365896698012502047498042883897515410529951706986737882093988266337008331105845453504863017710240287763460634355591010737892432046
124 805312862205752372753098787022622254555709318844410315725658116480815695586827109708697857081783201947914716763958106121138392340880772495432
125 11179358445360281043429525735326287873755864575685044671330884315633586428940857856773938794965365874751774594620746252729210776095889702972946
126 155191927405124609297837487426444084922187736869211638064669473547604737914773177596753401315022255075980652250813573345978951573844396475991839
127 2154375356102224535747732413142398696829841548955823966211103330612546942969166903697487013365158410099383788285090233169189156484608835098760167
128 29907052851173783515271420194577375541427074027720259264943696867851135545532237714269980240404850254346554785644647651622274101464168527926768246
129 415169904218149338613957488289605163102635069403708627684767997639895021796839529274671453453029763232427856773309461476267478588135323731074491061
130 5763391338700306681746646212156137621297288274754811045919663663419754317447670527173834777804500951548196315017813860760281239921927125405266091111
131 80007436438726405920377862198848060136105065124570208364249334340047879635719177596396449942725489802926725490336305665552105091844654209367584454201
132 1110663758421854474399999084385901928073817421807677412472255472924660961973500429018472678413285841737966851949901816946806207846640790682857911409055
133 15418241593286026514784675364829781028911050009976181139479761665364904025311164065844497800370034472707102721798399710552208442515734091796120657816290
134 214036131121011269970984447436714533013884460397003110792416319513104388361765346590367369081000505281194372711138742792731224472162381162691665591100224
135 2971250978788633677145303113020580014243896054914108048609453320038746827299790889069769777809062531166782947543826071346507019259076613530321217673744497
136 41246925613512752212548050374926948184572744099394251993457271440420895982749223667803202310723055306212726562955396060037825330077276969908515657263696384
137 572590092426413161931079699625376726751318164668596848135262120946256227931977458775573888322223285979442821737042615996463681922265763459657477991948390712
138 7948699425915020480160858815277169573016226076998240336942106187817424214589602628344653364290541574838147840439581080583731429077100178111316732821831162048
139 110343897666482300659699054929607721668591916040213870166240722429391204382433249468194620455109294339564183792107891988978304249557875305169265841893400167592
140 1531794712545630643650991819052370135168047707600572941796676804948116970202281912355760070380609286091591263022407842745666567750132793666521955670274434439819
141 21264384265950073033172768214141577845437003677988221576906396895720418778702819143118874753248475684044863816498862522892280379659605714480980505735358952836677
142 295192322121633652447446514558366279863473091243929932669108933924896928489513678001558001668305927924128943721588447561904731177232845010430641708690509236436220
143 4097861755587920695701653030838293556621485422205667662703784892505563936559938383310735587633071598718318820248237948639355089883526363536228265184908161001976583
144 56886543820712238555778885944921093247478628772863234019398146420213348614173220026291474274030725674184230158166474122860301057715412218341075704438763893701360185
145 789699375156576790373083286794939373359939142295461635408092850649186589856286501393209356412672794496315440397642480098468513684798849555355758243176270770312154549
146 10962611915537529612226830686256242075876528147767180967827005600337038122241313712789546531259481031853921796655883275661320944318595672263882422449660019674963374315
147 152183050653746675015498520601236165293044865161698293804681890919645273288193605886817782919221089593928620825904042031230590292546069516280516023355470686046880202842
148 2112606109266364369619067832082584796050256098951937635660532491850318867064524313574942336021028497673051729345523045383068672401070794940318998875263776298867529122258
149 29327211892106240531293475163749861672212658817857113976251346888515487538925702556629514240082573895343492741816548442876426640823204888082338242027829951351959676806311
150 407120548213872124434711048318934949669288782825019573366434112134878609459688433658643918788522382932996619802790076067155908338489778577881740994033643375682147760382902
151 5651650125751522385367846428704875558661639193891876487540472942816454483908129139954160676862357361971853626395493083059130974251233995088342035155946904431513812728074858
152 78456244186249216712815470680132607167724459454609505326113495561876419188869771297735609086361804214421430201416473277568975593715552964281152505958816138316581923652916662
153 1089130097379101005193517859910539954264159975690301807523791864855125240224038247116175838754437502713635840077435528024166633560660648486605649494366188231554962900331858290
154 15119311169179220149325435072940735967041256718146085911922188924120287429336930848405027560565808311408724094680874827093072835931241828745258997503842331322979883916924292873
155 209886377009099749881642050207305728039069475277334968204994619422476228601021338923201090561680193032938557019900153729899404788154601896877824152675568103161352845443403887581
156 2913644064936419746240873873133769026781006744915047481328064515235745577583619102479847575777809690789758374359917830372250303556460479357454033439370847530974619737595713860294
157 40447226056844861953320465428481262519382825590650881022722009399281688130814588358237958454009421528020571425421420409978405212605434110765340578435861562970339201870880546936705
158 561488657925418062797803069143139283417155489130069197845214127904089928429390625373588751061866239531464072315988940093706447231882491766703012993969564257416598485748786206535383
159 7794589239217660836814709771964817956050055414643081301824787089944080612952982130254702274482407472449715824866815804125012235749000036825543082041210285069261142199082077254673155
160 108204539041994071569733092970282212588875033136205262618288200311029147050845188660199537587180975554115966742600198634251633186209865114097199547073577614536089132851375373145187553
161 1502096122061406783610427167740111046370300840287791155531487623908037276932591767062454870553309920820783362284165058861714178364179469347375285535328606161478297206952757671422663360
162 20852108237679860558735464388855462873058885534762323042721173286723364995858816287175492720776160570598834668517154126669397290853801988560733019484584779092485329952135837331124908698
163 289469103587860094000812923791701700181358186782656898380904348856230647964673155750712140341227320341992382671481929776366156584333920631333473564620068592806591519407842395386334248387
164 4018411998291188311704615937614646127648516647963123129962813382838485037577968939824921553639462746362256153811160493461453026046927556616168887126124105250773683247993131229090281961672
165 55783621767804407363019612994404700573381172914000914945845282123412292035710171902123248412088611990166032285775647710398014053696788168699883385680673484894065182281438366598886281701540
166 774388603970112077160597706655878558261134944246139052879889368735666885103323190416953574898856248822524449010305140750285679064525448784277693922524536479682579722273703480367344245483280
167 10750067689310267811577676955404075974321507020822414798829292786429988565701979313366418757582665669432473848225945563899395890115054078389765138187407120355283639152558896700737728792546646
168 149232510308497321877793015284074312300034804684692549770243713544601505001145438631181428040245853767307608015730337245109735865907879014442765743572932214920897453856059631667271134483101369
169 2071646688803746578425404764634529042599202416296159691423929207406069606483834327489002760075482157673407766235326173376308116308307699248921450597257526888425267743466655569615090876938350893
170 28758612948073929357737290231712834066160091644181591753603765153844861950738413544733429164750388455883338351691522762073662664077012161869860196147945882902241590655948267324782564473245627096
171 399227253936192387506156911552544550368833558508434442101350652784167872209736412781586285500076456822491834047391647796826191229778386550640140852442892694087388007953344672969122484322703449107
172 5542075362716944553370117969865729622813695643011562919336484880416607838263218825827857834445862517720585779011603853015222182779181162047835445853064862350252530139625581062227556691679387160569
173 76935126605718153902493041486817255687935700047777044078604760956558680347299550036210424381394894583889756926793149527643085137379648584618059878659608933849789862238727421432785508860020628009659
174 1068013933129943348569888937427470160119729360309234339974254164761834537114186361758755464632985323430522928265807768239293336443024553753114576544997127497007352475946805092288171233760172943546347
175 14826176438304746273125345392828844520520665468701663578012722335173882512143550534092262523197774972479457181391507289394848365379939761371245147322600112723526470183536102385681306685131465373311430
176 205817078748726634324694171705216203495909515934391451264973765631769947639535345761826394648608703957050354582177862339682958632338191206942989983816065931695937442687321036397624823676370276103864210
177 2857154039743988220720827961272859998696812307818821776654760088018651597957858375257806097498762723844209400252489910673645174287121927023312150318409301962371622282422910144013284701668801970210095349
178 39663031155891852651260560226388668526776051240932045060387884932348901318637684790237498903564573948016578802284915862220050869994715433273534065377642253115624587791596848374588512566106758695790000474
179 550602459156947837595514160265446640542608909280478124496848624252196895443747280515160654740099445645265530759495633395309048755583628386488908083209200449106515421829984788586138823740543290761575232920
180 7643466956373661587953180650812464910998904353341613617359577747804298374270624115343312139624890166851278329342668513000334411164959667635730225163473798084599758024201789902594319824929271481489411141098
181 106106658518433596984133838785692708606123669600250496665803095833803015953125199616758455794252213877995991603720113926845565310255270085118924111513742226243172520103316129354233465519227599171512048616736
182 1472973330846840839900023964744032075641718379808072024008618841194642956834365040400558221447775534251752786105779535424170350076154491066112634614341320912937649419712667348306373117978498873941057598357205
183 20447825458654980364549432739946632001191608719977088192184078972809102274568715744330836011276461537188027556192237959602905515268336522537296972400087738109317269259196459467464992468332057741302804130427551
184 283856847392638933287761388277876517702375516258812530519787850851251561249127146081043605475366134057991744900418477300814697090992806256672648640305935680833023873936368088992035817903295395893896219074661166
185 3940502620907444002500051163548696230312571605122228989331160105890016858934025184888365737521333442409201482283250867584520677028944061081879421632267398251054660381430403620965453480896841234903510399488246445
186 54702083278971487033600699107052085551195395615997542248700183132871276092521469702818754245058298241719383355798640467862061011657847398864258670468658642055937070245929716705604517633037890702598032416462113743
187 759374679560660197175118172460952789248520513009209618948128334894254858131421070350067823380066333733256966370134007651205541211520249009329135394326018299016384253535281125043834473879510288341093310817025774541
188 10541644291992266033340133115705190896178654167265943621030288401346606657683493677181632103320007593382937729481679932820558116148198792565758049024675310208415935840938098564048493228210109280436637354072644789633
189 146339175337246888783851615197107397287536915421382981558626291396346137952897630524118518092191934621231075702648643455534625046637184498105590415790144024983846611258346109005527849714967904415567130173445298064708
190 2031481393718914479475193372520716761940839868677268785493211872873408127440089090436705497039992578450765391175272721685617624006667217272704562551192314576892444506716464600078503827810729778629320927292568593340482
191 28201038057754739156403814849643062749983658148462625519692393554352707325087225959638355199852651188815857373126866648738846064177910034216640910533227267077974758005862123945402439400242413652485543415094140933902991
192 391486995644604223505248618638419708789133523047034650722623427027721424792140856411291344023414683292606410930876934873541055271651902570850790579046097367586015336612283503766527309191464271630662587688496968568076422
193 5434625046246986167864360051784390644624527543085305763967182441109713694790044060359005440982365622756332754691775826586933691228086875399153854819558162577719937527461946601073290036511194932356478827978126254506350280
194 75443500606358219937712442821436320494465778716277987246104430535206452229783465494131988612612816504933291717237068876389060542700032013809599651008525992260602818437229677322983470677395810184509010060716212634870613130
195 1047307171204411130338589229458028638998646553170798824522224278271887348697358246100707111160319938862932774072855351651123912160831052956531567865184171723811643392988844280847410260520396923952068172530460989422553165482
196 14538725033177282271265093356503891394791899547658593384181137198781108403260246912659066474588052266250991032655234460576549311959009972128987366399503724871489084621563023229177878033572218747286570307596948065146262246253
197 201826676453722236962457649111342472186098916819728206317028813681439667576453634353511946223654504455761842280800617785773224989085749903455064680020557208308541546283571920964745177075144546773574737838126373435218577634549
198 2801759248861280516489570423442645341456742026963915888881849893004942936017377094075430338320115427257058080877737992858653182286227650129858347889828351281736773161593822319486971508314105573025751279544280721400148528873106
199 38894040304823906615411205082314159530584463951169240931731632231986641247417174839983430114359286032197731826287530116628145713287296894885664887118653862562290914019318680314587842970449673878838908453608625579520451727204259
200 539927323108897486153916569084156517949254276895897437486457388863310343530828707310395349390466760021557974001412425956437735766261885566151083745148707807362759978103989532600462903038092668082714530419914157730262107368604437
201 7495274647601557620024297089972823857386391352683853226231152685014674270692355435897395548938357803238395440782271737261116789467029504133732501982428015003025044199018199875049570062112579530112152420573186914032685824784732381
202 104049451914193884972864916731228016331937788003233068067857666643301892791399993641955842492134414303449327344562414345201390477993865300387594163307503976059896435830848745612943887889789162712227791472721180522446428079996995623
203 1444415175247579764713728736080202599100924148054070837242588492403726410342764378505066431493687976136642287433735486614229742169845117663099010027145922479279404556241964059156324282558308162876486069019849977850316317429009938792
204 20051380954952340009303658538972851286882383628250404898217221081427370601612464647153758530832822530956926059737243272122771147186748456071725788036551953311490378548456072359052831624890579625742977695850089589689879725744797734480
205 278353402186951369397488328737376911695235771069181071164514329434435669575623619093589838432960124356078536732860814367764392636382863247407330689077410098772882065712829430614270482975934686604845970038409618652682690437370799630291
206 3864103758395470899117669965692466655080185069697827376923198321889449253628467766176055376727431549063141675539310718340408301094052685674120670811473759341459648326597591307969273277914549351974790385344417094713684755832593197774534
207 53641513767515042922614221788645078369319193032631427458686165413457752120248464141772811936928431794169592814470694252559464643496104100221207433315251631102864107709518486120042030006701998627981032502648743038785171564956655285120868
208 744651846632948969332441266048988078608620181388572637445161711206020802609929246157425614480850884900183322554673942218408482409648469726270352545754381669201180157433567066372828216283164230239422441870307207079734304793546686075477190
209 10337261828536734175327061416016392569864036450353435956927903784145222379947541109732830641016223882076660735806477683063778803326669478010673095487565292221198696130662341712162420469420542492598672792213277993583595786945237370229418336
210 143501936636430794664051502987882160896603673067208096378536722480472518219334069626833229770518861990535873616022656392497711855565886623988056067595751045091455584544959142250720717984616436406890982195611018924338368632370457823931795009
